0010111101110011100010111000011011100110100100110001001011111001011110
0001110111010010111011010111011111010000110000111001100101000110011111
1001101111001101111110001101011101010111111001110010111110000010001001
0110101011000001101110011111110101000110010001010100111110100101100001
1111011011001001010101000000111111001101000010000010101010001110001010
1100100110011000011010011101111001010111001110101101011011101011011000
1011100000011000110011011011101010001000101010111000101101010001111111
1110010010101111111111101100011010010111101010000011110111101011101010
0111110101100111001111010001001111110101101111100011110010010001000110
1111100010111101010010011110111011111100011111001111010001000010111110
1000000111011111111000111101110111000010110111010100101000000000010001
1100011001101100010011111111111011100011101110101011011111100100101001
0010111101110111010011001101101000101110000111100101100110011100001100
0010000111111010110110110101001100101010100010111111011011001010100000
1100000110101100101001011010011001011110110000011100000100100001110010
1011100111101000001111010001010001101101100011001101000000111001101000
1111001100100110011101110101100000011000010010011000000100000011001110
0110111101111100101101000110110010011001000100001100000101111000011101
0111010110100011110001011010001010101010001101101001111100100000101001
0011100110000101110010111000111011010111100110101110000101110000000001
1111011111011101000101001101101011100001101000010001011010101100100001
0100101110011011111010101111111100001000100111011011101101000111101000
1000000100110100100101000110111100010011111100010110001001001100000101
1101011011110111101100000011101010101001111101100011101011101000101011
1011011101111010001111000101100101101100100110001101010000010110110111
0111010101111100110011101011010100000001000001000001101010000111111010
0101001001010010011001110100101011111110001011010011011010001011011111
0111011010111101100011011100011101010001000110011001111010001000110100
0001111001111000110111111010001010101101110111010111000101101100000101
1111110101110011010101100101000110000110111101010011111000000011010001
1110111111011110001111110011100111111000111010011111001101011000110001
0111100010100100000001101101011001000110111111100100011010000001011010
1100101111110000011110010010111000011010011000010001111101101111100100
1111110011110011000110001011001100101001001010111011000110011100111100
1000000011011101001010011010101001000001101101010001100001000000101110
0110010111000010110100100011001010001001111111110111101111000110100101
0000101001001111111001011010101011010110111100101101111101101000100001
1011110111001011000100001010110100001001010110110111100000100101010010
1011010100111110001100100010010110001000011000001110000100100100000111
0010110110010001010110110101100001110100110011111011111001010010101111
1110001110110111000111111000111100111001010111100000111110101011111010
0111000001100010100000110000111110011111101100100110011001100010111100
0010011111010000001010110010011111111010010100011011000011110000011101
1000010011111000011101111001110100111100111000101111101000101110100100
0000111111111101100101001011101101010101100000111100111000001001110001
0011000011101001001001010110110100110001100000000110101001110010100110
1110011010011100001100010000000101011101110110000101111010010110001100
1111001000100110100011100011111011110101001010000101100000001111110100
0100011001010111111101001001001001001011001110000110010000010111001100
0001010001101111010100101000101100011110010111111000100111011110101001
0010100111010100000101110010111001010111011101001000101110011111110100
1100010111011101001011011111111011111101001100110000000100111100110000
0111101110101000001001010101010010111101100111110110001110001110011000
0011010111010100001010001011010110001001110010101000001100011110011001
1011111000110100001011110111011110011001110111100010110001101000110110
0111001100011010111101000000101011011010100000000111110001100001101111
1011110110011100000010010111000101010000101000100110100001010011011110
1100011101010100010101110000101010111001011001000100001110111111011110
1001010100010011011110010000100010001110111101000001001101001000011100
1000001010001001010100001000001001000001001001101111010011000011011110
1000110100001101010010110011101011001000100110010111111001100100011011
0101100000011000000011101100100011010110000100111111110001001011001000
0110110101000100100001001110010010010001110101111110110011010100111110
1001011110000011100001000110010110000100100010011010000111010100001011
0001001101010111001011011101001011111001110111010111001100000010011110
1100011001100010010000001111011101000100111010010011111011111010100010
1110111101011001111001010110000101100001111000101100110111111111100011
1100001011001000110000101011100011110011011101111010001111110010100010
1100101111000010100000011110000100100111100001000000001111011011111100
0111001000110000011110111010111000011011001010000100010100001001001000
