010010011011101011010010110000
101000001100110110101111111000
010100011110100001100110001111
001001010100101101110111011010
100000010011111111001111001111
000100001011011000010100011010
000000001010110000110000110100
101110001001011010100111010010
111001110110000011010111011001
011100001011001111001000110111
101011101100110110100011011100
100011010100110000111100101001
111110100011001010010000011010
010011110011001001010000001110
100111010100110010100101101001
010110000110000001000000001101
110010011110101001111101000011
101110001100010110001100010100
011100110011001010001100010010
100101101001110010001101000110
010010000101000011110101101010
011111011001001011111010111111
111110011010000000000100100000
010110011010001010011000111010
110000100101001000001111010000
110101111110100001100101101110
011111001011111100001101010100
001010100110010101010100011001
001111010100110010111101010000
001010001101001110000100000100
