00010100010001000000100001000001000000000111000110
00000010000100101100000000110000010010000101000110
00010000110000010000000000000101010010010001011000
10100000000100001110000110000000000010100010000000
00000000000001100000000011000010000010100001000000
10000000110100010000011010000000010000000000000101
01000001000000001000000100100000000100011000010001
00000010110101000100110001100000101100000101000001
00100101000011000000000000000001000000010010001100
10100101000010000000101000010100000010100000000010
00000000000011000000010100000010000000000000111000
01010101000001010010000000100000000000011100001000
00000000111000000111000000000000101001000010001001
10001001101100010000011000001101000000100000001010
01001000000000000001100010000011001100001011010000
00100100000101001110000000000001000110011010000000
01010010000000010000000000101000000001000100010000
01010001000010010000000000111000000000010111010000
00010000000110010000010101100010000000000100001000
00000000000010100000100001010000000100100000110000
10000001010000100001000000000000010001000010000110
00000101001001000010000000011000001010100111000001
00000100010001000000000000000110010001010101101001
00010010001000000010000001011000010101011000000000
00011100000000100000000000000001000000000010000001
10001001000000000011000100000000000110101000000001
01000011000100001110000000000010100100011100101010
01000000010000000101010100000001001000100101100000
00000000000001001100010100000011001110011100000000
00100000010001000000001000000000000110000000000010
00001000001000100010001000101000000000001000000100
10100000100001110000000010011000000010001001000001
00000001000010000000000000100000000001010100010110
01100100000000000000101100000000000110000010011101
00000001000010100000010000011000000000101010100011
00000011000000110001000101101100010000100001000001
01111000010000010000010001001101010000001001000100
00000000000010001000101100000000100000000010100010
00011000010001000001010001010000001100010010000000
00100010100100010100001100101000100000101000011011
00000010000100110000000101101011001010010000100000
11000001000100001110011000111000100000000010010001
10010000100010110100110010000000011001100100000000
11101001000000100100011000010001000110000000001000
00000000001000000001001000110000001001001000000010
00100010001000101101000000000000110000010100000010
00100000101111000010001000100000010000010001000000
11000100100000000000100000000010110010000000000000
11000000010001000000100000100100101001010000110000
00000111000010000000011011000001011100010100000000
