01101111011110111110111111101001110111111111011010
10011110110111111111011101111101111110110111011011
10010011101011111100110111100011010010111111101111
01101101111101011011111001010110110011111100101111
11010111110111111110110110111110011001111101110111
11011011010111101111111111111111011010111110110111
11101100111111111111110011110001011001111111101111
10111100101111111111001111111101011011101111111010
01111011010101110101111100100100101101111110110001
11011110101010100110101111100110111111111110111110
10110011010111101111011111011111001111111101011011
11011111101001011000101011111110110111110101110111
11101111011000101111011101101111011110011000011110
01111111101100111111111111000101010111100111111100
11101111111011001101001111110011011111001101101011
11111011100101001111001111101111111111010011001001
11111111001111110111110110111111111110010111111111
11101111111011111011101011111111110111011111101011
11011111011011011101110101111101111010011011111101
01010111101011111110111101101111110011110110111101
10111110110101001111010111111010010001111001110111
11111110101011001011100111101111100011001111011101
11010101111111110101000111011101111111010110001010
11101101111011111011111010010111011101111010111111
10101111011101111100111101111011111101111011011111
11110111011111110111111010111100011110110111111111
11101111110110111111110011010010101111111110011101
01011111001100101110101111101101101111101110111101
11001101001110011111111011010110111111011111110110
01011101111111011111011101011001011100110001101101
00111100011110111101110110101001001111110101111101
11100111001011111111011110010110110001011011011001
11010000110100011111011010111001011110111011110111
11111111010111111111101111001101101110111111111111
01001111111010111010001111111110110110111101010001
11000000111111111100001111111110111011011111111110
11110101011111111111011001111010111101110111111111
10011011111101110101111110111011000110111111111100
11111111111101000001100111110110111011011101110101
11111110111110011111101111101111111111101111100101
10111111111010100110110110111001111101110111110101
11111111111101101101011001111010011111111011110100
11100111110001011111011111111001110111011100011011
11101011001101111110110011001111111111111100110011
00111111110101101111100101011110110111111101000111
11001101111111001011110111111011111111101111001110
11110011011011111111011111110111010111000010010001
00111110010111001011110111111110110111111100110011
11111111011110101100101111001000110110000011110100
01111110101100111111110111110111111010111011101100
