0011011011010111101111001000011101110111111111011111111111000111110101111011111001011111111100011111
0011101110111111011010111100011111101111111011111111101111111111111111101011011111110111101111111111
1101111111111101111111100110111101000111010111011101011111011111011111110111111101111101110111110111
1110110111110101111111111010001000111111110011111011111110011011111111111111101001011111011111111111
0111011011111100111110011110011111110111111111111111010111111111111110110011111001111111011110001111
1011101111011111101011111111110111111110101110101110111111101011101100110101001111000111111110010110
1110110111111111001101111100111101111111111011110111111111101001101010110000111110110111101011011111
0111011011011001110110111111101111111111111111111111111011110111111101111111111101111101110111111110
1111111101110011111111010011111111010110111111110111111110110111001100101010110111001101111011111011
1011111110101111011101111111111111011011001010100111110111011010111101111010110001110111011010111011
0111101011011111111100001101111110010111111111111110111111110011110101010111101100010010000011011111
1111111110101010111100111111111110101100101011001110110110111110101111110101110100111111001101111101
0110111101110110011111101010111111111101111111111011110001110110111111111001101111111011111100101101
1111111001101000011101111111111111110111110110110111010110111111010111111111111111010111111101111111
1100011011111001011110011011111111011001111110111111111101110111101111101111111010111011001010111011
1111011111100010111111111111111111100111101101011001111111111000000100111110111100101110111111011011
1011110110110001011001110111110000001111110111111011111111110111111011111101111011100011101101101011
0111100111111111101111111111111010110101111111000111111100111011011001001111111111110110101110110011
1111111011111111110111111110111010110110001111100111110101110110111101100011111000110110111110111111
1011101111111111011011011111001111101111100111011110010111010011010111111101111111111110011011001101
1111110110001011011101111111111001111101011111101101111111110110111111011111111111111110101111100111
1011011011001101111110101110110010001101110111110111101101110110110110100101001111110011111111101101
0111011101011101111011001001110101111101101000111100011111111101111111111110111011110101111110111111
0101111111010111111110001111011100111100111111011011011110101010011011011110110111101011100111101111
1101111101111111011111110111111111111011111110000100101110010111011001011001101111101111001011111111
0110111101110101111111011011111111111110111111111111000001111101011111111011111111110011100011101111
0011110111011111111111011101010011111111111111011111111111010011101111101011111001111001111001111111
0000010111110111110110111110100010111111010111111111110111111101010111111011010000110101101100110111
0010011111111111111011101101010111111010111111011110111001011110111111100111101101111110001111101000
1110111011111111111011111110101111101101111111110011101011111001111001010101111011111111111111111111
1111101111111111011110011100010110101111100101101111111111111101111111111111111101111111101111101110
1110111111111111000100111100111001011111111111111111100101011111101110101011110111101001111010011101
0100110111111111011101001111111001001101111111111111111101100010111100110101111101110111111110011111
1110111111001111000110101110110110010111101110111111111111111111111111111011110111101111111111011111
1101111100011101011110111111111000011111100101001011111111011111101111101111100101110110110101111111
1001111111101110011010111111100101101111111110011011111010111111110011101011100001111110011100111111
0101011101011010100111111111111110110111101101011001111101110100011111100100101011011011110111010110
1111111110111101111111110111011111111011111001110111101111101110111111101100011111111101101111111111
1111111111100101101100001111101101111100101110111101110011110001111111110110111100111110101111101111
1111101101101111110111101011011111111100111110111110111011111111111010101010101110111011110110111111
1101111110111111110101111110111111111111011001001111111011011101111110011111110001011001110110010110
1111101110101110110011011111110110010101101010111111101011110111110111111011111111111111111001111011
1100111111111011011010111110110111011111110111110011111110101011100011111111111101111011101000111111
1010110110101111111111011111111111111011001001111111111111010111011011000000101110111010111100111111
1111111111111110111111011111110111010011011001110111001111101110111101111111011110101000111011111011
1111101110111001111111010111111110101100101110111111111111111011110011110101111001100011111001101111
0101111111101110101011100101011111000111011111011100111101110111101101101110110111111011011111010110
1111101110101111100101110111110111011111011111101111101111110111010101100111001111101011111110101111
1111110100111011100110110111101111111011110101110110110101001101111111111111110101110111111110011011
1110111111110110011111101111101111000111110111111010001111111100110111011111110111110111110111101010
1101111111111110111101010111111111110101111111011100110111001111111111011111011111111100001001111101
1111101111001111111011010111011111111110111111010000111011111111110001101111111001011101101010111011
1101011111111011111011001011111111111111111101111011000111111101111111111011101111111110110111101101
1011111111111111111110110011101011111011101101101011000101010010111111111110111111111101011101011001
1111011110100011110011111010111011111101111111110101000011110011111010111101110101001111110110010111
1111111011110111111111111011001111101100001111111110110001110110001010111111110111011111011001111110
1111111111110101100110111011011001110111111111010111101000111011111111001101111111111001111010111111
1110111101101011101111100111111111101111110111111111111100111111101111111110111111111011111011110101
0100111110111111111011110101011011011111011011110101101111010010111111011111011111111100011110111111
0111100111111111111111101111111101111011110101110101111111100111111111111111111011011110111101111110
0111111001010101010000110101111101110101101011001111100011000111100111111010111111110011001111111111
1110100110011110101011101101101101111101110110111111100101011001111101011111011111011111111111001011
1111110111111110111111011010100111110101011111110011011111111001111100111111111110010111101011111111
1111111110100110110100101111011101110011111101111011101011011110011111111100111111111101111011101001
1101111101111010101011100010111111110111111011101111111011111110010101110101101110101111011001011111
1111100101101100111111111101111011011111110111011111111010110111101101110111111110110100001110001111
0111111111011010111010111110111111101111100110101010111111110111010110111010111010111111011111111011
1111110111111111001111100111101111101110110010111110110011111111111010101110101100111110101100101111
0111101000011110100111110111101101111111111101001110111111111001001101111110110011011111111111111011
1111000101111110111110111111111001111110011111111111110011111101110010111111110101100101110111111111
1111111111011111101101100111101111111111011011111001111101011011111111011111111111111111100001111011
1011111101111101100110111101011011000010111011001110111101111111111011101111101011011110110111110111
1101000111001111110110111111001101110101111010101111111111111111001111110111110110111011101101100110
0011010100110111110111110000111010101110101011111111011111110111110111111011011110010111110011011111
1111100111100111011010110111101101110011111010111111110101111110011111111100111111110110011111110001
1111110100111110111111001111111111110000111011011111101110110110110001111100001011110111011111111011
1011101111111111111110111110111111111011111101101101111111011011111111111010011010111101111110011111
1110101111010111111110110111011111000110111011101111011111111111011011101110101011110111010001101101
1111111100101111111111101110111010001111011111010011110011111111111100110111110111001111111111111011
0110011110111101010111011100101111100111011110111110111111101111110101101110001010001111011101101111
0100011010001110110111111100010101001101010110110110110111111111111010111111111101110110011111111111
1111110111001100110111111110111111111100111001111111111111111101000011110011011010111101001111101000
0110101101011011111111111111111111110111011111111110110011101001111101101011110011011111111111101111
1111101101111110011111100111111010111111111100101111110111111111011110111111110011101111111111111110
1011100110011011000110011010111101011111111110110011111111110101101110111000101101110111011111111101
1111111111010101011110101001111011110110010000001111111100110111111111110111111111111011001011011011
1101111001111111111111011100111011111011011101111100101101011110101110111111011110111101001101101111
1111111111011110100001111111011111001101111001111101011111001111101011101101111101111110110111101101
1110011110001101111011110111011111101111111111011101101011010111000111111100101000110001001101111101
1011110111001101001101100010010111111001110111111100111111110101101011010111111110111001000111110101
1101111011011111111111101011111111010110011111111011010111111111111110001011101111111110100111110011
1111110100011101111011110001111011111111100100111100111000111100011111011011101111111011111011110101
0111111111100011011111111100111111001111100010111101101011101111011011010111101011111101011100101111
0111001110110101100111011110111001101110010011100110110101011111101011111111011111111111111100011111
0111000111011110111011111111111000110111011111010111100111111011001111111011011111111011111110011101
1111011111110111011000101011010111111101111110101011011111111010101011110111101010011100111101101010
1101101111111111101101111110111111110111011111011111110110111111111111100101111111111111100011110110
1111111100111100001111111111011111111111101101110010101111111010110101011100110110111011110111101010
1111111111100111111010111111011011111111111111111101001110111110111111111101101110110110001011011101
1111101011111111111111111111010111110111011111011011111011101111111111110111111110101111111111100010
