01111101010101110110111101010111111101011110111110111111011101010011011100111111111111110011011110010111110101111101101110111110101111100101111000101001111111000111111000110111111111101111011110111111
10001110111111101111111101101111111110110111010101111011111110110111111101111111011111011100110101011110111001111111111100111101010111101111111101101111110101010101010111101011111111111101111111111111
10010110101110101110111111011110101111111111111110111111110111111111101100111111111010111111011101101101111111010101111011111100111110110111111111011111001111111110111110110011111101011111010111001011
10101011011111100110101110101101101111011111110111011111011111011010111111101101111101101111011111111001010001100111101111101101111111111111011111111111100101111001110010111111011111110011010101011101
11010111111000101100000111111111111111110101011111010001111111110111111111011101001011100111111101111110111111100011001101011111111111111111000111011101111111111010111110011011011111111011110111101111
11101011101011111111111110101111111010110001011111111011111110111111111110111111111001001010101011001011101000011110101111010111111111111111111011100111110100011011101111110111011110000011111111100101
01111100101011101011111111101111100110100110111111111100011111111110111011111111110011011111101101111111011111110101011110101011101101001111111001011110110001101011101011111110111101111111011001101111
10011100111111111101110111111001101000011011111000011111111101011010111110111101111111111110111110111111110111111111011001111110011111111100111011011010001110011110111011111101111111101111111111111101
01101111011100110011111101111100110111111111010111111111110111111101010011110110101110101111111110001110111111110110001111111111111110101111100110111101111101011011111111011111110111101011101110111111
11011001101111100111111100011001101110110101110011111101011110111111101111110111111101111001101001111010110111111111111111111101100101111100111101010110010111011011111100011111101111111101010101111110
01111111110001110110110100010101110101101111101111111000111111110010111111111111111001101111111111011111111011111111111111011111111000110011111110101110011111111101101010101111111111111011111101011110
11110001110011111111111111110110101100001100110101111111101111100111111111111101001011111111111011011110010001111110011111111011100111011111011011011111101101110111000111111011011101110101110110111011
01110111010101000110111111111101010111111111001101111110111111110011110111101110101011001111001011100111111011101101110111111110111111111010110011110011011111011101010010011111100110011101111111111101
11010111011110101100111011101111111111111011101110111110110111011101111111011111101111011011101110111111011001110101101111101111011111101111111001111001100111000101110011111111001110110111111101101011
11111111111101001111110011111111101111111111101111100001010110111101101111100111001011110011111011111110110011111100011101111110000111010110110110111101011111111111111010100011111111001011111110101111
10000101101100000011011101111100010110111001010011011101111000011111010011001011110000111111111101111011010001111101110110010111001001111111010111110101111101111111101101001111100011101011111111111101
01101111000101100011100000111110111010101110111111010110011111100111111001111111101010111110110001101001110011010001111111111111111011101100111010111111111101011010111110011111111011111111110110111111
11111101011111100000011111110110111101110111111111110011011101011111111110111001011101100010101010111111110001111111101110111011110111111101111101001111111011100111111111011110011100111111110011111111
11110110111110111001111111101011111110111011111101110111111011110110111110111111110111011000010111111111111111011111011110101111101110101101111110100110111111111111111011111111011111101101100111001111
01000111110100111010111001111011011110111101011101111111110011011010111111110111011100111110111111110111010111111110011110111110010010011111111010011111111111100111111111111101010001011111101111110011
11110111111111101011011000111101111000111111110111111110111111111111010111111101111011111011111110111111101101110010111110111101000111101111111101111010110001111111111111011111111011101111111010101111
11100111111111110111101101100111101110100101001111111110111111110011010110101110001111111101101001011111100111110101111111111111010100111111100111111011011111100111101100101101011000111101011111101111
11110110110111010111110110111111011111001111110011110111101111111110111101001111011111110111111011010110110111111011110011111101111011111111111011011101100101111000111011011010101111101110101111111111
11111111111110010110011010110110011111000100011001111111100011101101100011111111101111110111011110110011011111111110101001011111101110101111111111111111111100110010111111101111101111101100111011001001
00111111000111100110001101111001111111101111111001111101011101111111110111011111010111100110111001011011111111110100111101101101111110111011010111111001110110111100011110111111111111100101111110111011
11101011100111110111010010111101011111001101110111111111100101111111111110111111111111011111011110011101111100110001010011111111101110110111110111011111111000011111101011010110010101011111111111111110
01011111100111111111111111011111011111111101111011100101000101000111100101000101111101111101100101011111101111101111101011110110010100010001100011111101010101010011110111111101111111101111110101010110
10101001111110111101101111100111110101111111111010100111111010111111011110100111111111111111111111101111101010111011111111101110000111111110111101111111011111011111111110110111010011111101101110010101
01111111110011111011101011100111111111111101111101110110111111111011111111111111100101101110111011011001001011101111001111101101111111010111111111101001110110001110111101111111111110111011110111110111
11111110101111111100111101111001011110111010111011111001110101111111100011110111111011101111111111111000010111001111101101011010111011111011111111011010001111011011111111110011001111111001011111010111
11101110000101101111011100111001101101111111101110111101111011111111110011111111000111110011011110111100111111111111101110101111110101111001110111111110111101110011101010111011011111011110111110111011
11011111011011100011111011111110111110111010111111100111011001111011011111001111011011110111101011111111111111111001110111111111000111111111111001101111111101101111011111110111000111110111111111111100
11111111111101101110110010011011001111001111110111111010101111111011111101111101000111011010110111100011101111111110110111100011111111111111101111010110110011001110100111111111101111111111100111010111
11001100101011011111101111111101000111111111101111010111001111111111111011110101011110111010011111111111111110101111111111111110111111110101111001111011010001101111110100011010001110101010101101111101
11111101010101101111111111101111100111111111111001110011111101011000111101110101111111110110111111101011110111011011111100010111101111111011111111111111110111000111011111111111111111101111111001101111
11111010111111110111011111111111111001111111101011111111101101111110110111111011100010111101111011110111110101101011011111000011111101111011111111101110011011111101110110111010111011111110111111001111
01111110110011111011011111101101111000111001111111111010100110111111110111001010010111111111111111111110011101111101111111111110011111011101111101111011110010110101111111110110011111111111111100110011
10111000101011100100001111111010111100110111101111010101111111110111010101101100111101111011111111010111101111111111011011111101111111111011111110111001011111011111010010110110000111111001111111011111
01101110111011111111110010111111011111011111111111110111111101111011111001101111010110111010001111111000011110111101111011011111111111110101011111111111000011010111011011111101111110111111011110101011
11111101110011110111100000111111011111101101010110010111110101010001111011111111110111011111111111111111111111011111101101110111111111111110111101111111101101111111100110011111111110110100011011101111
10110001101111111011101011111111111110110110101111100110111010111111111111111111000001111101011111100111011011100111111110111111110101010011111111111011010101111101101111110111010110001001101100110111
11111010111110101101111111111010111101111001011011111111011111111011111101110111100111110110001110111111101001111100011001111111110111111111100111111110111111010111111111101110010111110011010111111111
11110011101011101110101010010111111101101001111111011011110101111101011111111101101110101110011011011100101000101100111100111101001011111010110010101110111111010101011101011111110111111011100101101111
01111101111011110111111011111010111111110110111000011011111111110111000001111111101111111111111111101011110011110111011111111111110100111010110111010110111111000111101011010110001101111111111111111110
10110011011101101110101011111111111111101011011100110000111111100111011010111111111110111111100011110111111111111111111111111101111111101111111011111011010011101111111100110110111011001011011101111100
11111111110100011111101111111101101010110111101111001101001111111011101111111111111111110101111100101110111111111111101110011110101011011111111110011101111111101111111101101111111100110111010111110111
10101111001011101111010110111111011111101111110111011111110101000100101111111111110111101100011111100110101111001101110111001010111001111010110110101111000001110101111001111011110111111111111111111011
11111110101111101111110001001011110011111010111001011010110011111111110110101001101110111110011111011111110111111011111001111110100001111101110101111111111110110101011111111101110011001101111010101111
10111110111001111100111001110111110111111110011000010011001110001011110011111111111110100101111111110111111111111110101011111111101111111110000101110111111100001110111101111110000111111001111101111011
01011110111110111111111111101101111111101110011100110101111111101101001011100110111110011111111011111111111111001111110011101100101101011011110001110111101101111110011011111111111111111110110111111011
11100110111111100111111111111111101110101100100001001010101101111111101111010111010101011111011011111111111011111011011111111110101110011001111110110010110111011011101101010111111101110110011011101111
11111111111111011111111111001110111111110111101111000111110111111011010111111111100101101111101111101111111011111111111110001111011111111111111000111001100011111111111101111011111100111111111111110111
11110111111111010001110111000110100110000111011100100001110010001111111111101111111111111111111111101110111110011101011111111101000111000011111111011011111101111011010010111111010011011100011011111101
10110011110111011011111111111011010101111100011001010011110111111111111111101101110111111111011010110111111000000111111111111110111110100010011110110010101111100110101111001111011101111100011111011111
11110101100111001111111101011001111110111111001110110101111001101110111001111111111100101110101001010111011011001111110011111001111101111111111111111011001111011011011110110101111111111011111111111100
11111101110100110111001111110111011101110111011011011110001111011011110111110001101110101111010001111111000101101111011111111011011110111111011110111111111111111100110111111111101111111000111111011111
01101101101111010011111101011110101111111011101101111110011101011101111101010111111110101101100111101110111011111110111111011010111111111111101100110010111111101111111101111101010111111011110000111110
11111111111011111111110010011111001001111111101101011110101100111011011001101011011111011100101010101111111111001010111111101111101111111010010100110100011001111110111111111111010110101111011001100111
11011111011110011110111010011011111101101101110011100011110101110111011100111101001111111010111101111011110101111011110001111111101111010110111111010111110001100101001111111101100011111001111111111010
11111111111111101100111011101100111111110111111011110101111011011111101010111111011110101010010111111101001110001101111111110111110011111000011101001001111111111001111101101110010110110011011101111101
01111110111111101011111100011010110011001101110111011101000100001111111111110101111101101111111011111111101011110110101010110111101101011110111111110111110001110101101111111011011111111100111111111101
10111011101111001111111111101111111101110111111101110111101100001111001110011110111101111101001010101111111111101101011000110111110101111111011111011100100110110110111110011111101011111111111111101111
01101110111110101010111111011111110111101111110101110110011000011000010011101100111011110011110110111111111111111111101111111101111110111011110111110110100111111111111010111111111111111001110111011011
11111111111011110111111011011111111111111111010100110101111100101010111111111111100111000110011100101101001110111111111111111110110101110111111011101111111011111111011111111101111110111110101111101111
00110111110001110101101111011111111110101110010111111111110111110111110111111011111011111011011111010111111101100100010001011111011111110111111101010101111001101111101011111111111011111111111010110100
01101110110101111110101111110110010111001011101101101110101111001011101101110111111101111110011111001111110101111111111110100011111101101111111111111011111011110011110011111111111110110111001100101111
11111111011110011111111011111111110111101101110110111111011111011101110111011111001101110111111111011011111100011111101001101101001101111001101000111111111111111111011111100010011010100111111001011111
11101100110111111100110111111111110011111111110111111101111111001110101110010111011111011101110111111011011001001010110001011010101100011111111111011111101111110110111011111110111110011001011111101101
01111111011111101111001111101110111110111100011110101111100110011111010101110111111011011111111110001110011101111011111110111011111101101111111111010011101101110110111111111110100111111101111111111001
11011111101111011111111011011011111111111110100110011111111010111010101001111111110110101001111111110101001011111010111110111110111010111111100011111111111101101111101011010111111011100111111111110010
11111111011101101111001001011001111000111110111001101110111111010101010111111100011111000011001110101101111111111110111101111011111111111111101111111111110111111111110111111101111011111011010011011111
11111101011111100111111011111001101111001110011100111101101011011111101001111110110110101101110010011111101111111101011111111111111110011111111101010111010111101111011111101111111101110101111001001011
00011111111111110111110111011111010110011010111111111101000111111011001001111111111110110111111010101011011110110101001110111111011111111110111101111110101111101111111111100111111111011111111011111101
01011010111111111001101110101111111111111111011011111111110010111110111110111111101111111111010101110111111111111111011111111111010111110110011100111101111101111111111001111101111111101111100100111011
11110111111110101111110101011110111101111111111111011111011110111100111111011001111111111101000111010110101111100101011011101111110011010001011110111111110110000111101011111111110111111111110110011111
11101111111101001111100111001110111100011111111010110011101111011111111111101110000110110011111110011001111100011001001101111111110001111111111011110001111101111111100111111110000101101101101111011100
11111111001111011110111111001011100111111011111110011110011101111010011111110111011110011111100110111101111111101111001001100111110011011011110011100111111001010111101110011111111010110111111011111101
11111111111111101011111111111111111001111111111011111110101111110111111111011010111111100011011011011111111111110110111111011100101011001111111111001111011100110110111100111010011011011110101111101011
11100110111011111011011111011111000110111101111011111010110101011111110111011101011100110100011100110011111111001111111110101101010111111111010100001101111011110111111110101111111010111101110100101000
11111111011101111111101111111111111100111111111110111111111110011111110011101010101101111111110111101111101111011111111111111100101010110111011100101110101110110101110111100111111111110111110010101111
10110111111011011010100101111100001101010111111111011111100011111100110111100101001100110111111101110011101111101011011111011111111111111101101110011010111011011011111101110010111011111010101011111111
11110111011000010111101011110101011011110000111011101110110111101101111110101110000011111110011111111111111111111111111111111111111011000110111110111010110001101100001010000110111111011110101011011111
11111101111111101101111101110101011001000011110111001011111111101111101011101111100101111111111011101001110011101100011111110011111011101001111111011101011101110111110011011101011111111111100111110111
11010001110001000111011111111010111011110111111111111111111111010111011111111111101011101111011011111111111101101011001000111111111010110111111011111110111111110101001111011111111101101111011110101110
11101011100111101010111111010111111110110111111111001101111100111001111111111100010101111110101111101110111111011111111110110111011111011111011111111110111111110100111111111011111111010111110111111110
11011111011111100110111111111111101011011101011000111100011011111111101001100101011110111110011111111111100111111111101101011100010111111011011111011110111111100010001111101110110111101111101011100011
10111001111100111101111110111111011111101111111110011111101111101110010111110111111111001111011111111111101111000111111011111110010111111111011111111111100111101111111011010000000111111111111111111110
11100011010101111011111101110011111111111101110101101100011001101111100011111011111011001110101111010000111011111111001111111110011111110101010110110111010110011111101011111111101111011000010111101110
01110111111111011011110001111100110111111011101101111111111111001101110101101001011111110011111110111111000111101111011111111010111001111101111100111111111111110011111110111110111110111111111111101011
01111011101110011001011111111101001110011111111111111111110011010111100111101011111111110010111011111111100101011111100111111111101010011010111001111111101110011110011111101011111111101001101100001111
10111111101111111101101111011111111011110111100101111111001110111110101011011101111111111101011110111111111111111011011101101011110101011011101110111011111111001111111111111111111111111010100100110101
10111010111111110000111101110111000111011001110011111101100011101011111111111101101100101010111100010111111101010110011101010010111111011111011000101100011111110111011111111011110111011011111111010111
01001111111101111101111010111101101111010001110011011010111010100011110110011001101010011101001111111011101110101011011111111011111111111101111111110111000011111011111011011011010101111101011111111111
11111001101100111011101111011110111111011011011111101101001110111111110111010111111101101111001111111111110111101100100111010111011111111111010111111111111111111110110111111111110110101111101111111101
10111111111111110101111111011111011111111111011111111110011011011110111010010110111111111111110101001011111010111110111010111011111001001111110111111111111101101111100111111111111101110101111101111110
11111011101001010011100101110110111011111101011110011000101100111111111001111011110011111011111011111001111101111111011111000111011111111111101100001101011111101011011111111101100101111110111111001011
10010101101111100111101101011111111111111111101111111100110111101111111110111101011111111110110101111111110011111011101101011110111110111111111110101111110101101111101011110111001111111101111001111111
01111110011110111011011010111101111111111011101111111011101110001111010001100101111111110100111110011010101111101101011110111111010111010111110011110011111011011111110111111011110110010111111101100101
00111011010011111111100100010111111110111101111011111101111111110001011011001011111111101110110110000011011101101011011100111101111111011101101100011111111010111101111111111101101101111110110011111111
11011011011101110111111111101111010111110110100111100111001110101011010101111110110101111111110111001001011011101110111101100101110101111111011111011011111010101111101101110101111001110110101110101010
01111111111101111110110011111111011010110111010101111001111111110111101110011101011111101110111111010010011010101110001110111110111111111101111100111011110111010111110111111101110111111001001111110101
11101011101111100111111001110011010111011110111111111111110111111100111101101101010111101111010010000011011001111111100001011001111011111111111101111011010101011010011101111101010110101111011111111111
11001111111111110111111110110001111111011101111111111111111011101111100111100111110111101111111011101101110110011101111110011011111011111011111111110111111111111101111111111111100111011111111111111111
10110111001011011111110111111001111101011101100111110111011111111111011111011111111101101111111110110110111111111111111110111110000110101001111111110111111010101011111001111011101110111111110101111110
11101101111010101110111011110011111101010111111111111100111011101110001101111111111111110111111111000011011100111111101010111101111011111001111011111111101111110101111110111111111111101101111111011100
11111011111111111111001111000111011110111001110111111110111001101111101011011110011110010011011110111111100111110110110111110111101111011111001110011111100100101101111111111001100111101111111111110011
01101110101011000010100111111011110011111110111011111110110111111011111111111111110110110011101101111101100111111111100111011011011111101101111111111111110111100111111100111001110110110111101001110011
10101011110000000011111111100111111111110000111111001001011101111110101111111111110111101111110101100011111001101010111111011001111011110001101111111101111111011111111101110101101111011111110010110001
00101011111010101011011110111111111001111001111111111010110111110000011111101111111011111010111011011011011001010011110111111100101001110110101101110101111111110011111101101110111100101111001111101110
11111011111111111111111110101111101111011101111111110011111011101101111101101111111111111111010111110101011110101111111111111011111111011001111011101111110010010111011101011111011000111101011101111011
11011011111111110101111111111011110111101111110110110001101011111100111111101100111101011010111111111101111101011001110111111001110111111111110101111111111001111111111100001111111110101011111111100011
11100111111101111111111111010011101011110101110110111000101010110110111111010101010011010111001110000111111010101111110111011111111110010101011111101111101111111001110111010111101101011110100101101101
11000101011110110111001100111111111111110110111111111011111101110111111101011011111111011110111111111111101101110111111101111101101111100111001110110111110001111110111011110111010111111110110001101011
11110111111111110111010110101110110011111111111011011111100111111110001111101111011011111101011101011111111001011010101011110111111100111110101011101111011100001111010001011110111100111011101011011110
01011101111100000111101100111110111101011001110111110111111010110111111001001111110111111111101110111101111111011101110100111101010101111111101111110001010101001101000111111100111011111111111111110111
11111011011011011110011001111111011111111001111101111111001101110110100111111011110111111110100111100111101011111010110111000011011111111011111111111111110101010111011111110101110111111111011111101010
11110100011011011100111110110111111010111010111111010110111110110111111000000111010011100100011010010111111111111111000111010111111111011111101110111011101101101011111011111111110111000111110111101101
01100011011110111011111011010001111111101111101101111111111101011101111101100111111010101011101101110011010111111011001111111011110110011110100111101111110011101011011011111101110101001001111010111110
11111111111101101111110110111110011111111111110110111101110111110110111111111111111111111011101111111011100101001100010011110111110101100110011000100111111111110111111111111111011110111011111010101111
11011110111111111111110010011111111110011011111000111101110100110100111111010111111011011111110111111011011111111011110010111100111011101111101011111101111010111101111101111100010011111111101001110111
10110110111111011111111001111011110111101001111011111111110110110100110111100111111010111100111101001011111111110101111101011111111101101001100101111111111111110110011110110101011100011011110100111101
00111101111111101000011111111101110111110101101111101111111100111011001101111101111001111111110110010100011111111101111010011111111011011011010010111101111011111011010011001111011001101111111101100101
11110011110111101111111011111011110011011111100111101111011111110110111111111011011110111110101001111001110011101110011100010010111111011111011111001111101100110111111111111111111111101010011011101110
11101101111110111101111101100101011011111111110110101111101111111001111111010101111111111101111011101111111111111110111111100110111100011101111101101111001111111100111111111011101111101101111011110111
11111011111111101111111111011111010011101111111111111111111000111011111111110111110101111110101011101111101111111010010111000111100111011111110011000011111111001101111011111111000100111111101101010111
11111101111011111011111111111011011011111111110111111100011111111010010111111111110111110100010111111001110010011110101111011001011111110100111011111101011011110111111111011111111111111111101101111111
10001111101111111111010101110111111110111101011110110101111111011101111111111000111110111111111111001011011001010101111011111001111111011001011010100101101101011101111000011111011111101111111111101011
01011110111101011110111111001011101101111111100010011011011111101110101111111010111110000110111101110110111101111111111011001110111101111110101101100111010101111111111011011111111111111111111111100110
10111110111110001110001111001110111101111101111111100110111111110101111100111101111100001111101010111110110111111100111111111011011011100001011111111111111101011011111111011111111111101101111011101111
01111101101011001101011010101110110111111101101000010111100101111100111111111010111111111011111111111110101101110111111111110111101110100111111100110110111101011111110111111111111111111111101111111101
10111111101011011010001111001100111111110010111011110111111010101111111110000101111110011101111110101110111111011101100111110111110100111111111010111111111111111110110111110111110111011101111011101101
11111111110111100110110111111011111111111101100011111111111011111111101111000010100011110011110111111001011001111111111010111111011011111101011111111011101110011111111000101101111111011010111111011101
11111101100111101111101111011101111011110110110010111101111100101000011111101111111111110101110111101111111101111001110101101110110101000111101111111111011001111111011111110111011100100111111111111101
11011111010111111100101000011111111111111110111111011010111111011110101011111110111011111011111101111110111111101011101111101111100110010111110111111011111111001110111111111001111111101110110111101111
11111101111011011110111111010111111101110111101110010111110101111110111011010011101101111000110110011111101110101111001110000101111100010101101111011111110110101111101111100111101101111101001000111111
00111101011110110101011011111111111111111111011111110011111111111011011111111011100111111111110111111110110111110111110001111111001101101111111111111111111010101111011101010111111010001011101111111011
01011111110111011111111110010111101111010111111111110011110111100111111110011110101011101111111110111111111001100111110111111011001100010110011111110110110111111001001101110110011100111111111101110111
11111111110101111111111101011001110010110100110110010011101011011101111111010111110110111001111111111100011010111110111100111101011111111000100101111111011111011111101011110101000111111101010111110111
01111110101111110001111111011101101101011111111011011111111011111101111111011111010111100111011111010110010010101111111101101001011011011001111001011011011101010000111111111110110111100110110000111111
11111110101101010111111111101111111111101100110101111011100001111111111100111111101111111011111111111111111101111011100111111010111111110010010010001111010011111111110011011111110100010111110110110111
11100111111011101111111101111111111111011111111101111010101010111111111110011100111100001110101111101111101111100111110110011101011011110110001101111111011101101111100100101011000010111010110011011110
11110111011111111111101111011111011111111011111101111111011111111101100111111111011111111101111011011111101001110001001001111110111101011011001101010011110000110010011111010011011111011111111101101111
11110111011101001111101100011101111111111000110000111111101111011111101111110101111111101111100110111111111111011111101100110111111110111010110111110111011011011010011011111111101100111111111011011110
01111000111000110110110111011110101111111101011110101111111111101101101111100111111011111010111110111111011110111011110010110001110111111100111001111010111111111001111111101100111110111110100010111000
00111101101110111011011111101110101101101111111000101111001011110101111000111100111111110010111011010011111101011111110101101110101111111001001001111110100011100010101111011000101111111001010111101110
01111111010111010100111111111111111110111101100111001010001111111101111110011100001111100100111001010111101111110111010110111101100111111110111110011100011001011011110011110111011101111111111111111100
11010100101011111010110110111011011111111110101111110111110010110110011011111001010110111111111011001111101111111111111111010111111111011100101110011000100111101011111101011111100111110101111110111111
00111011110111111001111111110110111011111101110111111111111011101111111111110000111111111110111001111111111110101011100111000100111111111110111111100111111111011011011010011011101111010111111111111111
11111011101101101101111111111111011111111110111100011011000101010111011011100111111111101111011110111100111101110101110111110100101111110111100111100101110110010001101111000111111110110110111111100111
01111110111100111111001101110011101100110111011111000001011011111011011111101111001111111101111110100011111111111101011111110111111010111101101011011011111111111110111111110001010110011011011110110111
01110111011110001111110101010111111110111111101111101111101010110111111110101101110111111110111011111111111001111101111010111001111111111111111110010101101011100101101111111111111111110110101111000111
11111100100111111101011111111001011011111000111111011011001110011111111101111110001000111110111111111111111111111111111111111111101111110111111000011110111011011110101101110101100111011111100111111111
11011110100101011111101111001011101010010111010111111101101111111111111011111011110111101110011011111011111111111001111111101010111101111000010110111111011101111111101111010111001011111100111111111111
11001110111010111111110111111011111111001111110110101001111110011110011101111110111111011011011111111111001111101111011111001101111011111111111101011101101111111011110101001100101011110111111110111111
10101001101110111111010101010111000101010111010111001111110100011111110011011111101111001111011101110011100110110100101111111110111111010110101101010111110110101111111111111101101111110011100111101101
11111101111111111011011110111111001001011111010111101111100101100011111111110101001111111111011110001110111110010111101010111011111101101110100100111100111011111110111111011111111100111010101111111110
10101001011011100111010010011100101111100111110100110111100101110111001110100011100111111111110101111011101111010000011111011100001101111101001110111111011100010101101011111111111110011110101111111111
11111010111111111111111000110111111101111111111001111111111110111111111111011010111111101011111111001110101110111011111011011111111011001111101111110111110100111011011001101111111111011100111011111110
00111010001100110111111110000011010110011000111101011101111111111111111111010111011111101001111110110011111010111000111111110101001010111001110110100110111101011101101110111111011111010000111011010111
01111101111110111010101111110110000111111110001101111011010111110111101001011111101110011101110001101110100111111001001111110111111110001111011101011101110111101101111111111111001110101111001011111101
00111111111010111010101011011101110101011000110011111011110100111010011111010000110000110110111111110111010100111110110101011011111111111101101101110101111101110101111010000100101111101000111001111111
11100001001111110111110011011001111111111111111111010101111011111011111111111111011110110111011011111010111101101111001110111111011111110101100000000111101110111011111111111010111111001110010011010111
10101111110100111111110101111111111001110101110011111110110001111111111111111110101001111111111111011101001111101101111011100101111111110101111011110101111101000100010111101111100110111111011110011111
11010110111111110111110001110111011111111111111100111010101110111110011111111011101100111011101111111011111111110111111101101111110110111101100101111010111011111100111111110110110011111100011101110101
10111111111001111111111101111110110110011101111010110101110111101101111011111111101010111010111011111011111110111000101100111111111101100111100111101111111110111101011111011111111111111101111100101101
11111001110011101111101110111101011111100110111111011011110101110111101111000111101010101111110101101111111111111101111111111111111111010011011101110100011101011111101111110011111111111011111101111111
10101111111000111111111111011111001010101111111111110110111111111011110111101110110111111111100110110111111111101001111110111111100111111110011110111111101111111101110111010011101111001101110111111111
01101100110100011101110110111101111110011110110110110111111111010010101110011111100111001111011101111110111111110011001110110100111011111010110110101111111100110111111001011111111111110111000011011111
01111111101111101111101111110111101111111101000101001111011011111111111110111011011111111111111111101010110000011011111011111101111011100111011111011110101110111111111001011111101011111111110110011010
01000111100101010111101101101101101010101111011111110101111110011111111111110001101111110111111111111111010111011111111101111101111011111111011111101111111111010111111110101011111000111111111111110101
11110111001101100011010110111111101111101100111111011011111110111111101111110111100011011111011111111111111110001011111110111000011111101110101101000111001011110111010001010110011101110010011111101011
10111111110111001111101011111111111111111011101111111011111011111101111001111100101110111011111111111111111101011111111110111111111011011111011011110111101110110101111110101111010111111101101101011001
01011011111111011111111110101010111100110110011111011101111111111101101101111110001111011111111101101111111011100110111101111111110101000011101110110010011111110110100111010111110111111101110101111111
10010111111011011111110111111001101011111111110111101111111101111101111111111011011101011010011110111110100111111111111111101111111110111111001101101011111111111011100110111001111110110111100111111111
11111110111111111110101111011111111111011111111011111101010111101111110110111111110111011111111011000011100011111100101001111111111010111011111001111010100111110111111111111001111010011111111100111101
11111101111111111011110110111111101000111010011101111111111011111100011111101011001110010111111111111111111101111001111011111111111111110101111001111111101111110010111111011110101101111111111011111111
11100011111010111000101110101000101100110010111101110011001001111101111111101011110111011111011101111011111110110111110000110101111101110011001110111011011111001111111111001111001111111110111101011110
11111111101100101111110011111010001110111110111101111110110110111111011111101111111111001111111001011100101011101111111111100111111111011011010101001110000111100101110101111110001101111111111100111101
11111111011101101110111110101110111110110001110001110111000011111111011111001111111110011110001010110001100111110110001011110111110111111000011111011010111111111100111111100111110011110011110101000111
11111111111111100110001111101111111011111111011011110111110110110101100111110001011111111111111111101111111110111101111010111111111111101111011111111111001111111110111100111101110011111011011111111111
11011101111011111010101110111111111111111110101111001011111111111111111011101111111011111111010011001111111100101011101100110111111101010110110110111111111011111111111110011110101101001110111011111111
11111011111100111011101111110111101111000111101111101111101011101000111111110101111111110111101110111010110100011011110101110111111101100110010011110011111001101101111110111001111110111100100111101111
11011011111101011110111110111101111111110111011011110111111111111110111101111011101101101110111110111101111011101111001101111111110011101110101111101010111100011011110111111101111101001101110111001101
01111010011111001101010001011111100111110111011011111111101111111101101110101111111010111011101111111011001101011111001110001101011100101101111111111111111111100011110111111111111101001101110111111011
11101011111010111111111101111110111111101011101111011111111011111001101011110110111101111111110110101111110111111111011111111111111101111100111111000101100111011111111011011011110111110101100010100010
11100011010111001111111111110011101110110001011101111100010011011110110111111111011111101000111111110111111111011011100101011111111011101111011101111011110011010111101111011111110011111011001011111101
10111111101001111101101001101011111110100111111001110010110101011110011011101101111111101011010101110111011110111111101111101111010111011011111101011111011110010110010111100111111110000100111111010111
11111111111111111111110011111101101011101111111110010010111101101111111111111011001111101101111011001111111111100111111111011111111010111101011011110101011000010010111111011111011100111100100101011110
01001101101111111111101111111011111111001011001111010011101011111010110111111111111011101111011111110011111100111110111111011111111111011011111101111011111111101000111011011111111011111011000111011111
11111111011111111100110111101111001111110101111111111111111111101011111110101011000110111001101111100111110101101011111011110011101111001111111011111100110001101111111011101011111110110010001110111101
11000111101011110001111111010111011111111001101110111111011111011111110110011100110101101101111111011110111011100111011101111111111110111000011001111110110111111011110001110011110110000110010010001111
11111101111111111011011011111111110111101111111011010111001111110101110001110110001110111111111101011111110011110011100011001111010111011101010011111111111110000011111011111110111101110011110001100010
11101101100110111111111111011111100101110101011101111111001011111001111010111101111111111001110100111110110110100111111000110011111111010101101111111111111111110110001111100101000111111110111001101011
01111111011011010111011101101101111101010111111011111111011111110011111110011100111011111001111111101111111011111111100101111111111111011100111011011011101111111101011101111101101111110111100110111111
11001111110111111101111011001011011010111111111111111010111111011101110011001111101111111010111011111111011111111011111111110111111011111111010111111101111111011001111001101111010111011100010111010111
11010001111110011101001011111111110011001101111011011111101110101010111011111000111010100011111010101111111101000110010110011100010110111111101101110101110111111111011111011111110110010111110001101110
11111011111111111110111111000011011101110111101111101111101111110111101111111111110110111100111110110111100011011101111010100110111111110010111111110001111111011010111110111111110111110101111011010111
11011111111010111110111001111101111101011111110100111111110111011111001010111001111110110111111011101111100010010110111111111101111111101111111011111111111111111111111101001111111111100111111001111001
11101010111101101111111011101110101111111111011111110101111001110110011101100101111111111101101110110111011011101111011100111111100001111111111010111111110111101110011110101101101111011011101111111001
11111111100111111111111110011110111111111110011111111101010111110111101111101101111001001111110111101110011101111010101111011110111111111111010000111111111010111111111101111111011111110110111011101110
