0111101111011111011101111111110101111111
1001111101010010111101101111111110001100
1001111111101110111110001011111110001100
1110111110111101110010011111011011101101
1111011111111111111010011011111101100111
0111100101001001100111101101111101011010
1111100010101111111111111011101111111110
1111110011111111001111111110101100011110
1011101101101110111110111111111100111011
1110110110111011011111111111111111111110
0011101111011111101100010011101111011111
1101100101101111010111111001111111111111
1011111111110111101001011011111111101011
1011101110111011101110101011101111000011
1110101111111101011111001011011111100111
1001111101111110101001110110101111011010
0111111010101101011100011110111111110101
1111101011010010101110111100101101111001
1110101111101111110111111001110111010101
1110011111110110111001111110001111111011
0011111111010110011001110110011111001010
1100011101011011001110111111111101111110
1100011111010101011111011111101011111111
1001101111111001111111101111111111111110
1111111111011110111101110111111101110110
1101010111000001110111111011011101101011
1111101111101111100111111100011111111110
1111111011111110001001111100110110001111
1110111111111101111001111001011111111010
1111110011011010101011011111101010010111
0111111111111111110111111110110111110110
1110111111111111111111011111101001011111
0111001001111111101110110011111001101110
1001111001111111111111111110101110011111
1001101011011010110101111110101010011101
1000011111110001111101111010111101101111
1111011111111001010111110111100111110111
1111101101110010101001111011011111111011
1000111111111111000111111111111111011101
1001100010111110111100100101010101111110
