0111000010101011111100011001000100001010101000001000000001000111011001111000001110111001100011011100
1010001000001100100000010111101011001111101100001111111011111100101100000110010101100101011001000111
1100110101010010001011110001110000001010010101010011101000010010001001110100011110111110001010101101
1000010001001010001011000100010100100110100011101011000111101101000011010001010101001110001101100001
0010001010011000111000001100111101010001011010101000110111111000001100111000000101000010111100010100
0011000001110010010110011011000111001110011101011000000010011011101111100100101000111110000110001100
0100100001110010001010000111111100111011001101011001101011010011110100010111010000111111000100110010
0010000011100100101110100110000000101000111010011001010001101111010111010010000000011011111110111001
1000100100110000101010100110111011101101101011010010000000110110011010010111111010110000110100101011
0011011100111110010000011011111011011010001001110101110010000000101000101010001010010100011101110010
1000011111011011001000100111100001100010101100111011000010100100001001101010100110011000000011100010
0010111011101100011010000100001011010110001110010010001010101000101110110111000101101001110010001001
1101100001110000000000001011001010111101010000010110100101001001000111010100111011111000000110110100
0100000101010011110101100001010110111011101010110001101011000100000110101111110100011010000010110101
1011011001100101000001100011011101111000001100100011111101010101100101111000111111001101000011001110
1000000000100110010011100000100101011010100110101100111001111101101111110001110100100011101111100101
1100100110000100000100001010000001010100001101001111101010100101111001000111000011011100000001000010
1000110001010101000000001110100001000110000110010101101011110000010110100101111011101001001010111010
1011101110110000000011000100001110001001011011110101101001100001100111111010100010011011110110000000
1000010100000100100001010111110101000000000010001001010101101011111110101000001101110101111001000111
0011011110010001001001011111001001111011010101111011111110100100110000111111001111001111000010010011
0011000000000111001110111101010000110100101110100110110000111100001001100101011111111110110001010111
0010000110100111000001011111000001101110000100001001000011010110001010100110001010111110001101000000
1110010001000000000111100101010101001000001011110100101110101001110011110000000110110010111000001111
1000110001001000110011100001100010010101100011010011010010111110111000110010011001111010011101011001
0101101110110000011111110001111110100101110001001111101100001101101100001011110011011000010001101010
0100011111101010110110100000110100000100110110010001011111110010001000000111000000111111110000010010
1110011001101110000111111100110111010001001001010111100011011001001110000111001001001001101111011111
0110101011100001010100001111011000011011011100110001100001010101100100100100111101111111001100100010
0011101011000110000101010111101111100011110100100000011001110000111011000011111001101110001011011000
0100101011011010001010000100110101000001110110101001001100010011000010111100100101000111111001101010
1001111000000111001100010111011011100011111110100111101100100001101010100111100100000011100100101000
0100010011011100001000001101010100100010111110110101101101000101101010010100101001010010011111011010
0100110011110011110110110001011100110100011010111110001111101011111000011111100001110110111001000000
0001001110101110000011100100010111011101111110101111101110001000110000000111100000111010010100101001
0000101001011111100011001001100001100010100111101011100010001101101000110100101101100011011110101010
1110011111001111001010110000100000100000011001000010110001100000001101011111100110100100111010011011
0101010010011000110001101110000001100010010000010110111100001110010011110101111100011000110111001111
1111011001110101010010100000110110010100111000011001110101111111010011101101011100110100100010111000
0100101010001100001010001101111100100000110101100101110111110100101010100101001111111011101010000110
1101000110100101000001001110011110110011000100011010010101111111000010101101001001001111110001110110
0010110100001000001010000110111111101111001011101111010001000001100001100111100011001100101110010101
1100111111110110101001010001100111101010010001010100100110111110000000011110000010111100100110010010
0110011000110011110011100010111110110001100000001110011001111011101011000110101001101011000101101011
0001100110010101011101011010001111110000010001111111010101110011101101001000111100010001101101110010
0011011011000000101010011101000000011001011010100000011001011111000010000000001000111100001011011000
0001100001100111001011010000111111110001010011011101100010011001000110101100111111111001010110111011
0010011111111100011010011011100011000110101010100101100101111010111100010010110011100001101110011010
1101111100100001100110100100001001110010110110100100110001010111000100000111101010110010011000100010
0100000001001001111001010101000111100101011110111011110110001010111101100000010001100000010100101010
0111000010111010100011001101000101111100110110000101000110000100100101000101011110001100011011011111
0111001101100110111110101111101110110011010010110110000001011000111010001101100111001010000101111110
0110101001001111111011010101100110111111001000111100000000101100101100110001000000101000101110011110
0100100101000011000111001010010000001111110111001100000000111110011110001110100010001101010011000110
0110001000010111111010010110011111100100000101000000000000001110111000001110111010001111100100101110
0001100000001010000110010110001111100111101010010110000011011101111100101000101110010101011011010110
0101111001110100110010111011000001110001001000100110000101101000011001001000111100111001111111111010
1101101100001111011100100011110011001011110111011001000110111100011010110000000001000101110010001100
0101100110110001111111011010010101001011101110010000110011010101100001101011001110110100100110111101
0110111010000011010001101011111000000011101111111001010101100000000111000111000101111111110111001110
0101110100011001000101011101000001110110101101110101111111000011001110111000010100110101100011011110
1101000110100111100011101100100010010111101001001010111101100001101001111010101010010000111000010111
1010011110000000000100101010001001000110101111011100011000001000110010110110110000001111001011001010
1001011100001011101100010101101111010010110111101000000100101100010101000000001110011110110110001001
0100011001010011101110011100110111110001010110010111101100100110010010101101111000111101110010010111
1000001110000000110110011000010001100110000000010101011111000011100011110110111111000010001101010111
1110110011110001100101101111010111011001000110010101111111001100000010110000011000010101001000111100
0100111100011111011100000101100000001000000010111110110100011001000010101101011000111111011001010010
0001010110011101011100110001011110000111100101100001010001011010111101110011100011001101001001100101
1011010100101011101001010000010000001110010110000110000010110101010010011011001100110110001100100100
1010110001110111011111111000101100010111110000100100100101101110111110001011110000100101110110101010
1011101110011011001010011000001011011100001000010000100001001110011011001111111000001010011100001010
1000100001100110001110000100001001001010101010100001011110101100100101110011100101010001101111010100
0110011010011100110011100011101111111111111100101011011000010010110100010010011011011001000000010100
0100001111110100101010101111010101101000011100011000011000110110010011111100111001001111100011001111
0001001010010101110011000111010101101111110000001011100000110000100111111000111110000000000111100111
0000010010101111011000000100111111111100010110111001011110000110110010111011001110110001011100011001
0111001010001111010001001100110000000110000010110110001010001010111100110111000111001110000011000011
1010010011001010010111101001110010010111100111101010001110100101111101010111100101011100110101000111
1111100000110111000111010000101100011111000010100011000110111001010001001001111010110111011101000111
1010000011101010111011110100000000001001011000111011011100100101010010000101110101011010111110011111
0101100000011010110111001101111011010001110100110101000001010000010010001110011010100111100110111010
1110011010011001010101111010110001111011001101111100100010111000100101100000100101001100101011011001
1010011111101100101101111110100011100111001011101000000110111101101101001100101110000100101101111111
1011011100111110111011101111110000100101111101100011111010010011100110010110011010100110101110111111
0111011001000010100111100010111001001010111001000010011101111011101111100010011101111001001001000100
0011111100000101001011111010111111110001100100001001001000010011010101010010010111001001010101110010
1100001100010011011110000011101100010001100110110000011111011010101110101110100101000110000001011100
1000100110010001001101010011001101001111111010010000101011111101100000101010001011111000001000110100
0100100111010000001101011110001011111100100000101110010111010101100100110000101110000010001110010010
0111100101000001010100111001111011011001010011011010100110000110011111011000100110111100110100110101
0001111111001001001000101001100110110100011110110101101010110001010001111001101111011010011011111001
1010010100111111011010000001010010011111011001110010110111111011100000101011010011101000010101000110
1101000001100011100101101101011011000100100111000011010110011010010110001011011100110111000110010110
0011001111101101010000000100101100110010100110101101001010100000001011100001000001011010101100010000
1000101101001100010011001011010010001010111011110011100110101100111100001100100011111011111101101101
1010010110010010010000011101011110111110000101110111101011111011001000110010100011111001000100010111
1110110000001111000101010001000000000101110000000011111101111100111011001111001110011101101011011011
0100001011100010110111010111101010011101101110111111111110011110110100110011011111011010010011001100
0111000110010101000111011001000000101100010100100010000000100101110010000011111110111000001100011100
