000110110011011111101011111111
001110011011111101101111111011
010110011011111000111011111110
111011111110111111101111111111
111101111111110000111100011111
000110110110111111011000111111
100111011000010110111100111111
111111100111011111101110111111
011110100101111111111011001111
000111011011001100101011010010
111111010101111100110011001110
111010011110101010110101011101
011111001011011000111001011111
111111111010101111110111111111
111101011111110111111110111110
110101111110011010100100110001
100101111001011101111110101011
110101011000011010111011110111
111110111111111111001101110111
001011101011111011001111111011
111111111100101011110001110111
010110110001011110110011111111
111100011110011011010101110111
111100001111110001111110111111
111101110000011111111111011001
111111110101111101111111101100
111111111011111010010101110111
101111111011111001101111011010
111111111110111011111111001101
110111111001110111111111101010
