011110111100100110111110111110010111111100111110100101011010011011011101110110100111010001111110011101111011111011011110010101110111001011001111110111
101101111110111110111111101111110101111101111110011110101111110110011101110101101101100111111111101001110100101110101110001001111011101010111011110110
110011110100111111110010111111110001111111110111111111110111110111110101111111110001011111101011110100011111011111101010001100111111111111110111010101
110001111101011011111111011111110011110111111111101110011010110111110110111111111001110111111111111001101111111101111001101111111010111111011110100111
101001110001110110011101101101110111111111101111111111100101010011111111111110011001111111000100001111011111111111111011111011110011000011101011111111
011110111111111111011011101011110111011110111101011100111101110001101101101111111111111101101101111100110011011100110101001010101111011111101111111101
111111010101111111011000100111101111110001111000101110111011111101111110111110111011111111101011110100110110111111101111110110111111111101100110100011
111111101111111110110111111110101111111100011101111101011111111001111001100011111110111111001101011011111111100110110111011111100110010011000111010111
110101010011011101011100001111110111011100111101001110011011111101001110111000100111011011011001111101111111101110001100111011110101110111111110111111
111101110011111111101011110011111011111011101111111111111100010111101000111111111111110111100110001111111011111110011111011000100110111110111001111111
010001011101000101110110110111111111111101011111011111111110111011111101100111110100001101001110001111011110101011111101111111101101011011110111111011
000111111110101101011011011110011111111111111111111111111111101111111110111111101111011111111011101110111000010011101011101111011101111011111111001110
111011110101001111111111111110101111111100110101111011111110001111011111010111110101011111110110111100111011101101110010001011110111000111111011000101
011111111100000101110111111011001111111100111111111100111011111111101111111001110100111001111111111110101111011011101100110111001111101011110011010110
011101111101100011110011011111111111111111111010100111110011011110010011111101111111111111111111111111111111111101001101111111011111011111101110111111
111011111111110001111110101111111101101011010010101001110110011111111111111010000101111110101111001010111011111111101111110111111001101110111110111111
111111110100101001011111101111111111011111011111111111111111110111101111011100010110011001111111111111011100011110111100101111110111111011110111100101
001101101111111110101110101110111111001000110011011101101101111111010011010100101111110110011101110111111111010101111111111111110111101011011111111110
111100010110111101011111111101101101111110111101111111101011011100101101101101111011111111110011111011111111111011101101111111111001111111111111110101
111111111011111110100111001111111111011011111010111111110110011000011100111111111110111101101110111111011011101010111101111111100111111000101011111111
110111101101100111100110011110111101111111111111111011111111101111111011110101111110110101100101111011111101001001111001101111100111110101110111101011
110110011010110111111001011100111110110111011101111101111101110111111111011111111110111101111000011111110111100101110111100010101011111101010111111011
111101010111111111111001111100111111111111111101011111111111011101111111101110111111110101100101111100111111111011001101110111110110001111001101101011
010111010101111010110110101110110111110111111111111111011111111110011111111010110110110011110001110110111101111111111111111111111010101111110110001011
111011110110110111100011011111011011011111111111101101111101100011111111111111101011011011111101011010111110011110010111011111111111111011111111110010
101100010111111000101110101011110111111101100001010101111111111111111101110111111110011111111111010111111110110011110111110111111011111110111110110111
111111011001111111111111110011111111110111111111111011100110111111101101111010001111101111111111011111010100111000111011101101010101111111111111110111
111110111011101111111111100001110111111011111011110101001111011111100111111110100111010110111111100111000000110110111101111011111101110110111111100111
111101111111111111011001111001111111111101111101110111111110001000100011111011110110111101111110101011111011111111111111010111110100001010101111101110
011111101110011110110000111110111111111111010011111101111111111110111100101100101010111111110111011101101111101111111101111111111111111111011011110111
011111111110101111111111011111001100110100111111101110011111111110010101100111111011010111111011001101000111110111111111101110111110111101111010111111
111111001111001111011111111111001010001001101110101100011111101001111101011111111000111111110111110110111111101111001111111111110111001100110011110101
000000110111111111111110101011110010111110111001011011111101111111110111011111011111001111111011110101111110101110111101101100111101110111111111011011
110011111011111111111111011111100001101110111111111011111101110111111001011111010101111011101100101001100111011100100101111111111111111100101110111111
100111111111111011010111111111011001111110111111101111101010011111011101110111111010111011100110011011111111110111101101111111011110110011110111100101
111111111111111111111011111111000110111111111010011111001101011011011110110110110001111001101110111110110101110101111001110011111110111111010101100101
111110110111111100101111011111101111011010111110110111110100101111111110111100110110111111101111101111001010110011110110111011101111101111001111010111
111111111111111010111111111111101011101111111111111011011111110100101111100111111111111111111100011111110101001111110011111011011101110111010111110111
111011011111111111111010110111011111110001111110101011101011101001011011111111100111110110100111011001111111111111110010111111010111110011101111010011
111111011011111010101111111011101111010011110110111001101111111110111100100110101111110111101111111111100111011111100001101111111101111001111111111100
001111000101001110111111101101001111110101011011111110011011111101001001111011111101010111100111110111111011111111111100111111111001001011001111111111
011110100111001110011111111111010001011110101111111011011100011101111111101111111011111111110110111110111100111011101101111010101101111101111111111011
111111101101111001111011111110111111111101011111111111101000111001001101010000101101101111010011111110100011110110111101101110111001011001101111011101
111101111011111111111111101111101111111110101010110111110111101010111101111111111011110111111111011111110111111111101011101101011111110111010010001111
110111111111011010111111101110111111111011110010011111111011110011110111100101110110111101101111101010111011000101111111111011010101001111111111111100
111111011111110010101111101010110110111101100011111100110011101011101111111111110111111011101111010110101101101111111110101001111101110111110011010111
111110000111011111011001101101110111111111111101100111111110011111101111101111011111010111011100011111111110111011110111110111011110111111100100011111
001111011111110011101111111111101110010011100110111111100111101111111110111011010111101111111110111100101100111010110001101111110111110001101011111111
101110110101111110111101101111110110111111110111011101111011111111111101111011110001110111111111101111110010111111110010111101101111011111111111100111
011011010111110011111111011111001101110111111101101111000110110111111011110001111100101111111011010011100011111111110111101111011111111111001111111110
011111111111110111111111101001111111011111101101110111111110100011011011011011110110111111011101111101110011011110111100111010110001111011110111111110
111111111111011011110111110111110011100010111111111011111101111101111110111111111101110011111000010111001111111001110101111111111001001000110111111011
011110101111101010111011001010101111111011111011011101101111011011010111100111111011011011111011101111111010011111111110110101001100011111111111110111
101010010111101111111111111111001111111101111011111110111111110011111111111111010011111011111101111111111110011111001011111101110011111110101001111111
011011100111111111111110111011001110101100111111101111001100011101111101111111100101110001110001110001101111111110111111111111111111011101011111110110
101101111111111110011111110011111100110011011110101101001101000111111110110101111010111100101111111010010111011101010100011111111000111001110011110111
110101111111110011101111110111111111011111101010101111110111110111111011110111000111101111111101010101001111101000100100110111101111111110101110101110
011011010111100111011111111111111101110101010011011111111001110111111111111110110011011111111111010111111011111111011111110110101101111111111111111010
111100111011111110111011011111110010011110011111111011001001101011111101100110010011101111101111101111110110010111110111111111111111011111001111110110
011011111001011011101111110101111101011110011101100111011110011100111111000110011011111011001111111011110001111111111100110011101111111111111111111101
011101111011010011001101111001111100111110111101111101001110011111001111111111110111110010101110110111111111100111101000110111111111111110011110101110
111111111110011111110111011101101111010111101010110111101101101010011111111110011111101111111110111111101111111011011110111111110011101011101101011111
100000111011111101111011011111111011101111110111100110100011110111111011010111101111111110101111111101111110101111100101101111111100101101111011101111
011100101101111111101111011101101110110111000011110100111101101000111110101111110111011010111110000101011101111110000111011111111100110110010111110110
111110000111111111001101111101101111100100011111111011011110111001110111110111010111101111111101111110110110111110001100101110111100111111111101011101
101111111111110111001110111100011111101011101111111111111110101010111011111011111110001010111011111111101101111111001111010111101111111110110101110111
001111110111010110101110111111011100110101011111110101111111001111011100111010110111001101010111111111111110011101010010110111111111001011101110111101
111110110011101101011111110001111111101101011001111111111111011111101011111011001111111101001101011111011111111111111110001110001110111111111000010111
110011111111110110111111111001010111111111110111111101111111111101110111110111000111011110111001110101011111111011011111101011111111001111011110101111
111111101011110110110111111101111011110101111111100111110111110110101011110111011110110110101001101110111011000100111111111101111101011101111111111001
000110101001111111001111100110001001111001001111011111011101111111011101110111010111111011011111001110011111111111111011111111001101110011110011111110
111011010010111111101111111110111110011011111110111011101111111011011110001111111110011111001011111111111111111111111101111111111111111111110111111111
111111111111011100111011111111100011111111011111110111111110110111111110010111101101111011101011101110011110111101110110101101000110011010010010010100
111110101101111111011101111110011111101010110101111101111100111011111110101111011011111101010101110100110011110010011100101010001011101111011111111111
001111101101011110110111101111011100101011010111101101100100110101110001010010111111110100111110011010101011011010101101101111110111011111100101110010
111111100111101011111110110101111111111101011110000111111111111110001111110011011101110110011111111111111111110111011111101111111101011011110010111110
101111110111100100010111111110111111011111010111101111101111111111111111111101101011111111111011101111111111111110101101001101110001011001101001010011
011101010111111000111100110010111110011011011111111111111000101111011111110110101000010011111111111101110010110110011111111001101111110111111011111111
111101111111111001111111110111110011111111111100111110110100101101100001101011001011111010010111111010111011101111110101110111111111100011111101101101
001111110110111010111111010010111111110011011111111111010111110111100111011100001111010011101111111010010001111010101100110110100111110101101111011111
010111110101001001111110111001111010010111110010010110010001011001010101111111110110111011111101111111011110011111010111111111101011111111110111110101
110001011111111111011111011110001100111110101111011100101000111111111111101100011010110011011010010111111110111111010111111101101111011110011110111111
100001111101001011111111111111101010111101011111001011011111111111111111011010111101011001101111111111111111110110100111011110110111011101111101001010
111111101101101101100010101100101101011111110111100111101111111110111010111110110010111111011010110110010111001110111111000110101111010101101111111111
010111110100011101111111001011010111111101111101111101111011111010010110111110101101011110011110100111111111111010000111111010011101111111011111011111
101111111101111111111111110111110111111111011110101111110101101100011111111111111111101111110100101101110111101111111111101101011111111111111110001001
001011111011111110110100111011011111110001101101011011011111011111111011110010101011110111110101111111011111101111111111101111101101111101100011110111
011111110111101101111110011111111000111111111011111000011110011010111101011110000001111011111111111111011011111111011111111111111111001111011001111111
011110111101101101100001111101111110111111110111111111001111111111001111100111111101111101111111111111011100111010111011110101010101001111111110111110
111111111111111010111111111011111111110111111111111111101111010010110011110011011111011110111110111111101111111111101111100111101111010111011110111101
111101100101111110111111111111111111111111011101110111111110111111001100101011011010011111011111111100111011110111111110110101110111111101110110011011
110100001001111011100101111111111000010001110011111111101100010111101010011111101101111111101111011111111111011101011110100111011011111111101011111101
111101111011011111010100111110101101110100011111111111011111111111011111101111011111100111110011000111110111011100010100001101110101110111111111111111
110111010110111111011010111111010111111111011111101001011111111110110010011101111010111111110011111110111111110111101101010101111111011111111010011101
111100100111111110110000011111111011101111111101110010010111111101100011101111110111100111111101001110111011111111011110101111010010101010101101101100
011101111001011111101011111101111000101110111100111011111111001011111111110111111010001110111110000011010111111111101111111101111111111111110101111101
011101101001111011111011000110011101100111101001101011110011111011101101110111111011111111100100011101111010111111111101101010101101101011111101110111
101101111000111011111111111001011011011111110111011101111101111011111001011101111111001111110100101111111111001111111101111011111011111111011111011111
110111011111111110111110101011100111111101111011101011010011011011110111101111111010011111110110110111111111101011110111111110111010111001111111011111
101011101111111011010111011101111001110111110111101111001110111111111111110111001111111111111110111011101100111101111110111101110110110011111101101110
000010010111011111111101111110010011110111111110110111010111110011110111101110111111101111011111011101101101110110111110101111110001110111011011111111
110110011110001011111100011111101110111110010010111111101111111101111001000111001110111111011001111110111110111011010111110111111110111111011111001101
110101111101111101101111110011011111011111111111111011100111111011100101011111100110110001111110111111001101111000101110111111101110011111111111110111
111011111111101111111111111010011011011011011010101011010111101110111111110111111111111110111111111001001111011111111111111101100100110111101011110111
101110011111111111111011110011011010101011001111000111101100111101111111101110101110101111110110111111110011110111101111110111110110111111111111111011
011110111010011011101111111001111111011101010111000101111010111111111011100110001111111011011101011111110011011111111101110111010101101111001111111100
101111111110111101110110110011111110101110111010111111111110111010111111111111101111111101111111111001011100111111101011100111011111111111111111111011
101111011100111101111111000011110111011110111100011100111101110101011111011110110011111101111111011010111100111011111011111110111101110111110101111110
110110111110101100110111011111111011101011110111110100101101111111011011110111110110111111100111101111101011011111100011111101101011000101011000111101
101111100101011111100011111110100111101111110011111111110111010111111011111111011110100111111111100111111111101111110010111010110101111100011000111101
111111101110111110111011101011011100011111010111111111111101011111111011101010111101111111011011111101110111110111111111110111011111111101101010110111
011111111100101111000101100111111111011110111100111011110111101111110111100111101111011101111111110110011110111011101101111011111111011111011111111010
111010111111010110110011110111111010111111110111111011100111111111011011011111111111111111100111111011011111111101001111100101001111111110111110110111
101110100011111101101111010011110011111111011110110111010111111001111011100100101100011101110111111101011111111110110110101101011111111001011111111011
011111110011110111111101011111101111111111111111111110101011101000010111101010110011011011100101111110111111111101001110111100111100001000111100110111
100111010110100011011101111111101001111010101111111110110111010000111111110101101101011110111010111111010101011001000110111001111011111011101011101110
111110101111011111111011001111111011000011111100001011100101110011011111011111010001011111110111110110111111001110100111101011111111111101100111110111
110001111110011111110111110111111110100011101110011110111111011111011101111111111111111101111111111111111100001111111011100111111110110101111010111111
111010110101100101000101111010110000111000011110110011100110010101111110100101001111111111110011001111111011111011111100011110101110011101111101101101
000111110111001101111111111111111111010101111011010101100110001101001111001111101111111111000101111001011111101110001100111010111110111110011110110111
000110101011011111111111011101111111111111111111111111101111111010101111111101111100111111110011111111111111111111111101011011001101101011111111111011
100010111110011101110011110111010111111011001010101111111111110101100111000001111110100110100101011101111101111100110011101011111100111111100111111110
011111011111101011111001101101111110111111111101111101110010011110011111111111001110111100001011111110110001110101111011110111110011111111111111101111
101100110011011111111011111011111110001110110011110111111110111111110111101110111111011111111111001111111111101011100110001001110110111111111111110111
000111111011111111111111110111110111111111101011011100111111111111111011011100111011101101010010111011101111011100001111111001110111101101011101101111
110110011011111111111011111111010111111110011111110111111011111101101111101111101100011111111111010111111110101111011100111110110011110111101101111101
111111111110100111111111110111111101100111100101101101111111111111101101001111111111001101101101111111111001110100111111011111011011111001011111011111
111110101001101111100011111111111111011110111111011101110010111110101101001110100010110110111111011111001111011101111101011111101100111111001111111111
011101100011011100100101110101101111110111110110110110111111101111111111010101101101111101010101111001100011101111111111110000110110110110000111101111
101001111111111011011010101111111111111101011111110010101111101111111111101101110111111111101101100101111111011111101111110110011011011011010100111110
111111110100111011011111110001110111101000010011110001101011110001111001111001111111010101110111011101101010101111011111001111101101111111001111101111
111011101011111111111100111101011100111111111101111101101111110001101111011111111111111111111101110010000111111111011000101011100110101111010111111101
011100101101010111111101111101101111111101010111011001011101111111010011010001111000111000111011111111011111011011011101111111111011010101111111101110
001101111111001010111100111101101111011101110111111011111111100111010111101111011111111001111101011111111011011111011111011101111110101001111011101111
111101100111011111110111111011110101100111101010111111111111111011111101111110001110111110110111111001101110011111111011111110110111010110011111110111
001101101100101100101111011101111101110001011110110011101111101111011101011001011111111111111101010011111111111110001111011111011011101011101111001101
111111011111111111100011111111001011111010011110111011001111110111111011111101101100110111011111110111111111000110010001111101011111001100000110111110
101111111011111011101111101001101011111111111111111010110111011010111111011111111011111111111101111111111111101101011110111111110111110100011111011111
011011101111111110111001111110111110001101101111101111011101011011110111001111111011011010111111101100111011001010111110111101000000110100000111101100
011100001111110111101101111101111011010101011100101110110101101111011111110101101110110111101101111111101011110111100111101110100101111001001111111110
110111001101101101110010111111101100101111101001110011101111111010111100010011110111110111011110111111111110111111110111101111110010111101010011111101
101101111011001111101111111110001111111111101010111110101111110111101101011000111111110011101011111101101111000111101011111111111111101111110011011110
111111111011111111111101111111111110111111111101111110111111101100101111110101011101111011111100011011111110001111011101111100111011111111111100111010
111011010111110011111110101111011011111111101101111111110111011111000111011011111011101100011011111111111111000101011010111111111011111101111100100110
110111101110001111111110111111110111010111001001111111111111101101101111011101101101001111011011100110111111111111111111111111011111111010111011001101
111011011110011101110100111001111100111111101111011111110111010111110111111111011101101111111101111010111111111111101101110101110101001011011110001000
000011001111001101011111000010101100000111111011011101001101111010101111010101110111110111111111011111001111110101010110111011111111110111111110110110
111111011101111111110000011111110111110110111111111011111011111111111011110101111101101111011111111111110101111010111111011111111111111111111101101010
110110111111011101011111111111101100111011010111111111111110111101011011011111010111101110101000111110111011001111111101111110111110111011010111001101
101111111110101110111111011101111111111011110111100111010001011011111101010011111101111101111101111011111010111011101111101111111011011101001000100010
