0100000010101001111000111111001110011011
1011001001111110000001101110000101111000
0101101000010110001010111101000101011100
0110110111001110101000011000100010000010
0011011111110000011001010101001101111110
0001101101101010100011011101010101001001
0110110100010111010000111101010001101110
0001111010011011010001110010011001111111
1001100100110001100000011101110111101101
0101110000010001100101000011111000111011
1100110010000101010011000010001000110100
0110101111000010100010110000010100111001
1101010100000001111000111101000110000100
0111001000100010111111110100101000000011
0111011100010100001101010000110111010110
1000001111101000111011100111000101000100
1001010011011101011100101010100110000011
1000101100101101100010100111000001101100
1011100000001111100010001101000001110001
0000000001000110100011110010000011001111
0010010000110101011100101111001101010000
0100110101100111000100110111101101010000
1110001100011101110111011110111111000011
1011111110011110000101101001111110001010
1111011010001000101010110011000001011010
1110111010001101011011100001001110100010
1100000101100001110111101000110110010101
1010111011001001011011011100001110110101
0001000011000110100001110010000011010011
0000011111010010000000110010001110010100
1000100101100100000011110101010110100000
1110110010011011100011110111011010011001
1001000010001010100100110111111100011100
0110111110000011011111101000100000101110
0100101111110000011000000101001001000110
1110100101110010001011001011110110000101
1110111111010000010100011000000111000000
0010101110101011010100000011010011110010
1001101101000110100100111100100001100100
1000010111010100101100100011100100010000
