010000010000110010001000000010111000000010001010001000100001001000000000011101000000101000000001101000001010000001000000000000010010000010100010100110
100001110010001000000011000000000000001111011000001010000000000100000010100100000000000010000000011001010011000010001010010111000000001010000000000000
000101000000100110101001100100000000000000001000000001000001000000000001011101100101100100010000010000001000000000011101000000011101010010000000000000
001001000100000100001100000010001100100000100001010010000000011010001000001001010101000100001101001000000000001010001000011000000110100110001010011000
000000111110000001110000000000100000000011101011000001001101100110010010010000000000000010110001000000001000000111010001010101000000110100001100001001
011100011011100011000000000001010000001010010000000000001010100100010100100001000000100001100000000101000100101000000010010101001000000001010110110010
010010010001000000001000000101000001100000010000000101001000100001000000000000010000000001001101110010100100101001010000101110000000000100001100000010
110011100001000000010000010001110110000000000101000100100000000010110000000010101001011110100100010000000001100010101100010000100000100001110000100100
000011000000000000010010000000000000100011000001000001010001001000101101001110110000001001000010000100000001010010100010000001001100000001000000010000
000110000000011010110001001110001110010000101000000000110000000100000000100100101001010110100100110000001100100100000000000100010000010110011101001010
010011000001000010010010000000000100011000000000110000000000100001001001100001000000000101000001100000100010100001000000000000001000000000001000000000
000001110010010010000001000111100010001001001001101000101101110000000000000101001101000010010001000100001101010011000111111000000100010110000000100000
101001000000010000001010100100010100110000001010000010001011000001000000000100001001000100000000010000100000001000000000001101000110000100100000110000
100000000101100000000000011001010000000001000000010000001001101000000000001000100000000000000001100000100000100000100100000100001100000000000100110000
010000000100000010010110011000000001000000000000101000110100000001000000000010000000001101000001001010000000000100011100000000110100001010010110111010
001100000000000000000000111001001100000011010000000010000000100000101000011100000011000010001000100100010000110000010001001010101000110000000010000100
101001000111001001001010010110100100000101010000000000010001000001001100000010000000111110000010000000010001010000101000001100010100100001000100000000
000011000000000010010111000000001000000010001001010101000101001010000000000000010000010000110000101010011010100001010000000000100000100100101001000000
001010000100000000001000001110110010000100000001000010011010000110000000011001010110100001010010100000010100011010011000010001110000101001010101000100
000010011110001001001001010000001000010011111001000001101100100001100000100000000010000000110010001000100101000001000000001000000010011000000010000010
101100100000100010110000001100001000001000001000100011001000101000110000001100100011110101001000110100000001000000000000101100000000010000001010110001
000100000000001001000000000000011011000000110100100100110000010101100011010110000011000000000000000000110001000000100100000000001000000000100110000000
010000001010101011000000010001001001000000010000000000000010000100000010010000000001100000000100000000010001000000000001100000000100000000000100100100
011000000101000001010000010100001010000100000000001000000000100010010000010100100001001010000001010000000000100001000101010000010011011011100000110001
001000000000100100000000000000011111000001101100000100001100010111000010100100000010100100000010000000001110100001000011010100101010100010100001001100
000000010000011110010011000100101000010101001000000010101100000000101000000000001000100000010010000010000110010000000101011000000010000000000000000000
000000000100011100101000000001110100010001000000000000000000001001011000100000000100000100010110100011000000000000000100010011110111011000001001010100
001000100101100010101001010000000000000110100010000000001001010000001100001000100010011110100001001001000100000100000100110000001100000110001000001000
100100000101000010100000000000001101000010010000100010000000000000000000000000110010101000101101000000001101001010000000001000011000011011100101000000
000001110001010100000010001000000100000110001010000101010000000000001100110001000101000001000000000000000010100001001000000000100100000000100010001010
100010010001000010100000011000000100010000000101000010001001010001100001110000001001000010111000110100000110000111001010100000001001000001000000001100
100001010000110000100100101000000000010000000010100000000100000000000000100101011001100000000000001001000000011100101000000000001101100001101101010001
100100000100000101011111110010000001110101001001000101000000010000110010000010100001010000001001000111100000000000100100000100101101101000000010000100
000100010110100110000000101011100001001010100000000000000000101111111110100101000001000100100000100000100001001100001110000100100000011000100100100010
000000010101000000100101100000000000000000001000010110000000001001000000001100100010001101011010010010101001101000000100110000010110110000000111100000
000000100000001000000110100010001100101010011010000000010000000000001110000000011101010001000001000010000000000000011011000100101000000001010011000100
000100101000100000000000000000001001000001001001000000001001000100001010001000000000100000000000001111000000000001001010001001100110000100001000011000
000000000110100000010000011000111000001000011000000000001010000000000100101010010000000000000100100010000010001001000000010000001000101101001000010100
010001000011000000001000000000000101010000001011001000100000001001101100000000000100100011101000000001011000000001010000001000010000001100000001010100
010000000000000010100001010101001000000000000000001000001010000000000010101000000010001000001101000100000001000010000100110111010001100001100001010110
110011001000000101010000000111000101000000001100100001000000000000010010010000000000101000100100110111100000101000101000000100011000000000000010010001
010010001001010110010000111000001000100000111001110000110010000100000000010001000000000000001001010100100011101010000100010000100111010000100001010101
000110000100000000010100100100000100000001001011010001100000010001110000001000011000000000000101000010000100100100010000000100001000000010000000110001
010001100000000110010110000010000001010001000000110100000100001100000001000000000000000000000001000001100010011010101110001000000001100000001000100010
111010000101100001011000110001001011111011100000001000010100001001000100110110011000111110000100010000000001000100100000010000100001001101000001101000
000000010000000000000100100000100000000010000010011100010010001100111010000101011000000000100010000000000000101000111111101000000100000000101010010011
100010000000100000000000000101010001001000100100000100000000100111000000010010000010111000100100000001101000100110000001001100000110000100000000110000
000110011001000001110000000000101000101001100000000011000000000001001000100100000010010000001001010010100000000000001000011101000100000000000011010100
000000000011001000001100000010010000000011010000000001000100000001001011000100010000011000110010101000000000100000010000110100101100000001100010000100
000100000010010001000000000000000010000001110100000101010000111001000001010011000000010001000000100000100010000000000000000000000110000100000000100010
110000000001001000000001000000000000001100001100000000001010000000001100001010010000010000001010000111110001000000000001000001000000000100011100100000
000000110000000001000100100001001010000000010110010010010000000000000010010100100000000010011011001111001001000000011000001010000110001000000000100011
010100000000100100101000010010100010000000000001000101000000110000000010000010101000000000100001010010110110001111000100010010000001111000100010000010
001010101000000001011000000001001000000010100001110010000000010011001000010101001000010011010000001000000000110110011000000000000000000001111100000000
100000010101001000010100010000000000001001100000000000000001000000001101000011000110001100000100000000001000000000000100000010000000000001100100000001
000000001100001010100100000001000001000001001100010100001011101001000001000010110000001110101000011110000010010000000001000011010010100000111001110111
000011100001110000111000110100100000110100000000001000010000010000001100100000101010001001000000001010000100100011000110100010101000000000000101000100
000010000001001001010000110000010000000000011000100000000000010000100000010001010010100000000010100100001010000100000000100000110000000000100000001011
000001000000100000100010000000000000010101000100001000010000010000100100000010000000000000001000000010001110111010000001100000001000100000001000000100
101010001001110011000000000100100000100000000000000000110000110000000000000011000101010111010000010001000000100000001000000011001000010000000000001000
000011100011010100011001000000000100000000000010010010010001010000000000011101010101011100100000010100010100001101100000100000101000000000000000000001
000100000001000000000100100100101000000000100000010011001111100101101101010100000000000000000000011011100000000011000000000000000000000000111110000010
100100001000010001001000001000000110001000011100010000010000000110111000000000101000001010100000100000000010000011001000010000001000001000000000000100
010011000100000000100110100000000100100001010110000000000000011000000000001100001100010001000100010000010100010011000010000000000000100000010010010110
000110010000000001100001100000000100000000000010000001000000001001000011000101100000001001000000000000000001000001000000000010001011001001000001000010
000000100010101010010100101000100110001000101011110001010000010010010000101000011011000100000000000000001101001000000001101010000001111000001010000101
000000011000000100011100010000101100001000100100000000000110011000001000000100001101000011000000110000000000010000000100110101000000000001000001000001
000011010000000000001001001000001100000010100100000000000000001001000000000001001100100000110010000000000000100010000000100001000000000010000011000000
000100001010000110000000011101000101101000000101101001101000011000100000010011000011000010011110000001110000110000000000000110000001100001001100001001
000001001000000010000000000101000101011000001000001000101010010000000001001000111000000000000000000001011101000010000000110100000100001010010000000001
010010000000000000000110100000001101100110000100100110000000000010000000000001000000000000000000010011000000000000001100010100000001100100110000000010
001000001010000000000100000000100000000000010000110000110000010010000100001100100000000001000110000000000001001001100100001100000000000011000000110000
010001000110000000010000101001110100010100001001000000001000000001000000000000100010001000110001000110001010100000010011010000101001011000000000001001
101010000000000100100111000001100000000011001010010101000100110000001000001010000100000000101001000101010100000001001101100001100000111100110000011010
101100001000010100101000000100000010110100100000001000000000100101000101010100000000000001000000100000100011100001010000010000000000000000000000000000
111000001101100100001101100000010110000000001101100101000000110110100001001000010100100001000011110001010001010110000000000011010010100100100000010000
000000011000001010000100000000001000010000001010011010110011000000001000010001001000100000001010100100000001010110010010000010010001000010100110000100
101101000011000000100000000001010100000001000100010001100101100010011010000010000110000100000000001001010001000111000100000110000110000000000100001100
001000011100010000001001000110001010000000000000000110011000001010000101100000000001001010101001000001000010100110000000001001000000000100000001110100
000100101000000001100000000010010001010000101100101000010100100001000100000100001001111100001000000110000000000000000000111011000000000001000010000000
000000010101100000000000010000110001000000101100000011001000001101110100000010010011110000000000011000000100000010000000000001000111000000000000001010
001100000001000000100000001001000001001000000000000000100001100100110000010101000000100101000000001000000100100000100101110000000101000010000000010010
000000000000000100111100100110000010000100000011000000101100000001001000100001001000100010000010001101110100000010101000001000000100000001000001101011
001100010101100100001111000001111101000000000000000000000001100001101000000000111000000110000001001000000000001010000000011000111110110000000110000100
101001000000000010101010110010010000101010001010000000000100000000010000000110011110000100100000000000000000100100101000001010000010110101000001001000
000000010100000011001000000100001001000000001011111001000001100100000000000000011000000010000000000000100001001100000000011000001100000001000000100101
100000011000001010000001000110000010000110001010100000111000101010000000100000110000000000111010000101000110000001110000100010001011000000001000000100
001100010110101010001000101100000110000000001000000000110001100001000000000001010101100000001000100100000011010000011011011100000101000000011010011001
010010010101000110000001000100100000001000001000000101010001001000101000000000100011010000000000000000000010100000001100000000110001001100110000000100
000001101010001000101000000001000011001000000000010001001001000110100001001100000100000000001100111011000100000010010100000000000000001000001000100000
000011010100000001010000000110100100001010000110100010010000101000010000110000100000101000000000010001000001100010100001001000000010001000110001011000
001010000001000001110000011000100010000000000000100101000001000000011000100000000000001000000010000000000001000100100001110001010010101000010110010000
000100100000000100001000000010101010001101000001001100010010000000001000010010110000001101000000000000000000010000001000001100000000010000011111100101
000100110100000000000010001010000000010110101010000000100000000100001001000000000000000001000000000000000000000000000001000010100001000010000010000001
000000001000000010110000111000000010000000000100101100000100000000011001000110000010001000010000000101010010100010010010000000101000010001010101010010
100110100011011000000001000110001001000101110001000110000000000000000000110100100001000000000000100001001100000000000110010000000000000000000010000000
100000100110010101101000001000100100010010000000110000000100001000100000001110000000000101000001000100000000000000011000000001110000110101010010000000
011000110100100000001001000000100010000011001001000010010001110100100010000100001000000001100000001100110000000000100101000010010000000000000001001000
110100000000001001010000000100010000100000000000100101011000010000000000000001001111000001000000010000010000010100011011000011010000000100111000101110
000001001001000100001000000000101000100111000000001100010100100000000000110010010010001100000010110001001000010101100100010010001000000100111100000010
000000100000001001000000011000001011110010100001001110011010010000000010100000010000000001000000000000000010100000010110010000000010010011011000000001
010001000000000000000000001100011000101010010010001100000001010000001110010101100010001001100011000100011101011000010010001001000100000011000010000000
000000100010110000010100000000001110000011010011011010000000010000001000001000000010010000000000010000000000000110000100000000011011000100000000010000
010000000000000111100110000000000000001000000000001010000000100100001100010101000010000000000010011001000000011000010000100001001101000000101001000001
101010000101000001000000100010000010001000000010000100100110000001000100100000000000000000000001000101000000100000010000100000000000000011000100111000
000001100101000000110000110110100000000000100000000010001010100101000100010000001110001001000001000001000000110001001000100101100000001001001010100010
110000000010000001000000110001100000010001010000010010010110001000000000101000100000001110000010000010000001010001001001000000000000000101100001100101
010000011001000010011110000010000110000101001000001100000000000011000101001111000000010100110000000001000010000010100000000110000001011010100001010101
000001110110010101000001100001000010000011100110100001001011000000011000101000100100100010100010000010001100000100001000000000000110100000001000111010
000000001001000110100000010000010000000000010000000001010010000100101000000110000000000100001000001101010110000000000000001010111000101000010000001010
000101100000100000100000000010010110010011010100000010000010100001000001000000000001010000000000000001010000000000000010001000000100110010000111000000
000010000100001000000000000100110100000000101010000011000100100000000000000111100000110000010000001100100000100010000010000000000000100100001100001000
010110011001000000100000000010100000000101010010000011001010011100010100000111101011000001100010000000100001000100000000010000001000000100000100000000
100010100011000001010001100001100000111000000000000010001000111110000001011001000000001000000000000100000110000000000000001000000110010000000000001110
000000011000010010000100000000011000000010011100000000000000100000000001000000000110101000110000010100000001000000000000011001000000000011100010111000
001010100000001101100000000000000001001000100100100101000000000000000000101010000000001101000010101011011000000000000010001100000000010001000001101001
011100010000001010100000000001110101100010010101000101000001001000000010010000000010100110001000101000000110100000000010001000000010000010000000000011
001000010001011000000101011100001110000101010100000010101000000000100011010001000100000011000001010110100000000000000010000100000101000100010000000110
010001001001000000000000100000100101100000010100000000001000000100000000100010000000000100000011001011000000001100011100000100010110101000011100000000
001010000001000100000011110000000001000000000110001000010010000001000000110000000100000100110100011000000010000000000000001010001010101000010000010100
000000100001000000001010000100100010000100000100100000001110100001110100010000010100001000010000000000011100000000000000000100110000110010000110000000
010111010001000000100001111100000010010101001001100010000000001000100110101000010101010100010001000110000000000010100000000010010010011101001101000000
000100100001100110011000010010000000101000010111000100000000000001000001000000110011110100101000000001000000011001111001000000001010000100100000101000
010011100100110010001000100000001101000110100011100000000000000000101111000001000000000100001000000000000101000000010110100000000100110000010010001000
010000100000000100000000001000000000000100000000000110111001000011001000000111010000101000000100011100000001010000000001010000011000010110000000000000
010011001000100000100000001000000000100100000001001000010001000000110000010100111000000000010000101001010100000000100000000000000010010110000000010010
000000010000001101100000101001001101100001001000100000001100100000000000110000000001000010000110100000000100010000000000100000010000010110001000000010
101000000100001010100001001010000010001110000000000000010100000000000000000110000001000010010000111000100000010000000010110010100100000000110100010100
001001001010010100000100100110111001010010100000100000001011101010000000100000000001011000000010000100110000010010000001001010000000100100000000100001
001100001001111010000010001101011010100001000111110100000000000000000100000001001111010100000000000001010000101001000110000100010000000100000010001001
100100000000100000010001111000000010100001000010010100010000000010000000000101001001101000110000000010100000100001001011011001000000010001000100001001
001000000000000000000001001000111000000101011000000010000000000011001010100010001100001110000100000000110001000000000100000000000000010000001101110000
000110010000000111100000100000011010010100010000000010010010000101001010010100000001100000010000100000000000111100000011100100001000001001110000110001
001010000101000100011001001010000110000001000000000010000001000001000000110000000001100000001010100010000001001001010000110111100011000001000000000010
010000000000001000110001001010001100011000001000000110000000001011000100110000000000000011110000000000000101010000000011010000000000100001000001001100
000110100101100001000000000100000000111000001010011000000000000000000010010100100000100010000000101100100010000110000100011011101100000011011000001000
111100000101001000000001100110000000000000100000000000000000000000010101000010000100000000000100000011001001001000101000100011100000000100010001100000
000001011000000010100001000010110001010100001000100001100000000010101001000000010010110000000010100011001110000000110000010000000010111100001100000010
100000010000100001000101100011010100000101000100100011110100010000000010010110000000000010100000001100010011000000100000001000010000100000000001100001
000001010100001000100000000000000001000000000000001001010000010100000110010000000000000110111010101110000000010000000111000100010000100110001010000000
000110100110000001001000001100010000110000010100001001010010010001001000000000000000001101001000001110010100100100000010010000100001000101010010000100
000011100100011010100110000010010110000000000000001001101000010000001000000011000001000000011010000100001000001110000010110000010011000001000001011000
100101000000001100011100000001001011000010000101100010000000010101010000000010010001000100011101100001000100001000100000100100000100000000011000000110
000000000100000001100000101010010011001101001001000000011000000010110000000000100010100000101010010000010011001000010000010000000001001010100100001111
100001010001111000001011000000000110000000111010011100010000000000000001000000100010010001001000001000001110100000110000001000001001100010100000000101
000101001000111000001001001000010000111111100111000000010000000100000001010100100100000100110010000000101001100000100001000001010001100000000100001001
000110000100001000000000100101100000100000001000000000000101000000001000110001001010100100100000011000001000110101110000001100000110001100000101010000
100000010000000100100010101000101001011101000001100000011010001101000000000011100001011010001000001000000011000001000101000000010000001000001011100001
100001100100001000010000000001000100000100010100010110010100010110000010010000001110000000000010001100000100110001001100000001100000010001000011000001
000010000000000000001001000000010000000011100100000100110100100001101100100000000010010100001100000010010011000000011000000000001110100000100001110110
