000100000101111101001111110111001110111101010001101001111110101001110100110011001101010101111000011110111111101001001011101010010101101111011011100101
001011001010101001001111000110011010110001101000101010011101000110111010100100110011100111011000111101011100001001110101100000001000110101010101100010
010110110100001001111101001010010101111011101111101111010000110111000110110001010101100011100010000100000000101111000001100000110000010010000001111000
101000101000111100000000101100010011100000101101011010010100101010000111100100001101010110100010010110001000100001001011101100011010100111100011001110
011001010101000000111101000110011101101000110101001100001000110111011011101000111100001111111111100110111010001101100001111110101001010010001111110011
010010000011101000000000000011101001011101101110111110010001011000111000101001010101101101111000011100011101010111001000101110110010010101110001001011
001100000111101110110100100001101111000111010111111000001010011010110001110010000000011100101011100100011011000011000000110010111000101110010011010110
001010001011111111110110011011010100111101001110001011000110000010111100110100100001100010011100001111011000100100010011101011000101010101101000111101
010100010010111011101001111110010101111110101010000111011011001000010101100010010011000000001100010011100110111111100101111111111111011101110001010001
101010100010000101101001010010011110001111110100101000011111101010111101110100010111001100111011000101100011110011100011110101011000111001000000000101
010001111101111001010011001000000000000111111111111100111010100000100010011000001100101110000110001101110010100010001010110111011100111000011101111001
100011110010101101101010000001001101001010111000001001011111000100000111101101010110111101011000110101011010000101100111001101000010010110101101010011
110101111011010110110100010000101100010011111101010010000001100111001100011100110101011000010101101100111010000000011010010011111000001001011100100110
100100011010100010001111011101001001110100101000010101101101110000111010111011101101101111001100010110110111100101011011101001110111100100111110110001
111101111011000010001101010110000111011011110011101000111101000111000001011101111001000111011101000110101101111111010101000000101000111111100110110010
100100110101100010100100110010100001111011110101011011110101001010011100101100100101011000100010100010011100011001011011111101010101000011000111001110
000000111000111101000111001011101100100011000101000101001000011101100000000011000000110100010111011101001011110111100101010001011110100011101010101101
111000011111000010001010011011010100010100100110000010001000111100001101111100100001011100101010101101100110110100111001110010100100000000101001110101
001010111101100100000110100011110000000001010111000010011100101001111101010101110001000111111001001110010001110111000111101000100010000000001001110110
001010110010100000000010111100111111000011101010100100001110100000101001001111110001000101100100100110100111100110011111000110100110110101010101011000
111010001101011001000110110101000110111011001001110011101101001010000110110000011000000010100011111001110111010000111000110101000101001101100011100101
111010110000111110101011111001110101000000100111111010101011110011010111001000011011111100110101000100110101110001110001111101000111100110010110000010
110000010011010011111101101001001100110001111101111000100000100110101010100100011010000001110010011010011110010111011101011110001100111010000111000100
111010001110011010000110111000000101111001001010101100100100111100111001101000000100000000010100000111100010111001100101100110011101001010111001001000
100100101000000100111111010110111111011100000100101000101010101011010111011110010010010010100101000010101101001101011000011101011000111001011011101011
100000011100111101011101101101111111001001100100101101001111000111111101100000110100111101011011101010100100000100100000010001000110011111000011100011
001100011010010011010111010000001011111011010100100001101101011000100111010100101011010101110000010110101011000010001010100010111111100010100111111000
110110001000011000011000110011001111101101010111111110111011011100000101011010001011000001100010111010100011111111000111111110010010011000111001100100
111011011100001111100000100101100111111001000000010110011000000101100100100100000101100101001100001001000101001111001001010000100010100001010110010011
100001110001010011101110010110100011000000011001100101111101010011010010100101001110011101111101010010111011111110101111101100001101011111000011000011
000001100000100110110100110011011110111101111001000011110101101000110010100110101111101100010100101111111011100001111001001001101010101011010100000100
011110011100000001110100110000100011110011011110011100001000111000000011111100011101111111011101111100001001101011101000110101100111010111000001101111
110011100101110010010010111100100111011110111111101101101001010001100110101100001000001011111110110101111000110010100011001000101000010001001001100011
101010111101101011011111110110101000110100011110100001101010100100001000101010101011000000011011110001100000100000100101101111100001110101101011101010
110100100100001000011000111111111000001101001110100011111010111000011011011000010000001000111111010111110011000000110111110111010011000010100011001000
001111101001011100010101111111011000010110101110101111111000101001100001000100011000110010111110101101100111101100011111111101001011011110100100101110
111110011000010110001011001110110100010010011110110001100111100011010101111101100111000111101111111111101110111110110001011101000000111101000011110011
111001011000111101001011101010111101101011100010011001001101000001010011100000001111011100110000110010101101011010000111010011011100111111101010101110
101011011101001100001001111110101010010000011010000100001100100111000110111110101011110111000000101111010001110110010000010000100110110110100001101001
100001111110010001000000100100101111000010100101010101110001111111011000010111110101001100001001111100101100110001010110001001111000001110011010011011
001000101111101110011000001000011001110100011010000110011100010101110011000000011110001111000010010000110001100011110101010100111000010000110110100010
111001110110101110111011011110110010010000101011111100111010001001001110110100000110000001100010001110101010011110111000110111001111001100000111100100
011111001111111101010110010000101001010101011100001111010101101011001000000100111111101011101111001110011110011101111101000000001101010001011000001111
100010100111101100100010001101111100101010101010001001110111000010100010111011000100001100110011110110011000101011011011001101111011001101101100011000
011101011011110000011011000001111111101011110101011001101100001011101110011010001110111000011100110101000111010001001000010110101011011111101110101110
001111110110100111100110111100011111100100101001001110100000111110101110001110111001110000011111110110010110000110011101000001101111001101101010010100
001001111010001001110101000100011111111011010000010110000100000010111000011000110001001110010001110000000101011010110100110111100100101001011111001001
101110100010101110101110000101101000000101001100111001011111011010001000111111111101010101110111001101100110000011001001011110101110000101110100111011
111001100110001000011111111101001111100001000001000111110101010010100111001100110010111011101000111111101101000111000001010111000111111101010010111111
000101100010110100001110000110010000110101001011000111111011001000101000111000010110000111101001010011001000111111100011011011101111001011110011111100
111111110111001100000111110100011001010001111101000010011010001000101011101001100110001010101011110100111000011000000100000000101010101110000001111111
001011001010010010010001010111011001001111100110110000101101011001011010001111010111110001111001010000110110010000010110011010000000000000011110101100
011101011000100101101100000110100011000010100110111000010100010001101110110100000001001011000000001110011001100011001000011111101010100000001111001011
101000011001010110001000011001101111110100111001110000111001111101100111100011101011011101010010101010110100101010010001111001001010011100101100001100
100000000010011100001111101101101111100101011100110101000000111010100010101101110010101110001010000100000000010110010011011011010010001000001011110101
111101001111001100100000000111100011000111110001111011001010100101011111101000010110000010100011111100111100011101110011101111111000101001000101001000
110010101111011011111100111111011111011011001001011101010101110001101111111111111111101000110000001011001101111001011111000010100001100001101000001001
110100010101011100111001011001100000111010111011100110001011010000111001010001011001000101100011000101101100011111001010001000010001111000100111110000
100000111111000000010100110100000110100001010001011000010101001001011110110101000001101001100100010100100110100110000001001101000000101000001101101001
010001001101111100001100011101101000110100110001110101001110100001010110100101011001100111001011111101010010011010101100000111011100100011001100110010
101110000110110001110111100000110111101100100100000001111001000011001110000110111101110111111100111111000101000101101110100111000110000011100011000001
001011100000010011000101001101011010000110000101100111101100000100100100011110100000111110011111000000111011010011000011100011000010111111011100110001
100101101100000111101001101100110011000101101101011101100010000000000000110010000111011010010001010110101011010000100011010011110011110001111101101111
011010000001101011000011010110000100001110000100000001010000010011000101011011011001101000000001110111100000001101101111011011001011011101000011010110
011110110100101100001110110001000000101100111111100000100000100101111010101101010010100110000111010010000101001011110110110110011101010110011001110011
101010000000101010100100110011001001111111101000000111011011100110111001111011001010001110001111001101000100101100101011011100111011000101100010100110
110001110110010010110011011010101001000010011110111011101100010011001111000010011100001111101111000010100110011110100001100110101110111000111011101110
110011111100010100100101110001100010110110000010000100010111000011001100110000000000100111100111110110110000101111100000010110101101000111010100111010
010011010100110101110011010000000110000101101111011110011110100011110000111100011000111000000100111110100101110000110011110000101111100110100110000010
101100011101100101101100111110001000101001001100100011011011110100110010000011110100100011000010110000000101110110111010010110001110101111100000000011
011110000011010000001110101001111010011011011100101111111011100010100100001001010100001000110100110011000111111010000110011111110000000001001000001100
000110101101001001110101111100010011110010000000101001011100000101100000100000101100110001011011000101010101110101010000101010110000011111101110100111
111111111101010101001011010011111100111001010001011011111011001011011001010101110110001111011011000110000001001011100000010001001001000110110010111010
101000110110111001101000101100010010101101011011010010001110011101011000101111010011101100001001000011111001101001100101110001011001100010101010001001
000011000011111101010101100100011110101000011111111100111000010111001010010010101101001010010101000100111000010011011010101001100011100000111000001111
010100010101101101110010101011111001101101100101100110101011110010001000110001001001011101100110000111010011101110011000010110101001111001000010011101
100000101000010010010000100100100100001100011101000101001000111101100100011000111101110100100111001111110110011011111110011000001101001110111111100101
101001000001011010110000000001000000100100010001001101101111000111000110110100101001111111001100101101101010100000111000100010110110100001010111100011
010010010000111101110000011000100100101100100111101001101000110000000101101011000000000011101101101100110110001001110000000110001110011011011110100001
011011001101101000111110110000010011000110100111110100111101100110101110110010000111000110001101110010101001101101010001010101010111100010110000001110
100110000010011000001110001101111101011010101101000001001101100101101001001111000110101100101111101101101011000000100100110101000110010101101000010011
101111000111110100000001010011110000110111111001011100011000101000100111101010011010110101011000001101000010110000001111100000010101010111100001000111
010000001101000000000110101101100100111011101000111101111000001011000000110000011100111011101000110011001100110110001000010100010101110110001011111101
111101011100111101110100001110110100111100100111000111001111101100000000011111010000001010001100010111111101101001000001111000111001110010111111001111
011001010011010010000100010010110001001000101100100100101011110110011101010011001110010010100101100101001111111001010001101111100111100011010111111010
100100100001100111000100111001010001011000001101100101000000111000001001000111000110100101101001001110100101110100111101101011001011111000001011101101
000011100111110101000100010001111010010110111010101011101010011101101010111101001011000010000101000100001001111110001100000110110100110111010000000111
110111100111011011110100011011110000111110010011010001100101110011110000110111011100010011000110011010111100001001111100011000010101101001000011010110
011110010010011000101000100000011001101010100010111010110001111011110100101001110011101101111110011010110100011000011110010101010101111100010010100110
111011000001011000110010011111011000101011100001110111000111100000110101100101100110010110000110011110101001110000001010111011010111010011111100000001
101111100100000101111110101101001011110001110001111100011110100000110010000110101010110010001100001001110011000110101110000001010011100101100100110111
110011010101101010100111011001111111010000011111000101001000111000000011101000000100000010001111110100011000101001101000110010000101010101010101100100
110011111101011001100000010011011111100100101100111100100001110001100001110001111111010010110010001101111111011001100000011111110110100010001111110010
000010011010111010010101100011111011100000101101000000000010110011111010001111111001101111110011011110101101100011011101010100011011101110000111110001
001110100110000111001010010100001111100011110101001001110101010011110101100110001000000111011100010110111110001110101000000000001101010110011111010011
000010100100101010101100110001010110100100110111011100010101011111110001111010111000111000010100010100111001000100111110111100011011000010101001100111
010010100001100101011000010100111101111100011110101001010001100100011110000001111010100000010000011100001110011101001011010010011000000110000011101111
110101001001010010001010001101011110110110011110111100010011101110011110000000010011000111010111101011110100101000011000010111101010011001010000100000
110001010010100011101010010110110001101101100001100011011001100001001000000011101100010111101100110001100001100000010001001111100100101111011101011000
111111110111111011110101001000111011101101111101101010110111101101011001101111101101111001011111100000101011011111101000111001111110111001000010011000
100110011000011100110011111101100010111001110100110011001000101110111010110110010011010111000110010000010010101010001000011101101101000001101010101001
010000011111000011001001000010101111101000001001110000001101100101000011010111001111100000101000011000101110000010000100000001111111100101100101001011
100010001110111001011101111101101111110111000001101101010110011100111000011011111001010111101111011101000011010110000011001100010010101001111001101110
110011110011110100101110000001101010001010110100001111010001010000010001011110100001000110111011010010000110101101111100110011001000010000001101010000
110111110001101110000010101001111000110101110000111010011100011000000000011001011011101101011111100101000110001100010111100110110101001010001101111110
110001001000011101011110110010000001110100101111100101011110100011101111000010100011110110001110110001011000110010101000000110111000010100010011110100
100010101111110011011011001101100011100001101101000100000011011000100010000111101100100000101010100111111001100110111010011110110111111000000100000001
100001100100011010111100101111110011011010001010100010001000111010001111110100011001111001101101001100100010010011000010011110001001101011110010010110
101100011110011011110101000101111101101110010000010011001010000001011111010101010111111001010100011010010110001001111101110010100101001100000011111011
000001001100001111101111000101001000111101101010011100111101011000101111001010000110111011001000100100100101001100011010111110101011110001110011000100
111010001000001100000001100111010001110001110010011001011101000111110010110110110001101110011010110110011000110001010100011111001110101001001000101010
001011011001011011110010110111000001101001100100110000110110100101110101000100010010011000100011100100111010010010000100000010001111110111001010111111
001001101110001010110010001111011000111011010111110011100111010010110110101110000010001000100110000111100111000101000110111100000110101000001000001010
111111101101011110100111100110110000000110111001110010011100110110010001111010110001100100011100100100010001101010010111001011110011100000101101100110
010010001101000011001101010001111110100011100010010000010001101111111100110011101000010100111011000100010110100000000000111011100011101110001000100101
010000010000111101011110100000100011101111110110000101111000000010001101001111110000110110000101011000011010111001001010100100101001010101110100111001
100101000010110101011010101011110001000001111101000010001101100101000100001111000110011111110111110110010110110000010001101010110001111111111100011001
010000001001001010110011000101000111010110100110001100001001100110000010010010001100011110100101000001011000101111000010000000001001101111101111000010
100100010111110100110000001101001011010100010000010100111100111111001110001010000100000011100001100000101011010011010100101100101111101110000011011000
111110011101011111110111000111101111110010110101110001111010011101101000010000010101110000000100101000101000100001001000101010111110111011011001011000
111111111110010101101101001101010111000001000010000001010000110010101001011001001101110001010001000100011000110010111011011011000111001011011001000001
000010101110100111001110110110010011111011001011110111100000001111011110110110011011000111011101110110010011111010100000101110111110100000001100010111
100111011001010100100110100101101101100100010001010111110110000101000011001010000001110101001001001110100011011011101011110001100011000111111110011111
000111001111000100011111100101010111100011011011100010010011100011110110000100111010101010001101011010101111011010010010010000100000000011000101000101
100011111010100001010011001100000110010001001011110110111001111110110111000101100000111001011000111000011111111101101001110001100001101000111001001111
000000011111110110001100110000110111110101010110110011110011111100000010111000011000110011101000011111010000001001100000101010100011000100001010111000
001011101000111001110000001010111100001110011111011010011000001001111011001101000001101000001000011111001110110001111011011111011010110011000100001000
101101101110110110000001101100000010010110010000000000110101001011000011010001010111001111101101100101101110000001001001010000101101101001100110101010
010110101110101010000011101001101001010111111101011011010001000111111100110110100001010000000111110111010101011100010111010000110101000110011101001101
100000011010010111011111011001010000011001100111110000000001100010111100000011111110101111011010001111001010101110000011110000011000111100100111000111
000101001001010010110100011110110011001001011101111011100000111101101100001001111000110001101101010101100010011111100011111001100001000000111100100000
100010011000010100001101001001010111000001111100110000001100001111011000111110010111110111110111000011001011110101111110101011011010100100000010001111
110100100110011010010110101010100100111000000010101010011111011000101100011101010011111110101100001101100011011111101111010010110101001010101010001011
011011011111001000010010110101011101111010101000100001000100011110100001000100101111011011010010010100010110010100011001000000100100000001000000110100
100000101110101000001011110101100001110101011110111001110110010100100101000110100000010110000100011100101011101010101111100010010100100110110110010001
110101111001011000011100010001010101111101011101101001000000010111011101100010001110001010110110101001000100100100111110001001001101001011010110011100
101110100001001110000111011001110011011100001000011000000001110010011101110010110111101001001111101000001001000100101111101100101000101101110110010011
110101011100101110011000110011111100110000111111110000011001111101010111000101101100101101110000011111100001011100011101101100110000010110010000111000
000101011001011011001001001100000111011010011101010001001100101001101101111010011101000001100001000011100001010001011100001010010110101010011111110000
110001101010110000010101100110100000000110100011110100000000011010110000101011110001101011010010011000100101010000011001101010001010001111101010001110
100010010011110011100001100100001100010100111110000111101011011010100011011010101011010001001011001010111000001111101101111011001010100000110000110010
010010000011111100010110001010100001000011011011000111010111011000011001000011100001100001111110001001011010000001011100011100111110001110100001001010
100110100000011110001110111011000110110111001110110110100100100101101001110111100011110110001110100110000101110100000110001001010101101110110000110000
111111101011000101111011111101011110101001000010011010110110101110100000000011000111110100011111101001111100110001000111100110001100000000100100110101
111010010010111011101000111100011101111011001001111100100111011011110001100011100010110010111101110010101100101101110000000001010010010001101011010111
001010111011011001110000001010000000100100010101111000100101010110010000100100001010100100101110001100011101100100011011011001000000011111101011100000
001101010010000110010001101000010111011100111011111111011010001000110010111100010011110000000000101111101000101110011011001011111001100101010100000110
100100110100100111101010000100110001010001101100111101100000001101100011001110010111011110110001100000101101010101100000011110001101010100010001101010
010111100001101100100100110011011101110110101001101010000001001111111101101001011101101110101011100001101001101111000100011010010101100010011100101101
100011011111010011001000110011011000101100100011101010101010111010000101011111101111011001100111100011000010100100111000111110001101101010000001100010
