0000001110101000001001000001110000001000
0000010001110000000001010010001100110000
0001100000101100010101100000010000010001
0010111000100000001010000000000100110000
0011000010010000000010000000010100110001
0101000000110000001110000001101000010000
1001000000000000000100001000000000000000
1000000000000100100000000001000010100000
1000100000000100001110100001001010000010
0100000000000000001010000000010010000000
1111010000010100000000100000100110000110
0100110000100001001001100000000010000000
1010000000000000010010000001010001010000
0010000110100000001000001001001100010001
0000000000000000010010011011011000100000
0000000000010000000000010001001000110011
0000000100000000000000000100000000011001
0010000000001010000000000000000000110100
1001010011010100000100101001010010100010
0010011010000000001000100110010001000001
0001110011001010000000000010001101000000
1110000000010000000000010000001000011010
0010000010110000001100000000000000111001
0100000000000011000001001001000100000011
0000001000000110001000010100000111000010
0000000000000000100100001010000010000101
0100000000000010000110000100000000000110
1000010110001111001000010000000010000100
1000010000100000000000000000010000001011
1010100001001010001100000000101101000000
0100010010000111000011000000010000100000
0101100000100100000010011000010000010000
0000000111110000001000001101000000100110
0000000000001000000110001000010000101000
0101100100000011011000100000001011010000
0111110000001101110001100000000100100010
1000000000000000100001100000100001000001
0000000000100000010000000111000010000000
0000000010100001001001011010100010010000
0010100000000101100100110100100000001000
