000101101001100000111010001001001001000001111111101100111111000111100100111000000011010101
000111010010111101111000010110111111001111100111110001111110111111111010110001100100100000
000010100011111100011000010000011001100111011100111100110100100010000010100100001101001010
110000111010010000010100011111000111110000011010001100001010000110010100100101101100111101
011001000000101001001000110100010100101100100010111100011010010110011011010111011000100110
110010001010010010000000100010111001011101101001001110011100110011110111111001111000000101
101100000100110000111100101111111101001010001010110010110010000011101111111100110000010100
010100001001100101001100011010000110110010011001010010110100101101000000010000010100010101
100101010111000011010011110110010001010110001000100000110101101111001100010010110101001000
000000101011110111111101100101110000000101000010100111011101001001000011000111001001001111
011101001101010011011010100010011001101011111101100111010101110111010101101011110000101011
101000011110001101101111111111010110000101110010110111010000010100010000101000110011010000
111010110100011101011001110010101010100110111001111000101001001010110111100001101001100010
011101100110100110000101100101100100110000111001111101110000001010001011101110000110000010
011010000001100100111101001010001110011110101011011110011101100111000111111100101001001100
011000010101111001001000010111001100000101010111010000011001101111001110011100100101101010
000001001110010001110111011101001100110000000010000111111001101111110100001110100000001011
010010011111100110110001110010101001101110011000101110011011101011011001101101110110000100
110000100101001011010110010111101101000101101011101101010000011100001000001111100000111100
111100101110101011100011010100010001110110101111110001111100011110100011111000011111011011
111010110111101100000110100010010011000100001111101001101000100100011010010111000011110001
000100110101011010101011001111101111100000101101110001111111001111110001000101001011011001
100000001011000010111101100110010101100010001101000100000100000101111001110011111011110000
000000001101111011010110010101100000100111101011011101010000100010001100100011111001100000
000011101111110001001010000100000100111011100000000000010111011100011001100100001010010001
011110011001100111110001000111100011011000000100111000000000000001010110101001100010111010
100100110001001010000100000110101100011110111101101101111100011011100110010010100111001111
010110101101010110110111111001001000111111001000010101011000001000001000100001101101001000
010101111011101101101110011001111011110100101110110101001100011011110110110111111111011110
100100100101010110100101010110100100110111011001001111010111011000100111100000111011101010
010001100100110001100101011011010110110101010001110100110101010000110011010110110101011101
011011101111000000011010000010100101101111000000100011110010111101110100100001110100000110
111001100010101111100100001110000000111010000101100001011100010100100101100101101010100001
010110110001011110100110101001110011101001101110110110011110111000100110000010101111101111
010100010001101000001100010010100100011001010001000011000101000001011111100000001001110010
111101101010000001111110010010010100001001100001001110110101100100100001010111001000010010
001110010010110011010111100111111100011111100110111100110111000001010101101000010000110001
000101011000011010010000111111101010101110000001110111111010010100010101110010000010111101
010011100010001001000000111100011111110011111001001110100000011100111000110101101110011001
011011001101101101111001001111110000110010000010010010100100101101101000100000010100101001
011000111010101001010011101101011000111101100110000100011000000010011110100101000100000011
111001000111000100100001100101110111101010110001100110101000000011110101011010101111110001
110011000011111000110101101010000101101011000001010011111101001010101001000110111010010011
101100010011110101000000001001100010001001001000010010000101000100111001111001000010000111
101101111010111001111111001111000100001000010100001010111010110110111101101100101000000100
111000000010000100011110011010001100100010001000110010000110000100100000100111010011011111
110110100101001110111001000010000100100110000000000101010110001011001000011110000111010001
110001010010111100111111001001101011011001100000001000111101110100111110000111000000111100
111010101111110001111100011010111100110001000100011101010111011010000100110110010000010111
011010110001111100010101010110100100110100110100101011000010111101011100000100101010111110
101111000000111001101001011001000001101000001001110110111001011110100001100011101100100010
101111000111011011100011001111100101111011000010101011110010100011100000011111100110001000
000001110111001011000000000001010111011101111100011100010101010000110000110110110110111101
010000000111010010111101001111011010010000100010110100100101100001010001010010101010010110
111000111000110010011100001000110001111101101001001101001000110011011001010010000101001110
111011111111011111110101101101111101110010101011101110000101001110000010110000011111111111
110111000100101111011100001110001100010011101001001000100101001010001101101000110111110111
111001011110001000010110101011101111100100110111100011011001001010111000111101111111011001
110110100000000001000100100001010100110000001110110100000000010101011111001111111111001100
100000001110101111000100100001100011100000110001101011011100010110000110010010011001011000
011001011010001111001001000000010101000100001001010101100000001001000000111010111100101001
010011000011000000110000101011111100011000001001111010100011001000010011001000010100011010
010000011100110111110100101111010100001100100010111000011100110100011010100110010110010101
110110011011001110111110100000011001011100011101011000010011001000000000110010110101110011
111111101010111111010101001010000000000011101010101100111101000000100101010100011001101111
110001111110001111000110011010010010100101000010010101100010100000101111010001101100100110
110001100000100010010110001011111101001101111101001110000100000011011011011101110000001011
010111000011100011001110110010110010111011011001010011100110011000101010000001000001011001
010010101000010101101011100100000010001110111011010000101110001001110111010111101110011011
100101101010101110000001011011011110110011001001110000001011000011001001010101110010010100
011011100100111100011000011011100110000010000001000000010011011001111000100101111110001001
000011100110111001010110100001101011110001111000001001101010010011101100010100111111100101
111101100011111001010011110111011010111110011100101010011100101100000010000100100001100010
110011111000001100011010001010100001011001010010100111110101100111101101000000100011010001
100001100011011111110000010000000000100001011010000100001110110000100000000100101011000001
001110100100011111101100100010101001001010101111110110000110001010101111101001100000001010
000010001110010010101011001010100101010001100111101111100011101100001000000001110110101100
010111000110100001101111010110011001001010010101001100000110000001111110000110001000111110
010101101011101111100011011111111100001001101000011111001110100101101111111110000001101100
000011111011000001010011000011110000100100100100100010011111111110100111000010001010110111
001111000100101000010111100111001111001001101000011001010111100011001011001001010110001111
011100011000010101010000001110110100001111000010001110111110111101001011000010001011011110
100000000001010001011110111011001100011001110110010111011110001000001111011010011101001110
101000001101101100011111001111100110000001000110000000111111000110010001111000100110111101
010110000010100100101011010001001110110101000001011010011000100111000001100011110001011011
100100110001000000111110110010100011111001100111110011011101011100011100010001010101100100
001100001110001110110100011111100100011100000101010110110111110010111010000111101111100111
100111110100001001100000001010110100010000011101110011111010001011000101000011111111011011
001010000110110110010000011011010111000010110100111001111000010111101000100101011110101100
100101010110000010011100101000101100111111110110100010011100101110111011011000011001101100
