01000001101011101111101110111000100000010111011011010000010100000001010011001001
10111000011011011110111001001101110001101101010101011101101011011010100000011100
01000001000111111011111000000110010001100011000111011011000010110100100110011001
01001010010101001001000110110011111101101001000111001101011111110000001100110010
01010110001000100101101011001011110101011101111000101010011001011111001111011011
00001010100000110100000110001101101000000011011010010101110100000000101001011011
00011101000101110110101100110010110000111111000010101101101110001011110011001111
10100010110110101111101001000000000010110111011011010001110011100010000011011100
10000101000100100101000001100110010111101011011000010011110100010101001110101111
01010001000010000010111011001010000101010000011100001100100011011111011100100110
11001000000101010010110101110101001001010111100000001001111110011010101000111010
00110011101010110110001110000110111110011010101111010111001001001111101101000111
11100001010101101010001100001100100011101011001001010000000110001010100110000100
11110010001010110001000100110111110001011010110010010111101010011010101001100100
10101111100111011010100111110110101111000111100110110101010001101011010011001011
01100110001101101100000100010000001100010111001110111101011111010000001011001001
11110001000010110111000011011111000110011101100001100010000101111101010111110110
11001111100100011000010110011100010011101011010110110001101111101101000011101000
11100011011110101000110111101101001010010011101100010100011000110011101100001110
10111001100001001000111110110000010001011100101010101000000000011001100011110001
11101011011000100011000110101110011000101111100001101000010010110100111000110010
01100000011000000111000101101100110011110011101100100110111111001100101101001000
11101011010110000001000110111010111000010000011011100100111100001011100111001010
10010110001111110111111011010100101001010011101001101111001110100100011001001110
10011100010100101111101101010100010010010011110001000000010001100001011110101011
01001001111000101010010110101101000011100110011110000010101110111100101001110011
10010010101001100011111001001010000011111010100110101111110111010001111101111110
10010010001001111101001110001001100001001101110100000001101011100100010011001011
11001100010010001110111001110011100010100011110111000101010000001101111010011111
01100100101111101110110111000010101011110111100101001101111011000001010110100000
00111010110101101000101000101100101011001111100001010011011101100011110101010101
01011100001001001010000001011000010011111110000111111010010010001001110110011001
11011110000111100000011100011110010011111111100100110101000010001001100001001010
01111010100101000101111010000001101000101011111110010111111010111101011110010101
00010100001100110010101100000110010011111100101001010001010101000011111001010111
00011000110100111000000000000000000011110011001110011001000110110100001010110001
00000001100110101110010011101111101100111001111011110110101111111111010001100110
01111000111011100101010101110111101100101111101111101100001010111111010110100001
01110011100010000100110001101101111111010011111010101000000011100111101011111010
10001011011101011011011110100101101110101101001100101101100111011000110001110010
01011010100111001101100000110011111011010001111010010110110111100100101111101110
11001011001000111001100001010111101001010011010010101111011000010000011110100000
10100111101111110110110111101111110101100101111111100110101111001000000110101001
11111111101010111110110110011110110111111110100100101101000101011011000110011111
00001000001101101011110110111110111011101011011111111000000001000001111100000100
11001101110001000100001011011000010010101110100010011011001000010010100010101000
10001101110110010011011101000000011111111010100011110110011110000000101011100101
01110000010100110110010001111101110101010011100010011001100001110010111001000111
10110111000101110101001001101001010111101110111100111001100011111001011110010100
11110001000110001000101110001111001011000010101000110110110010001101001110101110
00001010000000111101111100100001100011110111101011000100001010000101111100001011
11100101100111110110000000000011111110001000111111001000110110100100001011100010
01111010011000010001100100100101000101110101110110010010001111110111101100000011
01010110010101110010011100101100110011011111001001100011001000100010111111101111
00101000100101001000010101100011010010001110011001001100011111100001111100110110
01110111101101110100000100111110111100010101010110000100101001100110111000000000
01000111111001000100011001110100010010011010000111010001000001100110000010000001
10011101101000110010111010101111011000001100001001010010001010111111111000001010
01011010001101010110011101010110010011000110011000101111010010101001000001001010
10010110101010011100011101100010001110011011001000011010000001101110010100110000
01110011011011010100110101110101110111111010001011111010011001001000010001111001
01011001010100111100010010110110001010111011100110001011100110100000010111000101
00110001000000101110100111010010010111101000000110011111111101001010110100011101
01111000111001011011100001100000010111010101010110001000010000000101001001010100
01001010011111101101011001001001110011010011000011000000011110100001010111000100
00101000110100001100110101011000010111101000000001111001110100010010100011011000
01001011011111100010001000000010001011100001010100001101110100100100100110100111
10001010110100101111001010101111111011100001100011101010011000011000010001100010
01100110001111000011111001101011101000111000111100101111010000100110001011010001
10000010010000101000100110111111011011010100100110100111010111101001001111010010
00011100111101010010110111101000011100101100101111111111010000010000110101010010
00111000110110001010011010100111010001001111100011101110000101101010011010011101
10101011100010111101001010011101010101101111011011010100100001001110110101001011
10001111000101111101011101110010101010111000001100010100001011011101111010100110
00010000111001001101100011100100000111111110011001010110000110000011000001011110
01111101001000001001100001101011011100110001000010000010000110110100111100100000
11101111101000110110011110111001100000101011010001100100011010100100000110100110
01000011110111001010000100101010011010001001101111000110000001111010000101101000
00011110111100101010101111111000101010111001000101111110011000000011011011101001
10101110100100110001000011011011011101000011001100101100100011100010100110000010
