010101111011011011111011111111111101111111111111111111000011
101111101111110111111111110111110110001100111111111111111111
010111111111011011111110010100111101111101101101111111111111
111011011101100111110001111110101101111111110110111001110111
011101101010110101101110111011111110110111101111001011111101
111110111111111011111111100111001111111011001011111010110111
111011011101101111010111101111111111111000010011011110111111
101101101010101101110000111111111101101110101111111111111110
111111110010110001111101110110010110111111111111011110111110
011101100001101010111000111101111111101011001100000111101101
111011011001011110100110101111010110001111011101110011111110
111101100110101111110111111101000011011001100111001011111101
010111111101011101110111001111110111111101101110111111011101
111011001010101111110110111110010110111111111110111111011111
101001110111110011111111110101011101011111111111110111110101
010110110011110010111011011101111101011011010100011010011111
111101100111011101110111101111111011011001111100111111111010
111111111001111010001011101011111011010011101100111110011111
111111011111111110011110111101010110111111111110011101111000
111101111101111110100010111110110101111101000011111111010110
111011001100001101100011111101000111111101100111111111101110
011011101011111010100011111111011100010110111111111001010111
111011100011111111111101111111011111101111111110011011011111
110101101001101111001110010100110110111011001001100011011101
110111111111011011111110011001111101100110111011011111011111
111110011101011100111111101111111111111011111111101111101111
100110110111110111111110110111100001001010011111110101101111
111101111111111110111111011011011001100101111111111101111111
110111111010110011010110011101111111111111111111110011111110
110011110111101111101110111110101011101111101011111001111110
111110110100100111010001111011001101101011111101101001111111
111010111110111111110111110110001111111011010111111110101011
101111110100001111000110110111110101111110110111001011111100
111111111110111100111111110010111011101101101111111111101001
010011101111110011101011010011010100001111111111111111111111
101101110101101111011010111111111100001011110010110011110111
101111111100110000111011110111111100011001111011011111111111
101111101001111111111101010010011000100011101111111100010110
111101111111111110111011011011111111100101101111111010101110
111110011010111000111110100111001110001010111001111110001111
100111011110011101100111111011111011010101011111101011101011
101111001111111111111011010111110111111010111011110110000111
111110011001111011101110110111101111111101011011111110101111
110100101010011110100110111110111011100111101111101010011111
111011011110111011100111111111100110111111110001111110111111
111110011111111111101110011110111110011010010010110011011111
110111111001111000111110111111011111111011110101101111111110
111011111011001000011101111111111110111111111010111111111100
111101010010111011011101011111110111011111111111001101101111
111101111010111111111110101111010111111101101101000111100101
111111111001110111111110110101111110111110111011100111101001
111000111100111011111000111100010110110101101011111010000101
111011111111111111011011110010011111101111111111011100011111
111110010111111010111111111111101111100010000111111000110111
011111111111001010101000011111111111101010101011111001010011
011111111011111111110111100111101011110000011111000011101111
011010111111110111101011111111111110101110111111101010010111
011111111111111101011111111111101011111101111111110111011010
111101111010010111011110111111110011111111111110100011111101
111111100101111101000111111100110111100111111100111111111010
