001111111101101111111111111111
001101101100111111011111100011
110111010101110001111101110111
111011111111011101101011111001
101101111110111111101001101110
111110111011101101110111111100
110111011101110001111100111110
101111101110001111011110110111
110111110111111111111101111101
111110111000111101001110110011
000111011001111111111001011101
101101101010011101111111111111
111011101110011001110111001100
011110101111101011101110111110
110111011111110010110111111111
110111011111000011111111111011
110010011010011100111011010011
111111111111110100101101101011
101111101011111111011111110111
111001111011101110101101111111
111110111111010111110111011101
111001111101111101111011101111
110101010101111110101101101111
111111001011101111111110011100
111111111101011101110110001111
101101111111011110111001001111
100111101011111101011111110001
101011111011111000111111110011
111010110101011111110110110101
111100011111001111111110111110
