00001101110111000000110011000000010001001000000100100000011000000010000001000100
00000110001000111010100000000001100010000011011000000000010000000000011011000000
00000000100000000000110001000000110000001100001001001000000110000000000010101010
00000000001000000000001010111000010000100010100000000000010000011100000010000000
10000000000000100111000100010000000100000000010000000000000001010010001100000000
11000010001110001110101000001101001010000100000001000001001000110000011001000100
01000100000010000000100011000101101000000000100100000011000010000001101100010010
10000000000010000001000001110101000110000011000000000010000100000111111011101110
10100000000000100000011100000010101010100110000010000000100010010101100000000001
10000000001010000000001110010010100010001000100001001000000000000000001010110111
01010100010000000110101001001010011000001001010100000000000001000001101000100100
10000100000011000101001011010010000010100010010000101101101000001011100001000010
10000111010100110010000100000000000000110000100100001010000111000001000100100000
10000000000100010100001000000000001000001101011010100010010010101000000000100000
01001000100010000001000100010001000000001010010000000000000110000000110100000000
01000000000011000010000000000010011010000001101010011000000110100000010000000000
01000100000000000110110010000000100001100000000100110100001011010100111000100000
00001100001101001000000101001001001000000000011000001000000100101001000001000010
01001100001010011000001100001001100001100000011000110010100001000001010001000000
00001001000100100000010000000000000000000000000100000100000010001000000100000010
11100110001000001000010100000000000100000000100000000000000000100100000000000100
10100000100000001001100000001000000000001000010001001011000000000001000000000000
00010100111101000010000100011000000010100000110100000010100001000000100110100100
00001000110010100110101010010100000000001010000000101110001010111111000010111000
10010010010100001000000100100000010010001100000101000000000100000001000010001000
10100011001100000100000000000001001000000000001010000000001100100100100110001010
00010001000000000000000010001001010001001000010010110000000100000000000000001000
00011001010100100000001100000001010100000000010001011000010100100010000000001000
00010100001000000110011000100000000000000001010100110100100100000001001010100000
00000111000000000000000100000001110010100000000001000000001000000000000000011001
00000000111100010000000000000000100100110000000000010011010100001001000010010000
01000111000000100110000001110100000011110000100000011000100000001100000100000000
01100010110000001010000000000110010000101000000100000000000000001101000000100000
10110000001000010000000010110100100000011000000001001000001111000010001000110010
00000110101001010100000001000000000001010100110001100000011100010001001000000100
00001001000000000000100000010010000001110110001000011111000000100110000100000000
01000101110100010000001010000101000001000010001000010000000000110000000100000010
10000000000000001010000000100001001110100010101100100001000100010101000000010001
00010000100110001010001000000111100101000110000001000000010001010011011001001000
00000000000010000000000000000011011100000001100000000110110001001000101000111000
10100000011001100000010110100000110000000000000100110000001100001000000010000100
00100100100001000000000010000000001100100001010000101100100010011100011000010001
01010001100100100000000100000000000111100001000000000100000100000101001000000010
01000001001001010000000000001000000000010110000000100000100000111010001000000000
00010010010010010000101000000001001001010000000000001010001001000000100010000101
01001000001101100110011000111000001000000100001101000000110110010010100010000000
01100000000001010110000001000000000111000000010000010100011010000000101000110010
10000010001010001001001010001000100001001000010000000000101001010000000010111000
00000000100001010000000001100000000000000000000001001001000101000010000000000000
00100100010000000000010010010100011000100000010010011000000010100001101010000001
10000000000101001010000100101000001001001101000000000100000110100001011000011000
00000000000000011010000000111011000110001000001001000100010010000000010010000000
00100000010110010100010100010001010100000100100011000001101010010100100001000000
00000000000100001001000100001000000100010110001000110000010011000000000001000010
00000011000011000010011100000010000100010000100000000001100000101000110110011011
00000110000100000000010000000010000101000000000010001010001000001010000001001101
00000000100100000010001000001001000000010101010100001010000001000000000100000000
11010000000001000000000000010010001000110000011000010100000000110010100010101000
10000100000100001000000101000100011000001000101100001001000001000100011000001100
00100001000010110100000011111010011001001010010010100000000001100000000000110000
00100010100011111001000100000000010000000100011001111100000000001100000010010100
00001000001010001010001000000000010000110000100110000100101100000101110000100000
00000100000001010100100101010000000110000001000001100010010100001100010000010110
00011100100000001000000100000000001011100101010100001000010000000010001000000000
00010000000101000101000100000011100000011101000000000011000010100001111101110001
00010001100000001000100101000001100101000110000000001000001011100011100010110010
10001001000100000000000100010000010100100001010010000001010000010101000000001101
00000011101110000110010110001010101001100010000001100000000001001110001101000010
00000011101100101000001001000000000000010000111001001010010001001100000000000010
01000101000000111010000000000000000000100100000000110010001001101000000001001000
01001111011000001000000000001000011000110111001001100000001000011001000000000000
00001010000010100001001001000001000110000000000000000010100000001001000001001000
01110001010000000000001111001010000000001000110101010010010010000100000000000110
11000101000100000110000000000000000000100000000000001101000000001001010100000100
00100001011011001000001100001000110000010000001100000000010101001100000000000000
00000010010000000000000100000110010001010100001100100010000110101100000000000010
00100001000000000000000111110100000000110000000100100011011000000010010100000110
10000101011000000000101000000000001000001000100000000001001010100010000011001000
00100011010100000101000001000000010010000010001000000110000000100101100010011000
00000000110000000000000000000100000001000100100001000011000000001010000000000000
