00010000000100010100001001000000011100011010001010001111000101101010000001000000100010000000101010101100100000000000000000000000000000001100000010100001000110110001000000000000111010000010110011000000
00000010000010100000010000100000100000000010100000000011001011000100000011000000000101000000010011001101000011000100010010010000010000000001101000001101100000100011000001001000000110111110000000011000
00000000100000101000010111000000101000000000000001010100011000000010100000000010010000100101100000000000001001010001101000000010000000100111000000110000000010000100010000000000100000010010000001000000
10000110000010010000010010000000100000011100000000101000010100110001000011010000010010010000000000000000000000001000100010010101000000000010010001010100000100000100010000100010011000010000000001100101
00000100111100100100000111111100100000010000101000011000000100000000000000000000000000010011001100100000000000100000010000000000100011000100100000010001100010100000000000000000001010101000000010000010
00011000001000100000001010101011100111001000010010000010000001011000100000000010101000000111000011011001100010000100100000000110000000000000001011101000011000100001100000100110011000100000010000001000
01010001000000100101000000000110000000000001010001110000100000110100000100001100100011001110101000101111110001010011000001011101100100000000001001010001000000010011001010010100100000010000000000000000
00000010110000000000101100001100101101001101011001110000001000100100000000000100011110100011010100101011010000000000000000000000100000000000011001001100100101000001010000000100000000010000000001100011
00101001000001000010000000010000100000100000000100010010100000000000000001110010000100011000000110100010010000000000010011010000000000100000011000000001010100010001000100000000101000010101101011001101
00001001000000001000000010000010010000000010010010010000000000010001110000000000000000001001000100101111000001000100001001000001000000001001100001000001010010000010100101100000010100000101001000111000
00001100000010110000000000110000000010000010100010000000000000000000110000001000111000001000100001010011100000000000010010000101001101000100000010100001100100000111000000100000010001100000001010100010
10001000000000100110000010000100100000000001010000000001000001000000000000000100110000001001000000100101001000001001001010000000001000100100000000001001001000000000001000000001001000000001000000000000
01010000001000010000000000000110001010010000000000100101100000011000111010011000000011100100000011000000010100001100000000100000000000101000001000000000111000100000010100000110000000100011001000001000
00000000100000100000010100101010010010000000101100011000010101100100000001000100000100010000001001010000100000000000001101000100100000000000100010001000001000100001011010011010100000010100100000110000
01101110001101011000001100001010101001000000101100000001000100000100001010000000011001010000000100110000111000100100010000000011100001001110000100010000110000000010000010000000110000000011110000000000
10010000001010100011000100001011001100000010000000011001010000001011101000010100000100100100000000001010000001000000100010000000110100000101001000010000110011101000100001000000101101000100000100001011
00100000010000100100100001001001000000001000000000010000011000001001010100001100011010000000000101011000001000100000100010000000001010000100100001100000001100011000010001000100100101100010001100010001
10001010000100001000100010000100001100001000101000000001000011011110000000000000100000001001010000000000000111001001000001110010000000010001000000000000011000100000000101000010001100000101000001110000
00000000100100010000010000000010011100111100010001000010000010000001010000100010000010000010100000111001000100001101000001010000000000000101000000000000000001011110000000000100100010010000000010001000
00000010000000010000010010000011000100000000001010000100010000000100000010100100100101100001000111101010000001000100111000000000001101010000000000110000000000100010000001110100000000100000111111001100
00000001000000001100001000010000011000010100001100000110000010100010011000110001000010001001100001010100001000011000001000000010001000010101000010110110100000010100100000000001000101000000000001001000
01110000000001000011000000100000100000010000000000010100010000011100101011000000100000010001001001010000000100100000011000011100010000000010011101111000100101100000000000001101110110000001001110110100
10000101000000100000100010110100101100000010010000000010100011000000000000101100000110010110100000000000011010110000001000000000000010000000000100001100000000000000000110010000110010000010001000101001
00101001000001110000000001000000000000001000000010000011000000010000100010100000000100000110010100010000100100000000111111000000000011001000000010101000001011010000101000100010000110001010000001010000
00111100010100000101001000000000000000000010000000000001110000000000001010000000000000000010010001000100001000000011100001010001000100011100000010000111010001010001000001010000000000000001000000001010
10101000000000001000000100001010100001000000010000000001011110000010000100000000010000000010000000000100010000110011010000000000100101100100000101000100000000000000101010000001010001000000001000000010
01001100001001000000011000000000000001100001100010010001000000110000000000111000100101010000010010000101000000000000001111010000000100010011010000101100010101000100010000010010010000100001000000001100
00001000101000000000101000001110010001100111000100110000010000101000000000001000001011001000100001010000000000000000000000110110000000001010100000100010000111101000000000101000101000011101000001101000
00001101000001111000000001010010110000000000100000010110100000000010000110001000000000000010101110000100000010001100000000010000000101000010000010010001000000000000000100101010001000000010010100000100
00001011000110000100001000010001110000010100100001010000000000000001000110000000000010001000000000000000001001001000000000010000100100000111000000100010000001001000000100000000000000000001000000100000
00000110010011110011000001011000110001100000000010001111001001000000000000000101000000010010101101100000110000100000010000101010100000110000000000000101000110000100000100100001000000010000111000000000
00000100000000011001000000000100000000001000100000100101000010000101100110100101000001000101000100000000001111001010000010000010000110101000101000100010000000001110010000100110010010000000010001001000
01111101100100100000011001001110000010000000000100001010001000001000101000001101100010000100100001010000001010111000000000000000000110000000000000110000000001001010000010000001000000001100000010001000
10000000010001000010100000011110000010000011001000100101000001000000100000010000000000011000001001001001100000001010010001011000000110000011100100000010000000010001001011000000000101000000100001110010
10100001000010110110101000000000000000001100000001001010100001001000001110100100000100100000110000000001011010000010100010000011000001010011000010010000000111001000100110001100000000001010000000000000
10000101000000010111001000000000000001000110000001110001000000001000001000011000000110000011000010001100010000011001000100100001010000000000101011100100000001010000000000000000100000001000010111001111
00000100001011000000000000000000110000001000000111000000100101000000000010001010110001001000010011100000100000110010000100100110111100000100101100001000000100100010100001001010110000010000110100100000
00000101000000100000000001110010000100100101110000000010101000010001000001010001101100000000001001101000000000000010000000000100010000010010001000101000110100001110010010011000001010000011001010110010
00000000100000000010000000110010000001001000100000110001001000001000001000001000010000001011001011001100000101001101000101110000001000000100000100000110010000001001000110000000001000001000111000100011
10011000000010000010110000000100000000000001001100010000000000000000000010110101101010110000001000100110000000001100001101000001000011000101000100100100100100000000000000110100000101000100001001000001
10010101000000001110000100000001001010100100000000010100001010000000010000101001001010101010100000010000011000001001000010010000100100000000101001101010010010000000000000010000000100101000000000001100
00010001000000000010100000010100001101001000010000100000000000000001000100000001000110110000011010000000101100000101100011010010000010010010100001001110011101000010011000000100001000000000000011010001
11000000011000010000001010010000010100000000000100000001000001010001000000100010000000100001011100000000000010000000010101000001100010100100100010000010010010010100000010000000000000100110000010010101
00000011000100000000000000110000010001010000010000001000001010100000011000000000000000000001100001000000000000010000000010010001010100000100100000000000001010100100000010000000000000000000000010101011
01001000001001100100000000101101000001100000000011110110101010001000010001000010001001110000000000000001000010000000111000001000001010100101011101100010000100010010001000000011000000100100011000000100
00000111010100000010001001000000000001000101000000000100000010000011000001000010001001011100000010100000110010000000010100010000010001000101000011101001110100110100001101100000000000000110000000101001
10001001000001100101100000000000010000010000000000000000000110010000000010010000100010100000010001101110000100000010000010010010000000100100000001000010100000011000001000000100010001101110111110000000
00000000100001100000100000010000100010010010000000000010110100000000000110100001100001010010111100010010001001010010011111100010000010000010001011110000101000010001101000010101110000010000000001001000
10000100011000000001000100100010000010000000100000010000000101000111000000000000000010000000010000000110110000100000000000000000100000010100111000000010011000011000001000010100010001000100010000101000
00100011000000000010000000000100001110000000100000000000000100010111011000000010010010001000000000011000110000011001001000111000000010000110000100100000000001000001010010100000110001000001000100000000
00010011000010000000000000010001010100100100100000010101001101010000010100001111000100000010000010000011000110001010000000100001000000000100011100000000000100000110100010100000000010000000001000000100
00101011110001011000010000111100000100111000100010100000010101001101000100010000000000000100000001000011000001000000000010000100010001100000001000011001010100001100000100000000000110000100100000000000
10011000000001010000000000000010101000000001000000000101011100010000010000000010100010000000001010100001000100000000100000110001110010000110001001000100110000001101001010000010000000000000010011001100
10100000000010000001110000001011010000001000110000101010001100110000000001010000000010100000100000001011000101011000000000000000000000001000101000100000010000001011100010001110100000000001010000001000
11000100100000000010101100001010101001000000100100000100100000110000000110011001000000010000000001101000000110000011001000000100000000010011000000000001000000010000110001001100010000110010000010010000
11000000000110110100000111100011010100100010000000101000000000100001000010100000000001000100000001000000010010010001011101110000010000000100011000000000000100001100000000000010010000000000000100000101
00000010100010000000001010001000001011000000100100000010000000010000000000000110000000000100000010011000010000000000000000000010000010100100100001001001010000001000100000001100000010000010011100000000
00110000000001011001010011010000000000000000000100011000000110011001100100001000010000011000000110001100000000000010001010100011000001010000011000001010100001010100001100000001100000100000101000000011
01100001000000001000000001000010100001101001100000101100000000011000101100010000100000001010001011100001100000100000010000011000111011001100000011000010001011100000101000010010000001010000011001000001
10011000000001100000000001000000000010000000001111111100010010111000001010000010100000000010000100000011000010010000000000100100001010111101000000100000000000001001100010001000000000001000100000011101
01000000000000000110101001000001000000001001111000000000010100000010000000000000000100110111100000000000001000110000001010001001000101000000010110010001011000010011100110101000100000001101000001001001
11000100000101000100001000000010011010000010000010110000000000010000100000001000100010000010000000011100000000000000001001000101101110001110101010001001000000000000011100000000101000000100000000111000
10010011000001000000100000110000000000000001000000000111000100000101101000010000010000000000001000000000001000100110010001000001101000011010000000000010000010100010010101010001111001100010010110000000
00010110010010000100010100100000000001000010001001101110111101000100010000001000000000000001001010010000001101010100000010000000001000000000000000100000010000111110000100000001000101100000000000100000
10000100000010011100010000010000101100100000100000010000011100000000011010000100000110010101000001000000000100010000000001000010001000100011010100100000000010000000000100101001000001110001001000000000
01000011000001100101010000000001000000000000000011010000000000110000000000000001010001011001100010000011001000110000001000000101000000000000001010000100000100100010000010010100001000100000000010001001
10100000000000010100100001001000000000000000010011000000000010000000111000001010010000110001000110100000000000001000100100000100000000100010000100001110001000000000110000000000000110000010000010011000
00010000010000011010000000000101000001000110010011010001010000100000100010000000000000000000101101010000000001000100001101010000010000000000001010010100000000000110101000100111000000000000010000010001
00100100011010010000010100000001110000000000000000000000011001100011000100000000001000000100001001000011010000110000000100000100010000000000000000001000000001000000001000000110000001000110000100000000
00000000011010001010100000000000000000001001100001101000000000011010001001011100000010000000000000000000000000000000000000000111000000001000000110110000010000000000011001001100010000100000100000101010
00000000000010110000110010000000101100100001000001000000001100101010010000010010011011000010010000100101011100000010001000100101000010000000000000000010000000101001000100001000000000000010000000000010
00000010000000001000000001001101001000000100000100110010011000000000100000000000010000010001000101100001000110000100001011001111010011010010000100000000000000010000000010000000100010110100001000101001
01010000000010100001010110001101001010010000001100000011000100001001000000000000100101010000110100000101001000000000001000101100001000100001000010000000100011000001010010000110100000000110100000111011
11010000100001000000010000000000000001000000110000000100000000000000010000000001100010001000010001000001000001000000111100000001000101000111000001000001000000111011110000000000000000101011100010000100
00000000100000000011101100100001001000011010000100000001000000000000000000000010000111001000001000010010000000000000000000000110010000000000000110000001000000010000100011000110110001000001000000010000
00010000100010010000100000100000010101010000001000010110001000100000011000000001000000000000000001001011000000010000001000000100000001101000111000000000010000010001110100000010010000011010000011000000
00000010001010001000001000111000100110101000000000100010010001010010010000000001011100000000001100000100000000000101100000100000000000000001011011000010100010000000001010110000001110000000010101100101
00000011000101011001001000000011101000010000000000100000100000001000010000000001010011000100000000000001011000010000000100110000001000110000011110100100100000010010001000101010000001111000000001010000
00100100100000000010000000000000000010000010110001101000100100000010001000100000000110100100100000000010000000010010001000110000100000001000001000000011000100000110000010110101010000000011110001000011
00000000000000000000100000000011100001011100000100100010000000000100000001011100000000000010000010001001111000110010100110010000000101001011101001011110000000000010001100000000000010101001000001000100
10000110001100000101010000100000100011010000001100001000001101000000000011000000000001010000001001000000010000100011000000001000001010010000001000010000000001000000000000000110100000000011001110001000
00110001001100101000000001000000000010100000000001000000010000100110001100001100000100000001000001000100000100110101000100100100010000000001000110000000100000001001111100000010010010000100000010000000
00000101001000101000000000010000000001011000110000000000000000000000101000001000000000010011001001100001000010101001000001110001011010100011101100000011010000000000001001000100000100000111010000000000
01000001100001010001001100100000001101000100000000100000000010001000000010101010010011000101010010000100111000000000001001010001100001000100001110000000001111001001010000110100000010000100000010000010
10010011000010001010101000010100100100011100001011001100000001001000011001100110000101000010000000101100100000100000000001000000000000000100100100010110000100010001000000100110000000000000110100000100
01000010000010100001000000110001000010000000110100000001000000000100001010100100100110000100011000010100101110000000000000010010000010000101000000010110000000001000100000100110101011011000000000000000
00100001000010010001000000000000001000011110101000000100000010000010000000000010000000011000000000011000100000000000100100100001100101000111010000000000000000000000001100010010100001011011000000000000
00011000100001100000011000100010010000010100110100000010010010001110000110000000101000100010000000100100001100010100000000000010011100110000011011101000010101001000000000000000010010010000010011110100
00000010111100000100100000010100010010101000010001000000011000000100000001100000000000100011000000000011100000000101000100100011000101000000000011000000000010000000000001000011000001001001000001010000
00100110000010010000001100000001100000000000010000010001100010001000100000000110000101000001000001010010100000100010010000001110000010000000011000100110000010000000001110000100000000001100010000110000
00001111000000000010001111001010000100101000000100100000001111000000001000000001001010011000000111100101011100001011000000011100000111100000000001000000100001010000000010000011100110011100010000000001
00101101010100000101110000000001000100100011000000000000000010011110000100000000011100001100010100100100000000101011000110100000001100000000010100010001001010000110110010101001000011000100100100000000
10100010001000000010101000011010101000001001000100000100000010000101000010000010000000000000000010110001010000010000100000000011010001111000001100110100000010000100110001010000000000000100010000000100
01000001000000000100000110100000001010000110001110000000000000000000001011000000000101000001000001100001000010000000010100100000000000000010110011001001000000001001000011011101100011011000100010010001
10001010000001000000010000001010010001110110000100001000001000110001100000101000101001000000000111001100000000100110100000000000010000000000100100001100000110100101110111110010000000000100000000110100
00001001110000101001000100001011000000000010000100000000010100000011000110001000000000000011001011100001010011000000000000000000000001100010000010001000000000000000000000101100000100000000000000001010
11000100100010000001000000101000000110100100010000101000111000010110000000000001000100000010101100000000001110001000000111110100010000011010100100001100001011000010111100000001000010100000100000000000
01000100001011001001110010010010110011100001001000010011001000001001100101010000111000000110011100000101000000010010000000100000010100000010000000111000010010011000100000001010010001000110110000000001
10001011110100100011000000000010000011010000011000001010001000000010001100000000001010010011110100000011000000000011000001000000101100011011000000101000000001101000111000011011110100000010101000000111
00000100001001101010110100010000100000001000000101000000100001010001000000100000000001100100100000000001110001100000000000111101100001000110010100110001000000000111100000101101010001000000000001000000
11000111010000011011000000000000010101100000001001000110110001000000000000010001000010100000001000000010000000000100000001100000001000100000110000000000000000010110111000010100010010101001000000010000
11000010010100000000100011101000000100110000001010000000010001000000001010001000010111010011001001000010001000101100000110010000011000000000011000010000001000100111010111100000100111100010011010010001
00000011111000010001000000000000000000010000001110110100000100000100100000110010000000001100000000101100001001011000001100011100001000000001101010100011001100001011001000000001000110010100100000100111
01000111011100000010000000100000011000000000100000111100001100000100101111010101001000001010110101110000001000000011000001000000100010010001000000010010000000101000101000010000011100000000000000110001
10000110001001100000000100000010010010000100010011000000001000000000000000000001000111101100000000010000000000101000000010100001111010001000010010000000000100001000000000010000100001100011010011001000
00000011100010100000001001000010001100001000010011000001100000000000101000000101100100000010100100010000000000001000100000100001000100100010100000010011001100000000000100010000001010001000001000110010
00100000000100101000101010000101101000001100000100000000000010110100001010000101000101010010000010000111000000110010000100010000000010000010101001000001100001010001100010000001000110000010001000000000
00000000000010000110010100000001000000100100001000101110000000011000001100000000010001010010000010000000000000000001100000000100100000010001000000110000000000000000011110100000000010101000000000000001
01000100000000000100001000001001101000000010110000100011000100000000000100000000001001000000010110000000000000001111000000000011100110001001001000100100000011000000100000000000100000000000110010010100
01100010010000010101000000000101000000100000000100010100000000010001000001000000000000000000000100010010000000010000000001101000001001101100000100010010000000001001000100000101000000000010010001110000
00001000000000101000011001000010100010000000000010000000001010100100100000000001111010000101001000010100101000010100001101000001000010110100000101100110010000011000000001000000000010001100000010001101
00100010000000000000101001000000100110000001000101000101000110011100100000010111010000010000100001000010001001100000000000000010001100000000010110100000010010000100000000011001100110010000000010000000
00010000000110000110100000001101110100111000000001100100000000000010000000000000001000000011000010000110110010000100101000000010101001011000000000010110001001010010011000000010000010010100000000100000
01000100010010100011000000001000000000110100000000000000000000110001000100001000010000011000001000001100000010101000010000000011010100110000001010000000001100101100000000000010100101001100101000100100
00000010000000000000000011000001011011000000001100100010010000100000001000000011100000000111001001100001001010000000000110011000000100010000010010000010000000100011110010001000010000000001000000100000
00100010000100000110000011000000000100101100000001000011000000000000000000001000111000001011000000100001000110000000000101011000000000000100100000000000000001100000000010011010000011010001100100010010
00110100000000011001000110000000001000000100100000001000000000000010000001001001000000100000101000000000010100001000001000100000100011111000000001000000100010000100010011000010000000111101100010000110
01001000101000100001010101000010010000000010110100000001001000100000000001000000000000000100010000000000000000000100000000010001010100101001000110100010100001001000100000000000101000110100010100000000
00100000010101000001111100100000000000010000100101000011010011000101001111010010000100000000000000000010000000101000100000000100100000001010000000000000001000000001100000000010011000001000011010000001
00000000000001000000000100100000000110110010010100000001000000000011100001000101010000101001010010000110001000100011000000000110000000100111010000100000000011100000000011101000000110000010000001011000
01010000101100011000000100100001001000001101001100010000010010010000000100000001000000000001000010000100100000000010000000100100000000010010010001000000001010001010000101000000100100101010000100010000
00000010110001000110000110100000010000110110000100000001000001101001000100000000001110000000000010101001000001100001000000001011110100000010110011000000001100000000011000110000000000000110110110001010
00000000000010000100000000010010000110100000000101101001010100000000001010001110011000101001010011011000110001000000100010000000000000100101000001011000001000001010100000010010000010000000000000011000
01010010100000000110010010111100010000101101011001001001001000000001000000000111001101000010000010010110001000000011010000000000011100110000100000100100011111000000110100001000000000010000001001100011
00000010000000000000010000000010010000000000100001000000001010000000000110000000100000000110000000010010000001000011000001000000010110000000100100000000100010001100001101000100001101100000011100010100
00010110001001000000010000010000000011000000000000010010000101000110111110110000010000000110000010010010000100000000001110000010100000000100000000100010001001000010100101001001101000011000001110100010
00100100000000100100100000010011001010000100001100000000110000001000010100100000000001011100100000000000000010011100000101000100000000010100000000000100101010000000000001000000000110000000001000001000
00010010011000100000000010000000001100010011000000101000010011100100011101000000001100101000100000010000110010100100010001000000000011000001010010000000000011000100010010000000011000100110010100010110
00001011000001110000000001000110000010001010000010001000001001100000000000000010000100100000000000110001100110001000101001000100001000010000011100000010100010000001000001000000000000101001000000000100
01000000000000010000010000000000000111000001010000011001001000000001100100100000011000010000101011000100100000000100010001011000000110000001001101001101000000100000100000011101000000000001100000000000
00000000001100001001100000000000000010100000100000000000001101111000000010000100101000010001000000101110100001011000000000010000100001000000001111100100100101000011000100011110100000011000000010101100
00000010001000010001000011101101110010001001000000000000000011000000000001000001000000111011000001100000010010010110010001011000010000000100001000001000001010100000000000001100000000100000000000010010
00001000000000001000001100000001110000010110100101001000101101000000001100000000101001000110000000000001101010100000100000001001010000000001010011000001000101010000000001010000000001011001100000000110
00001000001000100001000101001000001000010000010000010000011010000000000101010001000100101010100100010000000001001000100000000001001000011100000000000000010010000000000000010001100001001100100000010100
00100000100110000000000001000011000000000010101000010000100100001010000010010100001000010010100100001000010001100100110100110000000000000010100100000011010000001000100100000010001000001000111000010001
00000000000000000101100010100010001001000100000010000010010100100000000100000100100000010000100010100001000100101110100010010010100001001000000000100000000010000011000100000000100000101000011000000000
10000000010010100000000110010001000000000000000000000100001101100000010000010011000000000000100010100000100011001000111000000000000001010001000000001000001000010000000000100110000110011010100000000001
10101000001100111010100011000100000010110011111011101001101101000000000001000000000111100000000000010000000001100001000100100110000101000001011100001000000100010111000001001111100000010000000010000101
00110000000000100000010000111100011001000100000101001010000001101010000101000001001000100000010111110000011000000000001111000000000000100001010110010000000000001010011010000000100000000000101000000110
01100000010000010110100000100100011000010000110000000010000100001000000011001001011001100000000000100011000110000000010100100001010010001110011000010001011001000000001011010010000000000100000000000001
01001000010001001000000000010001010110001111000010000100100001000000000000010001001010000000011010001010011000000001000001011000000000100000000011010000000000000011000000000100000001001001000001010010
00010001100000000000010000100000000000000000100010100001010010001000000000011100000000110101010000011100100000010010000111000001100010000111000010000000010000000000000010011000000000100100010000110100
01000111100010010000010000000001000111001000100110111101010001000101000000011111101100010100100000000110001010000100000000000000111100000101000100100000000000000010000010000000010011000000101001001001
00000000000000100000011001000000010010110000100001100000000010001010010100100100011110000001101010010000000001110000010000001000111000100110001000010100100000011000010100010010000100000100001001011010
10000100001001000000100110001000001100000010010100000000001011000101010010101100010100011000010100000010100000010110010001000001001010000010110000001001000000100010000000010011101001010110010000001011
00010111010000001000010001000000000100001100111100001000101000000000000001001001000000011010010000000000001000100000100011100000011010000000100000100001000000101100000000111000010100010011100100001100
10100100001000001001110100110101100101011000110101000100000100011000010000000100000000010100100001110010000110110000010100010100001000010000001001000000010011010010010110100110101000000000000000010100
00111010000000110001110000001000101000000000000100010000000010000001010000000001100011000001100001010101010101001000000000100000000000000011100100001000001100110000000010000100010100000010010111100001
01000101000101000000011100100000000011001100010000010000110001000010100000000001000000010000011111100000000000000000000000100000010100001100000010010100000100010100000000000100010000100001000010010001
01010001000000000000101011100010000100110100000000001000000000000111000000000101000011000100101010000000000010101000000000010010011000000000000100001000001000101000001100111110000010100110101010000001
00000000000000000000100010010101010000101110101010000000011000100010001000001011001011000100000000000011010001101010010000000100100000100000000000000001001001011000000100000000010100000001001000000001
11001010111100000000000010001010000000000000010000010010100011000000000001100010001000000001010000010010011000000000000000000000010010100001000011000010000011000100011000010010001101000010100010000000
01001001001010110000110000000000000001010000011100001000010000000000000010001100010000000010000000000000001000000000110000001010101000000000000100000000010100110010000010001101000000010010000011001010
00000100110010110100000010100000000001101110010010011100100010010000010000010000001000010000000001000000000000110000000000010000000001100001010000100000100010011001010100001110100000000000000000101010
00000100000111001100000100000000000000000101000110000000001010000010000000000000000100000001000010000110010000001100001011110110000100001001000000010110000000000100010100000000000100000100000001000000
10010001101000001000010000110010001011010100110000110001000000000100000000000010000110010000001000000010110000000100000001010000001010000100000000011000100000000100000101001000000101000100001100001110
10101000010000010000000100010010001000001011000000000000001000101000000010001000000100001101101011000000000010010000100110011011100101010000000000100001010000000000010000001100100000000000100000010000
00000001000000010010010110110100101100000100000001000000011000000000100010000000100100010010000010100000001010001001010100010101001010000001000000100011000000101100000000010101001000001001010001110100
11001100000011010101010000010000000010000001010000000000001000110100001001000000000000000000001000100101000000000111000100000000010100000000000011010100100001011010010010011010110000000001000000000110
10000010100000001010100110000000010100000010111110000010010010010000000101110100000010000010000001001000001000101000000000000000000010001100000100111010110000100000011001000000010100100001000001100010
00000000000000011010000000010101101001100000001010011101100100010000001001000000010101010000010001100011100001100100010010101000000000100010000101000110010001100010010000100001110100001101000001000001
00110000001000000010100000100011000001000011010000111001010000010001000000000010000000000001101000011100000000010100100000001001000000000100000001001001001101000000000000000010101001011011110000001001
01000010011000100011000000000001100011000100100000100100000010110101000001000111000000000001000010011110000000001010000010100100001000010110101010100000100000101001000000000000000010001100000001000100
11000111101001000000000010000000010000100000000101001100000110000000001011010000010110000000011000010110001001000010001000000000101000010100100000000000010000000010110100000001000000100001000000000000
00000100010000010000100101000000001010000000000100100110101110000011000001110000010001000001101011111001001010000010011000110100010000100000000000000000000000000001000100000100100000111000101010001010
00110001000011001000000000100001000001000100000001000010000001100010010011010000010100000001101010101100000100001010100001010001000000000010000100100001011010111001000000010100010000000000000110110100
00000010000101000000000101000000010000000100111110001000011001000001110000001101011000100100000010101011000100001000000001001000000000000011000000000101000000010000000101001011000001000001110000100010
00000000110010000100001000001110001000100000010000010000010011111000001000010001010000100100001010000100010101000000000010011100001000110000000100100110011100000001101000001000100000000000000000000101
00000010000001100000001001000000111001100011000001101100000110000100000110101010000000000111011000000100001100000011100100000001000000000011011000110000100000100000000000000010000000001000100011010000
01000000010000011101000010000000010010000000010000000010000000100000010000100000001000001000111000000100000000100000100110001110100010000101000000000000000100010000001000000000100011010100000011001000
00010100011000000001000100011011000000010000010001100000000010001001000000001110000111000001001100010100000100000000000101000000000000001000000001100100000000001000000000000010010000100001000000010001
00000010000001000001001010100000000001011000000110000000001000100100000000001010000100100000111000101001110000010001000001100000011011000001010111000101000001100000010000000100000010011000101100000000
01000000000001000000010000011000001011000000000000000110100110001000011000000100000000000001010101110000000000010011000100010100011100000100010001000100110110100000001100000001001001001000000010000101
00000111000010001011010000000001001000010100001110000110100000000101110010100010101111000100010100011000000001000000000000001000011100001100100000111100110011000000110000010010010100000000000100010100
00010100000011000100000100101001000010000000100000001101001000000001100010110100110011101010001001100000000000001101101000100000001000101101000110100101010000100100001010100101110000000101000000101000
00000000000100000000110001000010100000000000100100000000010000111001000000000010000000001011010010110010001001010000000000000100010001000100000010000000100001001001001000001010111000001000000000010100
10100010100001111010011000010000000110000000000101000100010011100000000110100000100001100010010000100100100010010100010010000100001001010110000010100000010010101100100101000011000100100000010001000000
10010100011000100000011001100001000010000000001111000011000000100000010000110010010000010000000001111001000000000010001000000001000000000000001001011010000000111000010000100111001001000000100000110000
10011100100100010100000000011000000001100100000000000000000001100100000000001000000001000000000000000001010000000000011000001101000000100000000010100001000001000100000000001001010100100000000100010010
01000000010000011100110100000000010000011000000000010000000000010010000000001000001000000010000100100111001000010100000110001010000000001000000101010011001100011000000000000100101000100001001100000110
11001000000000000010011100000001000001000000000000110000100000000010000100001001010101010011010010001110011100111001000100100010000000001000001000000100000000000010000001010000000001001000000000000000
00000000001000011000100001000000010000010000001011000000001000111000100000100100000001101001010001010100100000000101000000001000000011000000101010000001000100000100001001001000010010000110000001010000
01001100001010001001000000100000000000001010101000000010010000111100010101000101000000000000000010001100100100000000110010001001100100010000010000001100000000010001100000100000101100010000010101100010
01110011100001000010000000010010000010000000000100000010001000001000000100010100000001110010010000000010000000011001110000010100001010001100000011000000100000000100100001010000000000100000110000001011
01001000000000000000000100010000101100101000001000000000000110000000000001010101000001101110010000001000010100100100101010000100101011111000100000000000000001001110100010011001000010000010011010000101
01000000110001010100000000010000100000010010111010010000000011000000100110000000011100000111101001000010000000101100110001000001000001000001010110000100001100001010000001000010000001000001010000000000
11100000000010101000001100001000001001000010011000000010100000100010101011010010101000100000000001100100101001000000000111000001000000001000000011010101100000000100000000000000000001001000001000000001
00000000110110100100010010110100000001000000000001000100000010001000000001100011101000101000000000001000100000000011100000000000110010000000100001001010000001111101001000100010000100000100001001000001
10000000100001100001000000000010010010100000001000010000010100000000010011000010000010000001010011100010000010000101100001000000010011101010001001000101000010000100101010010000010000010000000000000101
10000100000000100001000000001011000110100000101010001100101000100001000000001010001010010110100001000100100011000000011001001001000000110000010010010000000001000100001000000000100000111100001000100001
00000000111010001001011001000010000001110000101000100000111000001000000100000000100000000000000000100100011000000100001000011110000000110010001100000110000100000000100000010000000100001011010110000000
00000000000000011001010000001000000110000000001001000001100000100000100000001000100010000001000000000000000000000001010011001101000000000000000001010000000100000000010000010100001100100000001000010101
10001000101000000011010000000000100101000111001000001010000000100110000001010000110100010000010000000100100010110000101001000100001000000100000000011101100000000000110011001000000000001000001001110000
10110001100000000101100100010001010100010100000100001000001010000000000000011111000000011000000000010000100001000000000100010000000000000000101100010000101001011010000011000000100001100001000010000001
00010001011001000100011000010100010011100001010010000000000001010000010110001000000000010100001000000011010001001110000000010100001000000000010000010000010001010000011000000010010000100000010010000000
01000000010001001100010100000000010001000110000000000010000101000011000010100100000000011100011000001101010011000001000110101001000101100000110100101000000011000000010010100101011001000000000110000001
01000100110010010011101010110001100100001001010110001100000111000110010110000000100000000000000100000000100000100000000101100010001000000000001111000000110100000100100001000010000000010000000000000000
00010000100000000001010000101000000100001010100000101001000100000000000001001001000010010000101000100010000010100100100000001001101011000110010001100000000101100010010100001101000100001000100100000000
00001001001000010000000011000000010101100001000000000000010000000000011010000010000100000000000100100010010000000001100001010101000110000010100110000000110100110000101000000000001100110000000000000001
00010001100000011000001000000000000100110111010000000001011110000101000110001010000000000010010001100111000100100000001000010000000000101101001010011110000000001100000100101000000000011011110101010010
