00000110110100000001000000100010000011000000000000000001001000101000000011010101100000110001100011000100000000100010010010000010000010110100110000010100000001000000101000010011100001100000001001000010
00000010000010101000100100000000010001000001000010000000100111000101000000010000000100000010010000000101000000000100100000010110100000000000000001000000000010000101010100101000100010011010011101000010
00010100110100001000100000000001000000000100101001000101010000001100000110001000001000000000100110000010100000000100010100010001000100001001010100000000000000000000101000010001010000000100000000100011
00101000000000000001100000100011000000000100000000000000001000000100110101001100010010101000100000000000010011001100000000000110001001001000000001000000010000000000000010001001000001000000000000000001
00010101000000000111100001000000000000010010010001000000000010000010100001000000010000011010100000100101110101100010000000101001000011010000001000000010000000100000000100000001010010011010010000001000
10101000010010001110000000000000000000010000100110011001101010100010011110110011000101000000101111000010000011000000000001000000010001000001100001000011110000001000000000001100000000110100000000011000
11000000100000000001010100000100101000100000100110000001110100000010000001110000000000011101000010100000000001000010101001000000100000101000011000100001000101000001000000100001110011100100101111001001
00001000100000001010100010000100100000101000000011000110001000000000100100001100010010000100100010100010000001001010011000000011000010000101010001010000010000000000100000000101010000000000000100000010
10100011001000001001001000000000010000010000001000000000000010011000000000100000011000000010100000011001000000010001010000001011100110011000001010010000000000000000010100101110000100000101100001100001
10100100000000101100100100000000010100100000000110000011000001011011000100101010011100110000000110000000000000000000000001000000000000110001000000100000010001000001010000100110100100001011010000001110
00000000100000001001000000100000010000000100001000000000000000110101010010000000000100000000010010000011001000010001101011100100000011000010000001010001100010111100010001110111000001001000000000110100
10100000000000100000000110000000001000000010000000010000000000001010000001001010010001110000001000000000000100000000000111100000101100000000000000010100000000000001010001000000010000000101000010111001
01000100000001000101111000000010010110000000000000000000010000110000101100000000000001000000000001010000111001001000000001001000000000000000000010010010100000000000110010001000101000011101110001100000
00000000000010100001000000110100000010001001000001000010000001000011001100100000000100000000101100100001000000000001010001000000100000110000110001000011001000001010011000001100010010011011000001010110
01000000010101000000000000011000110101000010000100010000000110000010000011010010000000000100000000000000000010010000100000000010000000001000100010000000000000100000100010000011100010001000001001100000
00000000000000000000101000000001000101011100100000100100010000110100100001000010111010111100001000001000000000000000000000000011001000010101010001100000010010000000000000001010100000100001000000100000
01100101111000000100000011000100001000000010000000001000000000010010000110000100000000000010101000010100000100110010000000100000000010000010000000100110001000100000000000010000000001000000100001000100
00001100010010001000011001100000001010010110110011100100000001011010000010000000100010010100100011110010010000001000001111011000011000001000000000001001000101000000000011001000001100000100000010100000
00001101000000000000000100010111000110001000010001010101000001001000000011101100011000110001000100000000100100000000010010000001001010001000010001000100000001000100000110000000010000100000000000001010
10011010101011000000000001101101010100000000000000000110000110100100000000000100000000011000100001001100000000000110100101111100000100001000111000101000101010010000110101001101000000000000000000100000
01111001010010010000000010000000000000110001011010000010100000110000100001000000101001111100001100001000001000000011100000000010000101000000000101111000100000000100000000000100000000100001010000001000
00000010000010000100000010100100000100000110000001000000000010000001001100100110000000000010000110100010100101100001000101000010001010000000110001010011110100100100000000011100000001010000000000000000
00000000100010010100000000000000100001111001000001001000010100101001100001001010001010000100001100000000101110110110000000000101100000011110101010000011000010110100011010000000101100000000001001000000
01000010010100000010000001000001000110110000000100100000010000000000000100000000001000000010100001100111000010000000001001000000100000001000011000100100000011100000111000010011100010010100001001000000
00000001000100001000110001100000011000110011000010111001111001000111000000011000010000000010001000010000000100001001011000111000000100001110000100100000000000010001010001000000100000000110000010100000
00001000000000001101000110000000100000001101010000000000000100011000000000000000001000000100100000010100100100000100000000000010001010000000001100010001000001000100000000010010001000000000100001010000
10010000001001000101010010000000010001100000000000000011000000011000010110000010000000000100010011000100110000011000010000000010001110000000101000001010000001100011100010000010001010100000010000010110
00000000000001100010000000001000011110010000010000110000101110010101010000000011000000100100100010111001010000000010000100000000001000000100000100000010000000001001011001000000000000000100001100001101
00000000000000100001000000010000110100010011010000011100101001101010001000000100010000000100000000010010000000100000000000000000001000101000001000011010100000010111000000000010000001001000001000000101
00000011000001001011010000000000010100011010100100000110000100010100010000000000000010000101001100100000001000000010000001110101000100001100000001000001010010010001110101100010000000000000101000000010
10010000000010000010000000000000001000100000011000010010001010000010000000110001000100001001001000100111000000101000000010101000001010100110100000010000000100001100100000100010000010000010010000100100
00110000000000010011000100000000000010000010000000110000001001100000010001000100111000000001000000100000000000000011010000000010001011010100000000010001001010100000010010010000000000010000011001000001
00000011000000100000001001001000010010010001000000010000101100001000110001000000010010000110000000110000000010000000000001000100110000100000010000110000000101000001010001011100010101000000000000010000
01000000111010100001000010111100100100001000101000110100110010000010001000110100000000000011000010000000000001000100011101000001000111000100000010001100101000000000010000101010010101101010000010000000
00000010000100001100000010010010000100010000100000001000010110001010010000000111000010001001100000000010010000100000101000011000110100000100100101000101000000100001000000000000100000011000010010111000
00000000010010110011010100011100011011100000000111000100110000110110001010010110100010000011001101000001100001001010000000000000000000011000000011011100000010011000001000101000110101001011000000010010
10000000000011000110000100010001100100011000000000000000001001000000000100000000001100010000000001001100110000100010000110010100000000001010011000011001000000001001101100001000100110001010001000000011
11000000000000110000001000100000000100001010100000010100001011000000110000010000011000101100000000101000000001010010011000001000010000000111001000111000110010000100000000000000000000000110000000011000
00000011010000000000101110100010000100000001000000011100010100100000000000110001000110000100110001000000000100010011001000100111110000001100000000001000000000000000100100001100000100000000000100000001
00001100100000010100101110011100101010000010000000000011010001000000100000000100100000000000001010000000101011000000001000000100000000000000000011000000010000010011010001100000010000100000000000111000
00000001000001010010001001000100010011000100110000010010010001100000010010010000000000101010001110010101111000110010011000110000000000111000000010011000011000110000000001001000000011000010100001010000
00110000001000010100010001000000000000001000000000000000000110000000100000111000000100000100010100010101001100110000000010110000110000000000000000000011001000000000110000110000100101000110100000000000
00001000000100101100010010001101000001010001000100001110001000000000000110001001000010100001000000000100001000110010100101100110101000100000001000001011001110000000110000001000000010100101100001001000
01000000000001000000101011001000100000100010100001010001000010000000101000000000010000100000000010000100000010011001010001010000000100000010011001000000011000000000000000000010011111011011001101001000
00100110000000010100000000000100011001001001010100100001100001100000100001100000000001000100010111001001000101000010000001000000001110100000000100000100001100100001000000100000101000000000000100110000
00001000000000000110100001011010000000001000101000101000000000000101000000000001000101100000010011100100001111000001100001110100000011000000100000000000100100000000010001100010100000000000110000000000
00100000101000000000100000000010010000000000010000100110100000000000000010100000001000001000001111000110011000001100101110010100000001000100000001010110000000100001000010101001010100010000000000000111
00000110010000100000000100000100000100000010100000101000000000010110000011000000010000100000001001000000000010000011100010001000100000000001100110000100100000001110000000101010100100000000000001001000
01000111010000000100100010000000000100000000000000000000101001000000100101000100000001000010001100100010000001011111001101100010000000011100100000100001001100010000111000010000000000100100000000001100
00101001000001000110011000000000000100000001000000100000010001100000000010100000100000000001001010000000000110000101001001100000100001110001001100100000010110010001000000100010010100010000111000010100
00000000000000010100000110010001010000000000111101000000000110110000010011000000001001000001000000000000010100010001000001001001101000000010100000000000100001010010100100010010100011010010001001001000
00000100000100100010000010011011110001101001000000000100001100010001100010001000010101111000010000100000100100100010001100100010010010100110010011000111101100000110000100010011000000010000000111000000
00000100000000001000001010001000001000100010010100000010001000000011000010100000101000000010010010000011011000100010010110000100010001100000010100000001010011010000100001011100010101010000000001000001
00100001000000010111000000001100010101100010001000010000000000011010000101000101110100000101011110000000000000000000100010000001000111011000000010000101000101000101100010000000010000010100101000110000
00000001010001000001100000100110000000011010001000001000001000000000100000000000100000001001101010101001100100001101100111100100100000010100000100000010010000000001000000000001100001010011000001100000
10100110010000000010000010100000000000010001100000000000000110000000100001100001000110000101001001001000000000100110010100000111000001010000000000000001011000111001111000000110100000010011100110000000
01000110000000000000100010011000110100000000101010000000010000100000100010000000110100000000100101100101000000001000000000000000100100000000000011010010000000001110000101011000010110111000010010010001
00100010000010010000001110000000011100111000000001000000100000100100100001000000000000010001010000101000001001010001000010000000010011100100100001001001001010000000100010100010001000111100101000100000
10010101000000000000000010011011100011000010000010011010000000010001000001010010110000100110101000000100100000110110110000000000010000100100010100000101000000100000000010000100110000100001100010000100
01000010000000100001001001010100101000100100000000110001000000010010000000000101001011011000010000000000000001000000101100000110100100001001000011100110000000010001100000101100011100010001000000000010
01001100100000100001010000010010011001000101000000100001000001100001100000000010000101000101000101000000000101100000010100000101000011110000010001000010000000001000100100000010000100000010000000000000
01000000010001000110000010001001000011011000100011000000000010010001100000100101000000011001100100001011001000001100011010001000010011000001001100010000100100000000001000110010000000000010000000100000
10000100001010010001101000001001000100101000100001100000110010010010100000000100100000000001100100101000000000111101000110000000000001010000100001110100001001001000000011000000011001000001101000000000
00000000111010011100100001110100000100000000000100110100001101101000001000000011010010010000111101000110000000110001010100000100010100001101010000110001000000001100100000001110100010100100000010000110
10100000110100000110001001101000101000000000000000000100000000010000001000100000011100100000000000101000001001001000011010100000100000100000100000001100010000101001001100010100010010101000000011101011
01110000001000010001000010010100000100000000010100000000010000000010000000110010000010000010100011000100000000011001000001000000111001000001010001000000001101000000000010000000000100000001110000100110
00001110010101101100000010001010011100000000000100001100000100100100000000000001000110000001000000000010000100000000010000000000001100000010000000010011001000010010100001000000000000000010000000010000
01000000011001000000011010010000000000000000010000011000001011000000010000101000000001000000100100100110010000100010010101000110100110000000000010000001000100100000110000000110100010000100100001110000
00011001000010010000101000000000100001010101100010010011110011100000000100100000000000000000000010000010100010000010010000010000000010100000100001001010000001100000011100100011000001001000000000001100
00010100001000000000000000110101101001001000000000100000000000000001001000001001001000001010000001010000000000000001000110101101001000000110010000001000000000100101000001000000001100000000011100000001
00000100000011000000010000001000010100000001000000000000000000011000010000100001010100000000010000100000000111000011000000100010000001001100000000000001010000001000000010011000101010010000100000000000
00110101010011001000010100100000000010000010000010000100000000000000100000001000010001100010010000100000000011000100010000100000111000010000000010000001010111001100001000000100000000010010100100001001
10100100001000101110000000100000000100001010001101111000100000000000000000000001010100100001000000001011000110011000101000000000000000011010111100000000001010001010010101001010100000000100000000100110
10011010000100110010101000000001100000000000100110100101011000000000000000000000100011000101001000011100001101100100100000110000000000111010001001001000000011011000000110010000000110000000001000010001
00000110110001000010010000000010010000100100101001001001000001001101101000010001000000110011001101101100000000011000000001000001000100000000011010001010001001100000000001000011000001000011000010010000
11000110000000100000000010000010010101101100000000000000001000000100000000101011101000101101100111100010010001001010000000000010000110000000100000000100100000000001101001000100001000000000100000010110
00110001010100000010001010000000000000000110000000010000000000000001010100010001100000000001000000110011100000000001110010000001000011100000100000000011000001110000010001000100010000001000000010110100
10010001000000001011010000001001011100010000000010000100000101100000000000000000010110111000000000000100000011001000000010011010011000000111100100111010000000000100000010010000001000000000100100010010
00000100010100110000011000110000001100000000000000000000001010010100000000010000011100010110100010000000010100110010010010000100010100000001010010010000011001000000010001001100000000000000010010010110
10000100000000000000000000010010001000100010010000000101000101010010011010111000001001000001001000000010001000010100001000000110000001001000001011010000100000000000000010000001001100011100110000010101
10000000000000010100100000000001000100010000000001001110101000100000000001011000010000000000100000010001011000001010001000110100011010000000100000010010000011100000000010000000000000100100000000000000
00011001110100010010000010001001100001000001000100010100101000011000001110000110101011001000100000100100100100000001000000010001000000000000000000000000000100010101000001011100100001000101000000000000
00100000110000010010101101000001000011000000001000101000000100001000010000010011010000000100010100100101010001000000010100000000000101001011000100101000000011010000001000001110100000000111001011000010
01000100011001000000000000000010000010100100010000010101100010001010001010000110000010000000010100110000100001000000000001000000011001001010001100000000000010000000110101010011000000010100000000000000
00010001000000010100001000000100101100100010000000000001000100010110000001000100010100110000000000001011000010001000000001000000111001000000000110001000110000101010000001100011000000000101000100000100
00000100000110000000100000000000000000000000110010110000000110000001000101000001010000100000100100001100010100000010011000011001000100000000000100000110000000101000001011010010000001001010010000001010
10010000010100010010100000010000000001001011010100010000001000001000000110110100000011010000000000000101000001000001011000001101100100000100010000100000000000100000011011010000100110000100010000100001
10001010010100010111100000000000000010000000000000010000010101010000000000100110000010100010000001100000000010110010011010000001010001100001010000011110000000001000001000000000010000111000001000001010
00011010000000010001100000000010001001001000001000010010000101000000010000010100010000000100000001000000100001100000000001000000000100000000100010001001101000001110010000110000110100000000101111001110
00000011000000110100101001111100100001100100100000000101001010000000000001010010001000001001000000010111000100100000000000101000001000010001011110000000000000100000100001110000000100100000011001001000
01001000100000001000010110000000110100001000000010001000001000000100010100100010000000010001101010110000001000001010000111001000000100100000101001000010100100000000101110001000101100000001000000000100
10000010000000000010000000000111011100000010000001100111010011100010000011111001000000000110011000101001001010001100000010100000100000010000010000010100000010000100000011011000011001010000101010111000
10111101100001001101000101010000001000100000000000000010101001110101000000010010110001000010000010100000000000000000101000001100000000100111010001010001011000100000000001000000101000000000000000100000
01000000001000000000000000100000000000100100110000011100010100010000001100000000001100000001000000000001001000110110000100000100001000001011010100010011001100000100000010000100000001000000000000001000
00000100000101011000101010000110000100011000001111000111001000010000000001100001000000000011000000110111010000000000000001100110001100101110010000000000000000000001110000010010000010000001000100100000
00100100010001000010111000000100000100001100101010000100100011110001000000110000001101000000000000010111001010001001000000000000010000001000010110000000000000000000111001001000000110001100011000100001
10100111011000000100010000110000010000011001111001001110000000000100100000010010000000000010100000000001100110001000110000010100100000100000000000010010000101000001000010000101100010000001000010000000
10000100000010000101000100100000000110100000111100000001100010010100010000110000000000011000000000100100000100000000101011010100000100100110100000000000000011110000010010001001001000111000001000000000
00001011000001000100010100010111100001000000010010010010110000101001001100111000011100010011101001000100000100111001000000000101010100101010000100000000001010000010010110011011000110101000111000110010
00000000100010001100000011011000100000001100000000000000000000000000010001001000100100000110001100001001000000000000000000000000000010000010010000000000000101000010010010110010010000000000000010000000
00000000100000010001100000010000000011000000100000000011010001101000000011100000000011000001000000010000001100100000000011000100110000000100010010000001010001100000000101110100010111000000001001000001
11001000000000001001000101100010000010001111011000000000101000010101000001100100011001100100001101100000000000100100000100011000001000110000101000000001000000000000010000100000100001000001001010000001
00100101001000000100010100001010001000000000001010001000000001010011100010011001000010000100001100000000110110100000100100110011100110000000101010000011100100110001000000011011001100100100000100110100
01001000101001000000000100010010000100001100100000001010100001000000000010001000101010100101011110010000001101000010001000000001001010000000010000100010001000100000010001010000000001000000000000011101
00101000000010000010011001100000000110011000000000010010001000000000100000001000010100001000000010000010000000000000100000100110100000001001101010100010001000000001000000010000000000000000100001000000
00011000000010000100000000110000001010001000001000101000000000000001000000010010101001000000001000000010000000001000100000100100000000011000101000110011110010000001000001000101010000001101101000000110
00000000001010000000101000000100000000011110011000001000010001001000000001000001100000000011010100001001000000011100000000000001010010101000101000001000000010001000010111110100100000100000001111100000
00001000000100001010011011000000000000100100110001110010000010000010001011000010010001000100000011101011000001100010000100110000010000100010100000100001000101100000001110010110001100001000111000001101
00010100000000100000001100000000100000010001010101000000000000000000101110000100000010010001000110000010000000000001011000000010100000000111110001100000001001101000010100000000100100000000011100010011
00011111000010000000010000000000010101010000110010000000010110001000001101010100001100101000000000000001000100000110010000000011000110101001111000000100000100100000000001101000000000000000101001100000
10001000000000001000011000001010001010001110000000011001001010110001000001000010000000011100010000101110000100001100000100000001000101010011001010101000000001000100101000000000110000000011110100000011
00000000101000101000001000100000000001101111000010100000011000110100000010100011000000010000010000100000001000001000000011000100111001011001111001100000000000110000001010110101101000100000110001110000
00010001000010000100000010100010000100000001001010000010100001101100000010110100100010000011000110100000011000110011010000110010010001000000100001000001010000010010010100000000000000010111000011010000
01110000000000000001001001000000010000000000001011000011001001100000000101000001000000000001010000000100001001100001000000101000000000000011000110010000000000101010011101000000000100010000110010100001
10001011000000001001101000010101000111101010100110011001001000000001101000010010100001010010010000000001000101001000000000000000110000000000110111000010101100100000010000000001000001010100001000100000
00000000101001000000110010000001000000100001010111100010010000110100011000001000010000100000000100100000000010001100000110001001011000001010110000000100101100000010101000110001000100011000000000010011
01000010001000100001100000000000001000000010011100000110001100000000000011001000000000000000100011000010110000000000000000000000011000100000111011000000110100101000001000010000001000000000000010100000
10100001100001000010000010100001010001001001000000001001001011011011100100001010001001110000000010000000000011001000000001100000011010011001010100000001100110010000010001010000110000111001010000000000
00000011001000000100000110000000011001111000001011010000000101001000000010000001100001110000100001000001000010000000000000100000000100101100011010101010101000000110000000000000000000100001010000001100
00100000000100000101010000010000010010000010001010011011000110110001010000000000001000000010010000000110000100100001000000000010100000000000110110000000011110000000100000000110000100000000110111000000
10000000001100000110000000000010000010000100001100001110010001101000010000001110000000010011000001001000000000010001000000100010000110101000001000011100000001110001100100000100100101001000001100000010
00000110011111000101010100000100110000000011110011100010000000000101000000100000000110001010001001001000000000010000010000000101000001000000001100000111000000000110010001000001001000000010000010011010
00001000001100001001000010000110000000101110010011010010000000001000011101000000100000000101001000000010110100001100011010001000010100000000000010000000011000001100001010001000010100011010000011001000
01100000000000000101000010000100001010001101011000000000000000000000100001000100110001000000000011000110000100001000000000000001010000000010100011000000000100011010000010100001000011100000001100110001
00001000100010000101000010000010001001000000000100100000000001000000010000000100000001100110100000000100000000000101000000100010000001010011111010110100110001000000000101100000000000000000100100001000
01010000001000000001001000000100100010110010011000001011000110010001010000000011100000100000111011101000110000010000000001000000000000000011000000100101110100010000000111000110000000010100010100000000
11010001100000110000110001100001000000100010000010010001000100000001001000010101000000000000001000000010100011001000000110001000010100000010000001000000000100000000110000010100001101100000000000000101
00101001100000010010001000000100010000100000000000100101000010000000010000101000010001110000000000100011001001100001000001010000000001000000000000001000110010000100010010100010000000011001011010000010
01000010100101000000001100000000101000100110000101100010100100001101000100000000000010100001000010001010100010010010000100000000011001001000000100000000000110000011000010010001000000001000000000010000
00000100000000000100000000000000101001100100000000011000011001010100000100000110100110010000000100101000001100011011110000110010101001100001001010000110000010001000000101001010001100001001000111000000
00010000000100010110010001111011000000000010100000100000000000000110010100000100100110000100011000000101000000010001110000000000110001010010001000011110011001000100000101110000010000001100000110001000
00100000100100000001100010100100011000000001100000000100100100010011000000110010001001101010001001100010000001100000001010100010000000101001100011101000000111000001111100101110100010000000011000001001
10001001101000001010010001100011010000000000110000010100010011000001100000011000100000000000000000010011001001000000010010000000000000000000011000100100100000010000001000011000001100000000000010000000
00011100001000000000100000000001010000000000011001001101010011100100001000001001001110010000000000000000000000111000000001001001111000010000000100100011010000011000010100000010000000110000000000000001
10000010010001000000000000001010100000001010100001011000011010001000100001001000000000010010101011100100001101000000101010000000010100000000100001100000010000001000100000000000010100000100000000011001
10001000110001010000001000000001000100001000000011000111000010100000000111000000000000000101000000000100010000110000010000001000001001000000000001000011000010100010010000010000000000001100010000000000
00110010100000100111001110001100000110101000000010000100000100010000001011000001001100000000011100100000111001010001011010000000100100000000100001000000011010000010001100010001100000000000000010101000
10000001000000010000001010010111011001100000001010010010011000010000011000000100000000100000101001001000000010000000001000000000000000000000000000010011101101000100000000010000100010010110100100000000
00000000001000001000001010000010000011000001000000110000000000000010010011000100001100000000111001110000000110100101000000011110001000000001101000111101100000000000101001100111110001000010110000010100
00100101010000010000000000000000000001000000000101000000000101010100000000000110001000010100110000000000100011110100010000001100010100000010011000110000001000010000100010001001100010101000000010100100
10000100000001100001011000100010001000000000010110100000010000101000100010011100100000001010000001000110111111011011100100011000000100101010010000101001100000000111010000100011010010000000000100110000
10100011000001010011010100000000100010000001000000011000001010010100010010100010000000110101111100011001000011010011111100001000000010000001100100000001000110000001100000010100000100101010001010000100
00001010100000000001001101101000000011000011000001000000000001000000000011100001000100000110000000000110111001110000101011001000011010000011000111000010000010000000010000010000000000010100100100100000
00100000000000000000100011010000001000000000100101001010001001000000000010000100001111000100010100100000000000000110010101000000100001000000011001110001001000010010000000011001001000000010000111000000
00000000100010100000001000000000010100011000000100010100100100000001000100100011000010001100000100001010100000100110101100111000010100000000001000100000101010000110000000000000000010001000100100000000
01010101001001010010110000000100001100010001001000010000110110100100100001000001000000000010100000000000000010011010100000010010000100111000001100100000000000100101000000111011100000110111000000010010
00000010010000011001100110000000100001000000000011000000000100110000000000000100001000100000000000000001110110110000001000001100000111100011100111010010011000000110000110000100000001000100000000000000
10000001101110000000110001001011100111001000001000000000100001110010000000000111100000010001110010000000010000000100000010001000001000000111000100100001001000110001000000001010011110000100010100110001
00000000000000000101100000101000010111101010000000000000010000001000110001100100001010011000000000000000001000100000001010000001001100000010100000000010000001001111000010100010001000001010000001001001
10000000000100001010000100000000011100000000101100010100001100101000000000010000000001010001000000000000000001000001000011001100011010000010000000000000001000011100000000100000001010001100111100001000
00001100000011001000011000111000000000000110001000010010100110000010100000101100100001010010010010000011110000000010001001000000011001010100001000101000100001000100010000100011101001000110000000001000
00000110001001000100011001000101001010000110000010011101011000010011001100001000000000001000110000001110010100001000010001000100000001010110110100010000001000101000000000101000001010000000100100000000
00000100001010000001110000001000010001000000010100110000000001000000000000010001000010001010000000000010010000000011111000001101000010000110100010000010000000010000110100101000110010000000001110101110
00010101010000010000010000000100000001011001000001001011000000001000001100000010000010000000100000001000010000001000100100101101001001101000000000100000000001011100000001000010101010110100000000100011
00000000000001001001000000000001010000001111100010010001010000100110000010100010000000001000110000100001100010000011001100100000001000001101000110110101000011010010001101100000101000100010000000000000
00000010000000000100010000000010100000000010110011010100000001000101000100000000010000000010010010010010000101000011110100010110100100000100010000000000000000000000010100010100000000101000010001001010
01000000001000010001001100000101000101000010000001001000010000000000000111000000101100000001000001100000011000000000010100000001110100011000011010000000001000000000100000000000000000100101000100010001
10000010010000000110000101100000100000000000000000101100000000100100100101101010101000000000000011011000000110100000000010001000001100000100000000001010011000000000100000000000000001100100100000000001
00001000001000101000011100100001001000001000101000000001001000001001110000101000100011100100100001001011000111010110100010000000000000010000000001010001000000001001110000000000000010010000010010010000
00000000001000000001001010001100000100011000000011101001000100000010000001001000011000000000000001000010000000011000010010010100000011000001000100010100111000000000100100110000101000011000101000000000
00000100001001000000000000010010000110000000000100000001100010111000001111000000000011011000000000000000001010000100100000110000010001100000000000001101010000100011000011000001000000000011001100000010
01000000001000000010111001001010000001000000000100010100100000010000010100000100010000001001010000000000000000100000001001100001001000000100100011101110010000000000000100000010000000010010101000001000
00000000000001000000000000101000000000010000000100110000100000000010000010000000000010001000000000110000000000001101001001010000100000011000100110101000001000001001000000000010001000000001000111000000
01000010010100000000000010111100101010010000101001000111000100001000010000010000010000000000001010000010110000000000000010000000100100000000110001011000000000101010000000000000000010000011001100001100
10100001000010100001000100100110000010100110000010101101010110010011000000010000000100000110001100000000000000100001000110000010000100100011010000000000100011110000000001000001000100110000100001100000
01000000111111000001001110010101110000010110010010000001000000000001100010001010000100101000001101110101001010001110010001000011000101010000101000000010100100100000000000000000001000000000000000010001
10100000000001000000001100010000000110000000000010000001000001001000100100010000001001110010000100000000000100110101100000100000000110001010000000000000001000000000000010001010010010100001011111000000
01001000100000000011000000000100000010100000000000110000100010001000100011000000000100000010000000101000001110001100000010001100011101001000000000100000101100010100000001001011000001011100000110100010
00010000000010100110001000100001000000000000001000000100011000100100001001000101100001100011010011110000001100010000000000110101100000000001000000101000000000001000001000000100010010000010000000100110
00000000001100000101000010010100100000011000010000001000100000100010010010111010010111100101100100001001011001000100010001001100011000000010000000000000011000001000100100010100000000000000000010000011
01000010111000000000000000000110010100010100111101000000010101000000100000000000000010001100000000011100001001010001000000011001001100000010100001001111101000010000000000000100000001000010000100110001
10100000001000001000010101000001100000000100000010111000100001001000001001000100010101101101001000111011101100010001110000000010101010011100011101000000000100010000000001000010100000000111010010000000
01010100100011010101010000000000110110101010001100001000100100010000001010000010011000000011000101100010000001000000000000100000010110000001000101010001100000000000001100000110000000000100001100001001
00000101111001000001110000000000100000100000000000001001001100011001000100011010011000000000010010001000011100010000000110000110000100000010010000100000000100000000000011101001000010001100000000001010
10000000111000110000000101101110010000000001010101110001010011010001100010100000001111000000001000110010000100000000000100000101010101000010100001011010010000000110001100011001010000001101001110000001
10111011001000100001000100000000000000000000001000010010000000000000100000100001000110000000000011100010010000010011000001010000100000001011100101000010000000001000100100000110000011100110100011001011
11000010010010110000001110000000001110000100110100100011001000010001001010000000011000101010100010000100001010110000010010000000000100001111000001000010111000010000000000010000000110111000011000000001
00101011000101000010000000000000110100010001001001001100101100101000000000001000000000011001000000011000010000100000010000100000001000100010100000010000100000000000001010000010001010010100100000000010
00000000000010000100001001100000000000000001100000000000010100100000011000010101000000000011100001000010000100010000100001000010010010000000000100011111011000010010010000000000010000100010000000000010
00000000110000000100001000000000110110100101001101001000100110000100010001000001000000101110000100101010000110000101000110100010010010100000010000010000000000000000100000000000100000010110000010000000
01001010000001100000000100100010000010001011000000100000100000011001001001000000000000100000001110101000000000000000000000010000000100000101100010010101110000100001001010000101110000010001000000000000
10010010001000001000010000001000110100001101000000101010000000100000100000100000010001000001010000001101000000000010000010010010000000000010000000100010000001000000000100100001000000100010000110010000
10000110000000010010100000100000010000010010000010000000111000011000000000000000100000010100000001100010001000010000011000010010000001000001010001000000011111000000101000000001101001011100100101110100
01001100000011000000010100000001001000000001001001111111110100000000001100000001000100010001000001000000000000001111010000100101000001000100001001000000010000110100100100000000110110100001100001101000
01001000011011100000000000001000011110000001000000000000110000001000100000001001000001010000000101100000010100000001010010100001111000010001010010001100000100010000000100000110100000100001010000000000
00100110100110000100000110010000000001000110000010000100010000010001000010000001111110100000000100000010010000001010000000000100001000110100001001110110010011000000000100011111010100100011100000000000
01001000010001000000000010000010010111001101000000100011000011000010000100100000001001000000000000000000000000101000000001100000000000000110010101001010001000001101000010110001001101000100000001000000
00000000110111010000100000000000000100000011000000000011001100100100000000100000011010000010001010000100010000101000011000000001010000000000000001000000000010001011001000010010000010011100000010000110
00000010100010001000000001000100000000001110010001000101011000100101001100010101000000001001000000100000110101110100000100001000000000000110001010000101000001010100100000000001010000110100000101010001
01001000010010000000100000100011001000000000010001000000100000000100010000000011000001100100000100100000000110110100011100000101000100010010000000010100000100100000001000010000100000001000000000010000
11000010000000100000001100011101000010000001000001100100010000100000010001000000001000011101000101101100011111000010000010010001000100000000010000000100100000011101001000001010100000000000000000000010
01000011000000000000000000010000000000100001100000010001000000000000010100000100000010001000001000000010001010100000000110011100011000000100101110010101100010001011001100101010000001100000100010010000
00000010000100000100000010000000011000000000000000010001101000011000000000101010001000001001000010010100001000001100100101100001011010001001010100000000100000100010001101010011000101000001000100000000
11000010100011101000001101000001000000001011000100111010000000001001000000000000001000001100000000001000101001011000000100100000010000000000000100001000000100000010101000000001000000110010100000010010
00100000101110110101000010000010001000010000100000000110010001001101000010001000000000100001101100100010001001010110100000010000000000001001101000010000110000000000100110100000000000110000000000000100
00000100001101000000000001100000101101011000100001000100100000000011000001111111000000000001000000100011000010011001000001010000100000100010100001010000000010100000010000100000000001100000110101000000
00001110010100000010100000010000001001010011000110100000000000001000100100000000000001011101010000000001000100000000001001101000001100101000000000001110100100000101000000001101000000010000000000000000
00000000011001001000000000111010000000000000001011000000001000010100100010011011000010001010000000000011010100000000001000000010000000000011010000000000100000000001000010000000000000100001000000100000
11100001010001000010000000100100000110000000001000000000000100011100000010010110001001011000000000100000010010100001000011000001000000000000000001000000110100001000000111000101011000000001001001000000
00110010100100000000000000011001000010100000001000001000100000001000010101000001000000100000000100001101000110100101000000010010000101100000000000011000010011000000010001101011100000000000100000000000
