0011111111111110111110111100111111111110
0001010111111011111111001110111110011011
1001101011110011010011111011111111111011
1110000111111111101101111011101100000001
1010011110111111111110011101011111111111
1100101111101110111100011011111101111111
1010110100110111111101111101110111100110
1101111011111111101101111111111111011100
1111110101101101001111110010011111110111
1111010110100111100111111111011011011111
1111111111001111111110101111011011100101
1111101100001010011001110111111011111011
1101110110110111111011111010101111111111
1001111111101011101110101111110111111111
1111111101111101111111101101111111010101
0111101111101110111011111100010101111111
1101111101101111010100011111100110111111
1110111000111011101111111111111110100110
1101111110111111010111111000110001111001
1101111111100110111011011101101101111010
1110100011101111011101110101111101111011
0111001111011011011110101111101010000111
1011001111111111011011010111111111100110
1011111111011001111110100101101011101111
1111111101101111111101000110111101101101
1100101101110111110111111001101101110111
0111010111111100110001101001011111111111
0011111101110110110111110110011111010011
1111011100011110111111111100001111011111
1110111111110111011010101011001011011111
1111110111111010010111111111110101111100
1111111110001111110110101111101011110010
1110101111111110110001110011110101011001
1010111111111111001110111111111110010111
1010111010111101111110111110001100001110
1110110111011111101110000111111111001001
1110110101011101101110011010111010110100
1000111111101111110001111110111001101011
1110111011011101110111110111110101100101
0111110011111111101011011111110011010110
