010011110010100101100111101000101111000111101010010110010110011110110110011000111111111101
101000111110000110100111011000100011010101110110010101111001101110110011101101110000010101
010110100110001000111111000100010010011011001101011101111000011101100100100111100100010110
001001010101010011011101110000000011011111001111000111100010110011100111001101101110110110
101001100101001101101001011011010010001110100010101110101110101010101101010011001111010110
100110111011110110010010000001010110010011101100110001001100000001100101010001001010100100
111011010110111000000000001101100010100011100101010010110011001111101101011001001100000101
110101100111100110111101001001011100100110010011010001110011100001001000011011011011111100
010001000110101111011110110101101100001101011001000110001010001011110011111001000101001000
011110111011110101000101000100010110000011001010110111110011111101100100010011101000111111
111001111101011000011100101010101000110101011110110101110000111101001101010101000110010010
000111010110110110110111010001100111011100001110011110101001000111010011101111111011000000
100001111101001000100001101010010100110110000011101100001111000101111001000001111110001101
000101100111000101101101110010111101001001111011011001000110101011101001101100100000101010
001010101010100100101100010011011101000100100101111110100010001010110000100011100010100101
110011011101011001100011110101110101000010110111100101101010001011101111101000110101000000
010101011001000001011001101100010000101110010000001011011001110011010001110001111000101110
100110001100010110101101001101001101110000101101100010101100001110000011000010000101000001
111010010001111101001100110111111001100101101101010111000000101011100010001110000011010011
001101011011000010000110001011011011011011110111011101011111000100111010100011100001111011
001110011010011011100011000010111010000110000110010110011110110001001001101011011101110101
111100011111011001110011000110100011001101110110001110100100011010100000011000110100111011
111001001001000100011101101000001010010011000100000011010000000101100110100101100011011101
111110010101110111001110110000110000101110111011110011011000011011100101011110101110101101
100100001010110110100011001110000001010101101001010101111000011010001010100111110000010100
010110001001011100100001000110100011000110000000001000000100101100001001111110101111001010
110010110010100011010010100100001010000011101011101000010100111001000110100100100011001001
001000101100000111100100111000011011100111011001010101010111010000101010100000011111000000
000010000010111000111100110001101111100010101110000001000011000101001011010001000011001000
000011111001001101110000000010000011010001110010100110001011000100001010101100101011100111
110000101011010100101101010010000111001000110000101101011010010011011110011101000000101111
001011010100111110111001000100000001011110110100100000011101110111100100110111110111010110
100000011010011001111010001110000011110010111000010001011001011110001011111001001000100110
100001011101111101000000000010100011001010111100011001010001100000110110110100101110000010
111111100101000000011110011111101101001101010100001000011001010111110010110000101110110100
110100000001011101110100110111111110010001110001111011010001010000000011001110011111111011
000000110010100011100001000110001000010100001011010111100001010101111000010101011010100010
011101000011100001010010100001011001100100110100101000011111010110010000011001100001011100
001110001001010010010101000000110110000110000000010011100111010100000101011001100000011000
110110011011101010101101110100010010111010001110101001101000100101011101010100010011010010
101111110100100110011011011110011100001100001011001111000000001010111111011010001011011000
111101101110010000110110101101000011000000111100110110010100000101111110101011111000011000
110011100000011101110101101011111101010001001010110101000111110000001111110001111110001001
010000011010010110010101000101111111010001001010011101001100111100110001011001110000110001
101101001111010001100001101110001100100111110110110101110001011111101001010011111111101000
011101100011001101111110000010010110010101001001011001101110101000100101010101101001001000
110110010111110100011101001011000000100110111001000000100110101000010011000100010011110010
001100111000111101110001101100000001100010000110001101011000101001110011100001110101001110
000011000110101101000001001001110001010101101000011101010010110111000000100100101001101000
111001110111011000111001100100001101101001111100100000100110010110100100110011101011000001
001010000001111010010100011000100111010110010101100000110111011001111100001101110111100111
111110001111101100111100100101100000100011111001100001001010100100100101100011011001111010
100110101101001011101111000001000001101011000000000001111001010100111100110000110100010000
011101010110010110110011100110101101101110111101100110100011110010010111000000000001101110
011110110111001101000100100000000000101100001110011011011011000110010101010110001001010100
111000110110000010011011101100111111010001001001101010100011100011100100101000100010000011
011011001001100111011001100001111010010100010101000110100101000111011011101010001100110010
100011000000110001011100011100010000011001110110011000001010111010010001100110010110100110
100110111100111100011000000111100000011000100110111101110101010101111110001101101011011000
010000110101100010010000000111011111111000101000001011111010101101100111001100110000101011
010110010110010010101000011000010100000100110111100101010101000110101001101101011011001010
101100000110000010001101101100111011111000111000111011000110001010110000000001101111001111
111010101110011101100101111000001000000010011111001000000101010011100000111011110000110111
111000100111100001010010010011011010111101011000110110101011100010010001111000100010110001
110110101001011111100101100000111010010010001000110001111100111100010001001111010010111100
001101111111110110101011001010110010100101001001101000011011001000010110100000010011101100
111111101100111100110111000100010110100011011101011110010011111000000111011111010000001001
110000001001101010010000000000100110110111010011001011101110010111000011001001001100001101
000010110010110100011000110111101000100111101000001010001010100000000000100100011010000100
101111100110000100000011001000110100001111100100011111110011000001100000010001111001101101
110100001001000101110010101111101111000011100011000001001011000001110000010010000100011000
010111101011110111001001010010001001001110111111000101101101100110110000110011111100010100
011000001001011110011010111101011110000001100001110110011100101101001001011010111101111000
100011111110000010000101010010111110111110111100010010100000001100100111100110010110110100
110100111001010100101101010001101001011011010000001000011011101110110000100011001000100101
011100000011010000100011111001110101100100000110101000100111100010101000010010000100100111
001010010101001001111001110000010001000011001000010100101100001010100011111101010101110001
011111111111101010011010100010111000111001111101011100000010111010110101001010000011001111
111100000101111110010111111001010110011001111101111010010011011100000101100000010001010100
110000010001100110001100100100010001100101111011001110000101101011101101110010101011011011
100111110101100010001001010101001111100011101100110100101010110000011101101000010010011000
101110101010100101001101010100010111000000101001001010001100010000010011110110000010011100
100111010011101000100011011111010111100110101010011000010110110111001000010001011101100011
100010011001000101111010011111010001010110001111111101100010110001000100100011110010010100
100101010100011010011101000001101011100000011010101101001101001111000100111110000010011000
111110010110000000111110100000010011011111010010000110101010001110000011110010111101100110
100000011100110010010111011010100001011011101101100101000011110011110110100001011100100010
111111110100101010001011100001111010010000000001001001100100011011011101011101100101010011
001110000110010010110100010001111101100100000011001101011101111000000000000101010010011100
110000100100101001111111001001100001000000110000011000010001011100110100001111010010000100
