011111001111111001111011111111111011111011010111011001101010101111111111011110001110111100
101011111101111000111110111000100111011101110101011111001111111111111111101111111111101101
110111101001010111111101111111110011101111111101110101100111001111111101010010110101111110
101011011111111111111010011011111111111111110101111111011111100111101011101011111110111011
111101000111101111011111111111110111111111111101111111101101101111011110111010110111001010
111110111110111100110111110111110011000111111001111111101101111111110101100101101111100111
011001001101110011111111111110111000101000110101111111111000011111111111111010111110011111
010101000011001111111111011111110111011011110101111111011111110111101111110111110111101001
111101100111111111111111101001011110111111111001101011111111111001110001101001010111111101
110111101000011001010011111100000111111111011111111111100111100010101111111101111111011111
100111011001011011111110111100111111111101101111101110010111110111111110111111011010110111
111110111010110111100111111001101101111111111011111101110111101001110111110111111111110101
110111101001011011111011111111011110101011110111111111111011101111111101111111111111101011
111101101111100111010001111011111101111100110111110011111011000110111111111010101001001111
110111011110100110110011110000011111110110001111101111111111110111110110010100011011111110
001111011001011010010101011111110111111101101111111010111100010100111111111101111110010111
001110111011111101111110111111111111111010111011101101100001101111110001111111101101010100
101110111111110010011101101111110111011101111111000101100100111100010111111101111111110010
111101111011101010001111101110111011101111011101111111111111111111101111011111110101111111
111111111110111111001110111111010010011111110110011111011110011111110111010110111110001110
111110111010100011110111111111101001101101011111011111101111010001110111110100101100101111
011011111011000111111011111110111110010010010111111101111111101111111101111111111111111110
110111111111101010111100101110111101111110101001111101110110110110111101111001010011111111
101011111101111101101100111110011111011011010011110111111110010100110111111011100110111111
111011101111111011111111000011111101100111110111111011101001110111011111010011010111001101
111111110111111110011101001111100111111101111111111100111101110001100001101011101101111110
111110111111110111111111010110101111111011010101101111111110111111010100011111001111110111
101011110110100111111111011011110111111111110101100101101111100011110111101101100010101011
101111110000110111111111111101111111000111110101101111011110110101111111111101011111110111
101111011001110111011000110110010111111010001011111110110011111010110111101111010111111111
111111110011010111101110111110010010111011110010110111100111111001011111101111011011111101
101111111010111111110111100111100110111011111011111111011111111111011101111001011111011101
100100101011111010101111101010000000100011111011111011111101111111111011110110111011001101
010110011111111111000111111111010011111110111110111111110100110011111111101101111011101110
111111011110101111110101011111110101011111110110100011011111100011011111000110111101110110
111111010111011111101011111111000110111101111111110111111110010110101101100111110111101111
101110101111111110101010111101111101011111110011111101010111111100111111011101111011001001
110110011111011111010111011101110111101001110001100111110111101111101001001111010110101111
111110111111110111111011011101110111110111101111111111110110111110011110111110110101111011
011111001111011101111010110110000111101011111110111011101111111111101101110101110011011101
101111011101101010110111101111111110101101110101110111110111111011011111011110111110110111
111111011111100101111001111110111011111110111100110110100111110111101001111110011010111111
011111111011110111010010110110111111111111001110101111111111101111011101110010100111100111
111111111101110011111101111110111111110111001101011111010110110101111010111111111110111011
001011001111001111101010010001011101001101110111111111111111100111100111101000111011110000
111110110110111101111100111110000111001111111010111111011001010111111111111111011011111001
100000000111111111011101110001111111101100101101010111111111110111011110110111110010101111
111111111111111111101111111111011001111010011010000111110011111011110111101101001111001111
001111111111111110100111111111111111111111101100001110100111111111101111110110111010011110
111111110101110100111111110001111101101111011110000101011001111110101101111011111101011101
110111111111101110111110111011011100101100111100100011111011111001111111111001111111111111
011111110111101011111111011111110101111011111111110011011011111111101011101111111011001111
010111111110111100111001101011111111011111111111101101110011111111110111110110111110111111
111111111101111011111111101110111111111110111111011110010111100111010111111011011111111100
101011101101111111101111111101101101011111101011101010001110011111011110111101011111110111
000100111011111100110111011011011111111010111111011111001110111011101111011011111111111111
110111111000111100111101111110011011000100101110011100110011111111001111111111111011111111
011111011111001101111111011110111111111111111010100001110010111011000111011011111101110110
111100011111111000111111001111110011111111111011101111111101111110011101101111111101101111
011111011111111010101100110101111010110111101111111111001010111101110011101011100111111100
110111011111101011100110111111111110111111111011111111011111001111111111111011011010101111
010001111010001101111011111011111101101111010111111110111111001000111101010011111111100110
111011101001100011110100001001111000111110100001111110111111110011101111110111110110111111
111111110010111111110111101010011001111101111110110111101011100001100110000111110010111111
111111110110111010110110101101011111011111101111110111111110101001110111011111000111111100
111111111011101010111100111110111110010111111111101111111101101110111011110111111111100100
111101111111111110111111010111001101110101011101111110010001111111010111011110111100111011
111011101011111111011111101111111110101010110111001011100011110011101111110110110111011110
111110110110110100100110100010111111111111110110111100111010111001010110011111011110111101
111011110111111101111111101111110111101110101111111011111110111110111001110011101110011100
110110110111011101111001100111101110101010011111101111111101101111111000100110110111111101
111101111101110111111111110111111111110111101101111111011111111011110100111101101111111100
010111111111110111001111010111111101001101111111111111101011101001010111011111110111111111
101010110111111111111111101010011000101111110110111011111100111011111101101101111000111111
110110101110110111100111011111110100111011011101011101111111100010101001110110111011111010
110001010111101111111100001111101111111111010111100110101010001111111011111011111011101111
111110110011110010110101111001101011011011110110110111011111111111111110101101101001111111
010101011111100111100111111111110101110100010111011101111111111111001101110110111111001101
011111110101110111111101010100001111101110111010111110011111011101110111111111011110011111
011110111111101101110110100011111111111111011110111111111110111101111010111101101001110101
110101100111111111011100011010111110100011011101111111111110110001101101011111110111111111
111111111101100111111101111011010011011010110001011011110111011011111111100001101011011100
110111111111101101010111101111111101110111111111101111111001111111011111101101101101101110
011011011101111011100110111011111111101100101101011101111111010011010011101111011110011110
111101011011101001101111011111100111011011111110001011111111111111101011111110011010011111
101100101111001111100111011011110010001111011100111011111101001110111111111010111101101100
111110111100111000111111110101111101111101010111111111011011101110111111111111101111110111
111001101111011110111111111011111111010111100011111111111111111111011111110111111111111011
001111100110111101111111011111000111011011110011101110111110111100110000111110101011101101
010101111111110100101011101111111001111111110111011110111010101100101010110111111000101110
