00101011111111101111111111100101111100111111110111111111000111110110110100001011110001111000111011100001111011011111111111101100111100111111111111001110011011111111011101111011101001011111111111111101
00101011101110101101101100111111111111111111111111111011111011100110101101011110110111011011111011111111111101111001111110011100110101010100111111111111011111110111011011111101111011111011111011010110
11011111111111100001111110100111100111101111111010111111001011111110111011110110111111101111111010010111011101001110111111011101110111111111111111011110110110110111111111101111110101101010111101011111
00101101111011110110111101000111010111101100101011011111110101101101111111101100010110100111111101101111011111101101111111011101110111111111011111101111001100111110001101111110011011010110111101000110
11110111001100111100111101010111011111111111111111101101011110011001101001011001011101100111111111011111001111100100111111010100011111101011011111110011100101111110111101111011111100111111111111100111
00111000001001001111110010110111111111111111101111111011110001111111110111111010101101111100111110101110111111110001101001111111101101111111101011111011111100111111111110111011011110010111111101111110
11101000110011011101111101111111111110011101111111110110111101101111010111111101100110011010011110111111101111011111111011111101111101011011101000101110110011110101011111011111110011101110110111111110
11111000011111111101111000110111110000111111110001010111110001011111100111111101101000111111101111110111011010111111010110101011001100101111111110111111110011011111011111110011101001110010111000110111
11110010011011101101101111110001111111011110111111111101110111100001110101010011111011111111111011101101111101111110110110101110100011111111111011111011111001111111000110111011011111100111110110101111
10110011101111100111111110111110110011110100111111111011110111111111110011100110010111111111111111100011111110111111010101101011111011111111111000111011110011011110111100100111101101111111101111111010
11111101110000001111011011010110110111100000111011111111110011101001000101011101111101011110110111100101111111111111111011111111111111111111111111110000111110101101110111111101111110101111111110111111
11101001010001111001110111011110101001100111101100111101111101111110111111011111111001011110001111110111100100111001111111011111010111111111111110101001111111111001101011101110011001101111111111101111
11110011110001101110011101111110111011111110011111111111111110011001011001111111011111111111111010111011111101111001111110110111111111111111011000111011111111101100010101101101101111001111101011010111
10110111110110111111010100101101110111011111111111100101111111011111010101111111100101000101111111111011111000111001110010011101111100011110011101110110101111111111101010111111100110111111101011111111
11111001110111011111101110001010111111111101011111111111111010111011011111011111111100111111111111011111111101111111111001111110101111011111110111011010111011010111110111110110111100011011101100110111
00011011000101101111001111110111111010111101111011110101100111101111101111100101110010101111101101111101111100111110111011101011111101101111111101111110111001111101111111111111110011111110111100111100
11001111101111110111011001111110011110011111001110111111111000111011111110111101110001111100101111111100111111000101011000111101111010001111110111100101111111111111011011110111111111011111111111110001
11011111111011111011111111101101011011111011111101100110111100111111100110111111011010101111110000111111111101111111111111111111111111101110000101001111010111011101111111111111110111111111110110010111
10010100011011111101111111100111000111011101010111101110101001100111111111110101110111111111011110101111111101110010011001110011101101111100110011111011111100111111101111100001100100111101111111110111
11100111111101111110111111000011011011111111011111111111011111110110111111110111101100101111011011111010110011100111100111111110101010011111011010111101100111110011101111111101111101100110111111011011
11111111110100100111011111010110111111010110111101111111111110111111111011111101111111111110111101111111111010111111111110101111111111100111001001111111011111101111100110111111101110000101011110101011
10111111011111001111101110011111111010110110110010100101011101111010110010011111111010100011111110110110111111001111111101111110011101011011110011110011010011000011111100011101001101111101111110111001
11111011111010111111110111011011111011100000001110101101100100010111111101011111011011111011111110000111111110101111110111111100101011100110100110111110111011000011011111011110111101101101100111111111
11111010110111110111111011111110110100111101110110111101111101111111111000111101111100111110111110111111111110111010110101111010010111111110110001010101000111101111001110010101111101111111010110101111
10100100111100110111111101111101101110111100010110111111111111111011110110110101011011101011111111111110110011111111111111011111111111101110111010111110110110011111111110111110111111000101111111111010
10011010101110011111101110111110111101111110110111010000111111111111111011111111010000111101110110011011101100100111111011010011011110110011111101111001111111111111111000111110111011101110011011111111
11100111110011011110000111011101111000011011111111011110110111101110010101101001111000110101111101111111111111111011011100001111111111101100111111111100101100111100101101111111101111101111111011111111
01001111111110011000111111100100111111111011111011101100111111111010011111011111111011100110111111111101111111000111001110111101011111100111101001111011101101111011101001101101111110100010011011111110
01000010010111101100011111100111110111111011001001110011110111101011100111011111111110111101011111110111111111010101110111111111111011111111111111100111011111111110101101110101011011011111011101111111
11111111011111011110110111111000011101111101111001111011101111110111111111110111111111111111101111011111101111111011100100110101111111001011111010101011011111111011111111001001111111101100100101011011
01111111011110111011111101001000111110100001110111111111101011001111111110111101111101111111011011101111011110111111100011101111101111111111111110111101110111111001111111110111101001111101101101101101
11111111100001010111011010101000100110111111011111110011011111111111111100111110110110000010100011111111110111111110110111111110101111010101111111111111101111001010111111011001000101011110111101011111
11100111111111110000111111111011011111111001111000010110111111111111111011110011111111111111011011111011111111110111111110100111011111111111110111110111010001111111110011111101001111111111111111111100
11011111111011111101111101111110101101110111001110011110101111111111110010110010110111101010010111101111111100011100111011011011101011110101110111011111101111111101110111101011111011111111111111110111
11001110100110111101111011110110110101101111110001100111111011110111111111101111111111011111100011011011111111110011101101011101001111110111001011111101100111111010111111011111111111011011101111111010
11111110101001101010100111011111111000111111111001101011111111001111111101011100110011001111111101100101111111001111011101111101111111111101101011011110110111111111001001110110110111110011111111111110
01111110111011111111111010011011100001101110011101111010100001101110111011111101011111001000111101111111111111101111001111101101111011110111001001111110111111110101111001111111101000011110111001111111
01111100111111100111101001011100111010110001101110101101111111011111111111111010111111110100111110010101010111101011111111111011111101111111111111101111110101001001111011111111011110101111010100110110
11111101011110110101011111011111111111011111111111011111111101111111111110111100101111001101111111111110010110111011111110011111111011101110101101000111001110011110011011011111110011101000110111111010
11001111110011111111110111111101110101100110111111111011101111111011111101111110110101011111001111111010111111111111111111111111111111111111111000111111111011011111110111110101110111011011111110101011
11111111100011111111000111111101101110100100100011101110111101101001111111111111101100101100111010111111110101111001111101011101110111001101010111110111111111111001011011111101111111101011111100011011
11111111110111111011110111000101011110111011110111101101100011111111111110111111110111110011110111101111111011111111111110111011111111001100101011111001011110111011110101111111010111101011011110101110
11101101100111001101110001111001011110110100101111011010111011111110101110111111111010110111110101011110111111110111111100101011101111111011010111110011110111101101111011011010111101111111111101110110
11101111000101111111000100111111111101100100011011010101111111101111111110110110110110011101111101110011100110000010101011111011101101000111001111011111111001111011111100110100011101011011111000101101
11111111111101010100110101110110101101111110011111111010111001100111011011100111011111011101111111111110101110110111110001100101110101011111111111111110101111111101001101110110111001110111000101111111
11101011111011110111110111110111101110110101101111111111010110011110101111100111100011111001011111111111111101110111111110111110110110011111111111111101000000110110111111111111111111111000111111001110
01111110111111111101101000111101110111110011110101110111111011111011111111011111111111111100111110111001100111011100111011110110011101111000001111111111111111011111110101111101111111111111011110111101
11001110110111101111101111100011010011110110111011111111110011111011111110111111011101111111010111111011111111001110111101110010011111111011011110111111111011010111011111011110010111011110111110101101
11111110111011111011011111110011010001111111110100111111111011001110111110101011011111011011110111111000111111101101011011111011011101011111111110100011110101111111001110001111111111101001100111110111
11011111111011110111100001111111001110111111111100100101011011011100111110010111111111111111111011010101110010111111111111111101111111111111011101111011111111110110111110011111111011110011011111010111
11101110111111111111111110011111001111011100111111011001111110101111000111110111111001110111011101111101101101111111011111011111110111110110011010101111011011111111111110101111001100111111111011110111
11110111111110111001100111101111110010110011111110101111101101011110010011111111101111111110101101110111110110011101111101011111101110111110110101010001110100111101111111111100111101101011110110110010
11111100111110101011101110110110010111111110110110110111111101000111111011111111111010110111111101111111111111110100101101111010101111110011010101110010111011101010100111011111110110110101110110100011
10111011101111111111111110110010111001101101011111011011010111111111101111100110011010110111111110111101011010111110101110111101111111101111111111101110001111111011101111111110011010100111100101100011
11110111011010101111100010101111111110111010111110011101110111011011101111111110011011011110111111101011110100111111101111110101111111100111111111001111111101011001011110110110111011101111110100101101
11111101111111111001111110001111001101110101011111111110110101111111111101111101011111111111111010110101011111100111111110101110100101101111101110111110111010110110101111111110010110011111111010110110
01010111111111111110101111111110111111111111101110111011001110111111110111010100111111111001111101111110011111100011011010110111111111111101100101110111111001101001100101111101111111101110101111011111
01011111111111101101110111111001101101101011111111101111001111111111111111011000101101111110011111100111101110011101010111111111110111110001110101010010111110011011101011110111010010111101101111111011
01101010000111101111110111010111111101111011101011111000110011111111010011111001101111101111000111111111110111111001111011111111111111110101101111111011111111111011111100101101110111111011010111110110
10011010110111010101111111111101110101111001010000111111110011111111110101110111101000111101011101101110111101111010010111010011111011111110110010110100100001110111111101110010111011001011101111111110
11101000111011110001100011111111111101010111011111100110111101000111111010100111111111100111111001111111011101010011110011011101011000111110010111111111101101011111111101011101011001111100111111010001
11110111111101010011010111111111111111111111101111011111011110110101110101010110111111110001101100111110111111010110111111011111011111110011111010011110111111001101111101101100001001100111010100111111
11110110111100111111110111111101111010111111101100100101111101011011000110111010110111011011001010101111011111111011010110101101111111011001101011011101010011111111110010111101111110101111011111010110
10101101010111101101111111010101111001110110011101010111111101101111111111111100111111110111011111110111111111111110111111111011111110111011101111111011111111111011110011011111111110111110101101111011
00111111011111111100110111111011110111111111011111110111111100110111011111011111111101100101111011101010101111100111001111111111111011011001111111011101111111111011111010111111011111111101111111111111
11110111010101010111101101100111111111100111110011111101111111011010111101011111111110111110110111100111101100111111010110111111111101011111111010111111111111011011011100101011101111100101010111010111
11100111010101111111111111111111111111110111111110111111111110111101111011111101111111111101101111111110011111101111111101110110111111011011101110111101101111001100111111101101111111011100110101011111
00011111111011111110101111001111111101111101101100101111111111111010111111101111110101111110111111001111111111111110100111110111111111011111001111011100111111111011101111110111111101111111111111110010
11111101110100011111111111001111111111111111011111001111110111010111011001000111111101111101101110111111101011111011111111111001011111011111111111111110111011110101110111011101111111101110010111011111
10110110110111101011111111110111111111111101101111011001111111011111101101101110111111101001011000001111111111101011011111101111111101111101011101101111111011011100111101111000111111101111111010011111
01111000000110111011101101010111101111111111111111001111010010011111110101111111111100111100101001111111001110101110011001111010111101001110110100111010101111111011111101100111111011011010000111011111
11010111101101111111001010111111001101111111011111100111110101111101011001110111111010111101110111011111111101110111111011011010011011101000001101111111111111111111110011111111111111101000111111110000
00110111010100111111110011011110111011101111111111111110111010111011000001101101111001011111011111111111111111100111011010111110110001110011100110111111111110111111011101111101011101011111111110111111
01111111111111110011101001111100101111011000111000111111111101011111111110111111111011110111110001011000111011111100111011111101101101111001111001111111111011111100010011110111111111110101001011111011
00110111010011011111100111100111111011111111110110111111001110110011011111001101010111111111111110001110110111111101110100001111011111110111111011101011110111101001011110101000111100011101011101111111
01101111101111101111111111011111110111111111001101111011111101111110001101001101111011001011011001111011110100111111111110000111101111101001110111111111111111110111011111111101111011101100011111111111
11011111001111101100111101111011001111111110001110011011011000111111011011110111111111110111001111111111111100111111111111111101111111110101011101111100011100011111111111111011101011110111111101111011
01110011011111111111111111011111001110111111111101111111100111011111111111111000111111111111101111011111110111111100111011111101110101111011111101111111101011111111111101111111111101111111011111011110
11100100110111100101011001011101111001011111111111111110000111101101111101001000010101001010111111011010010111011111101111110110111010111010001011111111010110011010101101111111111111110011001110101111
10001011101111111111111111111110101010001110111111111001001110001111101111111000110011001010101111110101111110111101001111111111111000111101010111011111111101101010111111100111111111111101111111001011
11100111101101111011110100111111111101111111011001111000111111111111111111011101001110111101111100111111001100111111011111111101101100111001110111000111100111111101111111101001111101111011011000111111
11111000111110111110111111111111111111010111101111101111100011111111111111111111001010011111111011111111101110001110110111101011100111111111101110010011111011111011101000010110011110100111111111101011
00101101101110100101111110111110101011101010101111111111111111011110111111011100110110110111111110110101100100011111111111111011110111111110111101100111010111111111111111001111010110111111111010111001
01111110011011100011100100001111111011111101101111010001111011111111111000101110101011111101111101011111010110010111001110111010111101001111111101101101110001011111111111011111011010011101111111011111
01110010110010010110111010011101111111100111111011011111101011110110010101111101111101111110111110111110111111011111111111111101110100111011110111111111111111111110111111110101010011111111100111110010
11101100111111001010101010010110111111110100111111110011111011111011110011111111000110101011110011101111111001111111111111101110110001011100110111111110111101010110100000111110100011111111110101100111
10111101110010111111111111111110110001001110011101111101111111011111111101101100101111010111011110111000010111111011111111110011111111111111011111101011111101011011111011111011011111011111111111001101
11000111111110101010101101101110101001010111111111111111110101110111101111101100111110101111111011001111100111111101110010101110101011111011111111011011111111110001111111111111101111111011011001111111
11100111111110111111101111001110111110111001111111010011111100100111111110110111110111010110011011110111011011111110111111111111011111111111111111111101111011101111101101011111111111010011111011010011
00111101111111111111100101111110101101111011101101111111011110011111101111101100111110111011111111101110111110101011111001111111110010111110110111111101110111101111001111001110111111011110110111111110
01111011111110110111111110010111111100010110000111111111011010110101000011111111011011111100000001111110101101011111011011010111101011111100111011101010101101100100011110110111010111111100111111001001
01111001110011110111011011101110101100110111110111101101101111111010110111111100111101110100111111111011110101111011111110111111011101110000001011111111010111111101101111011111110101011111111111111111
11111101111011111100111111110101001111101111101011011111100011001111101101100111111111010101001111111110111100010011111110010111111110011101011110111011011101011011110101100111101101001111101111111111
11111110111011100111111111111010110111101111111111101111110110011101010111110010111111111101000111110111111110110110011011110101111111111011111110111101011101111011110101100111111111100111100110111111
11111111110111111011111110111110100111111001111001111111110111111011111010111111111110111101100011101111110011111111111111010100111110111111100111111011111011101011011111100111111011011111100111110011
00011111011101111010111111111100010111110111111110111110111101010111100110101111101110100101110011101111110011111011111111111111100111110101100111111111101110111011001111101001111110111111110100111010
11101111111111101011011111011111111001111100111111000111011000111111100110101111011011111101111101010101011011011111101111001011110111111110011110001011111110101001010111111110111111010111011100111101
11011001111101111001100010111111111110110111110111111010111110011111001111011111010101011111111110101010110100111110101000110110100101111111101111011001111001101100101101001011110110101101110101111011
11010111111111011111110110111011110110111101111110111111111111111110101010011001111011101111111101001001111011001011111101111111111111111111101111110101110001111111110111111011110111111011011001101011
01101011000111111101110111111101101011111011111111111101101011010010101111011111111110101011110010001111110001111101001111101111111111111100111111101010101111101011110111110100101011111110110110111111
01011110100011111111100111110111111010111110111110101110101111101011111111111110110111110111101101110101101111101110101110001100110111100111011110101111000111101111111111111111110100110111100011111011
01111111101100111110111110111111010111101110110001111101111111110111111110101101111111011110111110011011011110111101111111111111100001111111111010111111111110110111110010111111001001110101101011110111
01111111010111100111111111101111111010111111110100011010111111111111111110111110110111011111111101010101111100101110001011101111100111111111111110101011100111111111111010110111111110111101111110110111
11111011111111110110101101111111111111001101011101111111011010110101111110011101111101011001011110111110011111101111111100001111111000101101111011011011011001111011110110111111110011101111010111111001
11000110111111111111111111111101111110011111111111111010011101011101110111111101011011010111111101111010000011011011100101000111111101111110110111111011110011000111111111110101101110111110111111110111
11110101111011111111111110111011111111111110010111011111101111110011010111111111000111101101111111110111000111110101111110101011011011111101111100011111011111010001110101111011101011111101101011111110
11111111111011111110111101111110111110010110110110101101110111111111111111001001110011001110110010101111000101011111110010011010111110111010111101110111010011011101101101111100111111101111101011101101
01111110111110111110011101111111111111111011111110111011111111111111011110111111111110110111110001001111011010111111110100010111011101111111001010011101101011101111101111101101111011101001111110011011
10011111011000001001111110111111101111110111101111011101111001111011111011100111010110111100011110101101110101001111111101010001111110011111111110101100101111111011111011011111111111101111111111111011
11111110101010101111010010111101101111011110011110101001101111111011110111100110000011111011001110111001111010101111011101101111110111111110100101111111011110110010011111101111101011111001110011111100
01011101111111110111101111100111101011111110110011101111101100111111111111111101100001111101011101011111010101011101111011101011101111101111001110110111101100010111011111101111101101110111111111111011
11000111111111110110100110101111111000111110111001111110011111110101100101111111101111111011111111010100111100101111011101011111110101011011100101110111111111001111101111101101110111101110111111101101
11110011111111110100111110100111010111111100001111110110011100110111111001111111111011111111001111111111101111110110111011110110111111111111101111111110101111110101111011111001001101011111011001110111
10111011111000111101111011011011110110010110111111111111010001011111001111111111111111011010011011011111011111111010110100011101110011110110111010001100101110111011111011111111111101111110101100001111
10100011111000110111111111110111101111110111110101100111100111111111111110011010111111101111111111101011101111011101100111111101101000111110110111010101111011111010000011111111101111111101101011100111
11010111011111101101111011111110101111111110110011110011111010101110110110111011101111110111101110110101111111110010011101000111111110011101111011111011111101111101011000011001010111101110111011111110
11111110101111110101111111001111111001111111111101011111001011010011100101111110011011111101101111101101111110101110011111110101001101111100111111101001101110111111111111101010011110001111110110111111
11111011111111111110111111101001110101111110111111110001111111110110111111111100111011111111111100100101011111111101101101111011011101111111111101010111110111101100111111111010111111011100111010110110
11111110001110111110110011110000111111111111011111111111101001011010111111011111101111101111111111111111010011111001110111111111111111101111110011001101001111111010111011110001111010110011111110101101
11111001110110000101111110111101101111111110010101111111010101111111110000111011111111101001101110111101110111010111111011111111001001100111111011011001101110111110011111110111001111111111110111111111
11111011101111010101101011011011110011110101011011100111111111111101110111011111111111111011111110011110011000101010101101111011101101101111111111101001111101011111011101011101101100110100110111001100
10111110011100110111011111001011011111011001101111111010011111011011111101001111111011101110011110110110100011111011111110110111111010110111011010111101101111111101101111101101110011011111101111011001
10000111111010111111111100011111100111010111111111001111111000111111111011001111111111111101010101110110010001101010111111001110100101101011111111101100111111011011011101110110110111101101111111111111
01111110001111101111011111011101011101111101011111111110111111011111101111001111101110101111111101100100001110011110111111001001101110111101101111101111110101111111101111101111000010001111011111100000
11110111111101111101111110111011011111111111010011111101011011111100111111101101111111011101000110111111011001110110011110110111100111111111111011001010111111010111111111111011111011111101110101111111
11111110101111101101111010111111101110111000111001110111111011101111010011111111100011011111111101111111100101011111101101101011100101101110110111110111101111110011111111101110011101111100010111011010
00000101111110110111110111101011110001110111011110111001111101011111011110110011011101111111100111110111111101111001011111101101011111111111110110011000011111111010100111111011111011111110011011111111
00110111011111011110100011111110111111111111100011110110111111111101110001111101111010101111110110110111110111110111111111011110101110010010111001111100000011111110110111111111101011111111011111101011
11110110111011111111101010101111010111111111110001111111111100111111011011011111111111110110111111111111101011111111001011111101011111111011111101111111010111111001111100011111101111110011111110110110
11111010011111011100110111111100100111111100111111100110111111111111111110101111001111101101111010111001111111011101011001000010101111110111011111000111111111110101111100111111111110101100110011100011
10001111011011111111111011111111111111110111001111011110101111111111111101111011100100111011111000110001111110101011111111010011110101101011100101010110111111110101001000111111010101111111111111011001
11111111001111110110110111110111101101011111111111111111111001110111111001111100111110101001111111111010101111111001111010111111111001110110111111111111011111110011100001111101110001101110111010110011
00111000111110101101101111111111111110111110010101111110111101111011100100111010011000111110111110111010011011101101001001011011110001111001110011011111100110111111011101011011100100111111111001110111
01111110111110110110111110111111111111111111101111101111111101101111111111111100011101111011010111111110110101111100111110101110111110100111101001110001011110010101110011111111011111100111101011110111
10111101111110010110101111111010111111110010001101111111111111010000010111111111111010111111011111111111111101101110111111111110111111011111001111011101111111011111101100011000011011111111111111011110
11110110111111100011010101001011111111010010111111111000111111111111110011101111111011111111111111110110111111011111110001011011110110100101010101100111111101011110111001111101111011011110101111111010
10111111111111111111010110101110100101111110111111010101100110111111111101010111111111111110111011110111111111111011111010111110101010100100110111111111011111111111111111001101101000010110101111111110
11110101111111111111101110111011111111111101110011110111101110000101111000101001011101101110101111111111110111101111111111011110010101111011110111010111101110111100101111101111111111111110111011111011
10111111111111111101111111011110101011110011110111111111000111010111101010100110011110111100011011101110101111111110011111101111111101100101111111101110011111111011111111111001000111010101101001111011
10111111111110111001110001011111111111011011110111001111111001111111110011111101110110111000111101101111010110111001011111111010111011110110111011110101111101101111111111110111111111110110011110111111
11100111111100111010011111111111110101110100110010010111111101111110101011110100111111011110011101110111111011011111111110111111101111001111010011011001111100111111011001110111011011101101011101111101
11111001111111111011010111101111110001011010110111111110010111001100111001111101101111111110110010011111111010000111111111101111110110011111101101101111100110010101110100111111111111011011111101111110
11111111111111010001100011111111001111110101111111100111001001111111110101101110011100111011110011111111011110101101110111111001110101100011010101111111111101110110111110111010110111111101101111111100
11111001001101111100001001101011110001101011111111011111111010011011111110011101111111111100111111111010111011111010110010110110111100111110011010111101101011110111101111100001101011101111111110101111
11111101101100101011011010101111111101001111111110100111001111111111100010110011110011111111111111111111100110101111101111111110010110101111100101111111110101110111111010001101101011000110101111110111
11111100101001111110110101111001111111101111111001011110111010111001110101111111101111111111001101110001101001011011111110111101111111111111111010100110111101111111010111111111011110111000110111011111
01011111111111011011111011111111101011011110111111101101101110010110111111111110001111101111111100111110101011111001100011110101100101011011011111001001111110110001111111100011011011111111011101101111
01101101111011110011111111110011111110011111111101011001111111111111101111011111010011011101111101100101111101111011010101000111101111101101101110000111111101011001110111000110001101011111111111111011
11110111110110110111101011110111011111010101111101100111001011111111111111111111000111111111111111011111110111001101101111111011100110101010111110100100101100111100011010011010111101101111101111011111
11110011000001011101101110101011111111111001111100100111100111101111110111011111101111001101010100101100011111111110011001110101111110111111011111011010111111011011010101001110111111111111111111010111
11111111110011110110111010011101110111111011101111101111111011010100111111110111111011110011101110011111111001111001010000011100111110011110011011010101101101111110110101111111000110101011011101110111
01011101110110001111110101011111111001111111011111110010101010111110010111110111111110111101111111101111111101110011111111010100110111111101111110110010011011011111101011011111010111100001101101110010
00101111111111111011001011110011011111011011101111011011111111011111111111110101110111111110001111110110100110111111110111111100011010110101111111111110011011111100011011111111101111101110010110101100
11100111111110111110111011001110100111011111001111111011111001111101110111111011011111111101111011100101111001010011010010111010111101111011101011110101101101111111111101111111011100110011111111111101
11010100101111111010101001111101010010111101101101101111111011011111111111011101010011111010111111010101010111111111101111101110011101111111101101111111110001001111101011110111111111101011010100111001
01111100001111001111100111111111011111101110101011010110011011011111001110111011101011110111110110011110010011111101111111111110111111111111111011111110010011101111110111111111011001110111111111111110
11100011011111101101111111001111011110111110101101101101011001111111111111110110111010011101001110011110111111011110111101101111111111101110010100100101100101100111111111111011101111111111011011111101
11001011110111111101111101011111111111011011101111101110101111111111111101110101111111111111111001111011111110011011011011111111111100111011001111010111111110011011101101101101011111111010111100111011
11111110101111011011100101111110111110001111110011111101101100111001101111110101111010011111011111111111000111001111111101010111111110001111101111101010110110011100111110011111110011101110101110111110
11111111110101111111000011111110111110111101111111110111011110111101111111011110111111110001110100100111011011101111101111111111111111111110111111111111110001100110101111011111011111111111111111011110
10011101111111011110100111111111111101111111101010111110111011111111011111101111111110101101111111111011001110010111111111110011100010111111100001011111111101100111100010111101101011110111111101011111
11111111111011111110100111101000110110110010111111110001000111100010110111011100101111001111000001101110101100111001110111011001011011111101111111001011111110111001101101110011111011110111011101111111
11111101110001101011111111011101101100110101011111101101011110111101001110011111011111101100111100111111100111110110101110111111000110111011101111000111011111011000100111111010011011111111111110110111
11100111101101111111111111010110110111011111101110110110111111111101101110111100111100111101111110111111111110111101100011111100111111101011110111110101011111001100111111111011100110111111110111111110
00101100011101110111110011111111111011010111011001111101111111111011111100001111111111111001110001111111111110011100111001011111110101111111011110110011011111111111011100111010100101010101001011111101
11101111011010111100011011000111111011111111011101110010001111111110111111111101101110110010111010111111110011101101111110101101110011011011111011111110110110100001100110110111010000111111111110111111
11111111010101011111011111111111001111101011110111110111011111001111011010111111111110111111001101001010101111111101111111111100111010111111101110101001111011110101100101101110111111111110100111111111
10111111111010110111111110101111011000010101111111111111101111000111111010111111101110011111111111111001111101110000110111111111110010101111011101110110010111110111111001011011111001110110001101101111
01100111101101111111101110000111111001111010010111111111010000111011100101111001101110110111001110111111100111111110111101011111000001001111001111111001101110111011010001010010111111111110010111101111
11111011001110111111001000111111111111111110111100011101110111010011111111011111101110111101111111111000111111111110111111111111000111011111100101110111111111010111001110110111111010111111110100001111
11111101111111111111100011111010110111011101111000110111111101101111011111111111100011110010111110111111111101111110111101111111011101010111111101100010111111001111111001011111101101001101101101011111
11011111101001111101111111101011101111111111111101011111110110111001110111011110010111111011000010111111111010001111011110101011111111110011111001001011111110111111110111101111111101101111011110110100
11111110101111010101111011110101111011101110011111111101101011111110110110111110101101111101000111101101011111111111110011011111111111111110011011001111110111111011101100110111111111111111110101100100
01110010011111111101111111111010101111111101111111111111111011111011101111010111011111011111111010011111101111110110000111110101111101011101110011010111111101111000011001111010111101101011111011111100
10111111110101111100101011100010011111100110110111101111010100011101001101001111011101111111111011101111010011100110110100111111111011000101111001111111111110110111111111111101111001011011010011111111
11101111111011011111110100111111111011111100011011101000111010111111101111011111101110111011111101101111110111111111001111011011111111011111110111100011111111111101010101111010110110101101101111011111
11101011011011111111101111110110011110111010111011011010101100110111111101111111100001011101111111111011111111110110011011101011110110011101011110001100101010101101101111111111010010111001001101110101
01111110101100111101001111011100011101111111111111011111111110111011111111110111111110101111011111101011001110010101111001101110011101110101111001101101011101110110011111011111101101011110111000111011
11011101111110101001111111111110111011001011111011110110100111111111111111111111110100111100111110010110111111101110111110001111110001111101110111111100111111011110001111111110010010111101000111101101
00101100111011101111111110110101101101011111011110111001101000111111110111100111111000111111110111101010101010111111110110100100111011000111011001011111111011010001101010111101010001100101111111111101
01010110101011011100100011111100111101111100011111001111111100111110111101011011011111111110011111110011111111010011111101111011110001110111111111100111101011111111001011001001101001111110111101111111
11110011110110011101011111101111111100111111111111010010101111001111111111011111100011111111111010110101011111111111010101101111101101110111111110111101101111111110101110111110010110111010111100001111
01101011111101010111011101110110110101101110111011111110111011111101110101011111111011010010010101111111111111110111001110101111111111100101101101101111111111111111011111011101101111011100110111001111
11011101010001111110010100001011111110010011111101101001011010011011001011101111101111111111001110111110110001101110011111001111101010111111011001110100010111011111111111001010111011101010111101111111
11101010011111111110011101101111111011111111011110110011111110111011111110110101101111110111101101110011111111011111110101111111011110110100111101111110101011110011011011111111111011110011101111111110
10011110111111011111111111101111110011000010101100101111110011111111110011111101011111100111111111011111111010111111110111111111011111111111101110111100100110111111111111111001011110100001110111111010
11111111111111111101000101111001111111011111101101110111101101110001111010001110111011111101111110111001101010111101101101010011101111111101010110111110111111111111011111011110010011011001011110010111
11001100111111101110111110101010111101011111101011111111011101101101010011101111111111111001111111101111011111101010101101111001101011100010111100111111011110011111110001111111101100001110101001111110
11111111111111111111011010100111111110111011010110111111110110011011010110001001011111101111111101011110111111110111111111101000111111111110011111011101010101111011011001101101010111111101011111101111
11111111101100011111110111111001110111111111011101111011001011101111110110111101111101111111000111110011100111111001111110111111111110100101110101110110111111011111010011011110010111110110101111111011
11111101011111111011110011111011111110011111011101100001110110111001010111111111111100111011100010100110111110111111011001110011101111111111111110111111010111111110110100110101110111011011110111110111
10111110111100111111111110001111111101111110111111011110111111111111101110111111010111100111111111010011100110110100101111111101101000111001111111111111111101111111011111111001101111111110111010101110
11001010111111001111111111110000111100110100011111111001111110101101111111010111011110101111111000011111111111110011111111110111111101111101001111011100110110110011111010010111001100101110111101111101
11111110010111001011001011111111111110100010110011100100111110111111101101111101010111111111101001101101111011111011000111111111011011111110111011111111010110011101101110101111101110111101111010101111
10001111111101111010111111111010111111110111101110111111011101011001000111111010111011010101111111111111111011111011111100111011110111011111111110110011111111100111111110011110111110011101111111011111
11100111011011111111011011111101111111101010101011110001111111111111111111111100101110011101111111011111110111101001110101101110101111111111111011011111011111111111111000110111110110011111011010100111
10100110111101010001111111111111101110111101111100000010110101011010111011111111111100110111110111111001011111110101101111101111001000111111111101111000111111111101111111100111011111111101110111100111
11111111101111110110001101111011110111000111111111100011101101101110111010110110100101110101110010010110111001011111111110101010100011101001111111101110110110111111111111111111101111111011101111111001
01111111111111100111101111111101011111111110110011111101111101111111111011111111110111011101111101111110110110101111110100101111110111111111010111111111000101111111011111100011010011111111111101111000
10101001101111101111111101101111010010011001101111101110110011011110111011111011111101111011111011111111101110111110101101101011011111000111100111111110011011001110111111100011111111110010111011111100
