0110101001011110110001001001001001001111100000001001011110001010000001
1001111101111100001101001110101101111000101001101110100001010111101111
1001010100111110110001011011111001110000000000110000010000010101000000
0110011111100011011110010100001010100110110000010001010010100101001001
1100011111011100101011110010001111011010010001101100010011000010110110
0111101101001110011011110111010010011010101001000011000011010100000101
1101110011011101000000100011111100100010101001101110010101011111010101
0111110001101010001100110111111101010011000111110001101000000111101010
0001101001011111111011010110001111100100111101100110010111101000000011
1101111110111111111100001000011000010001010101001000011100011101001000
0111000101000101110100000010101011010001010010001010111010010001100110
1110101011001000001000101001101011001001011001101010111111011001100001
1110111111010100011101100010000101000001001100111100001110000101011010
1110111011101010100100010100111010101100000010000101101000001100001000
1011010111000101110101000111011101000010011111110101110001100001101111
0001001011100010010100010101111111000010011101001010101100101000010111
1010100011100110000000010110010011001010001100010101100110000011000100
1011010011101011000001110110000011000001100010010000000110101100100100
0101110111011000000001010110001110010000000110011100000101101111000101
0101000101101111000001000100001101000100000011011101011011001011011000
0001110010000000000001110011011011011011011011000110111011001101100011
1110110010001010011110110111000111001011010010100011000001111111001110
0000111100011000010011010001010011100010010011010110000000110100110111
0011110110000101111011100011011111111110111100001111010000001000101011
1110000001010000000000000101011110000011110101111110001111101101101100
0101010110000111111101001010101001001110110000111111101011110101101001
0110111110101010111011010101110000110001011111010010010111100110101110
1010011100010011000011111010000100101011111000010010100011111111101010
0110001100110101000000000110001111001101010011010010000100000000011011
0010011101000111100010111010000111010000111011101001101110011001110100
1111101111110111001110011100100000111110110110001101100011000000011011
0100101110001011001101011001110011000110001011111110001111101010001011
0001110010110101111011111000110100110000001111010001110100011100100111
1110100110111011110111110100110100011100000010010111000110110101101010
0111001010000100000000110011001010000000011111110101010100111100010010
0110110101100000001010010010011011000011000110011101101111011011100010
1100110000010100100011010101101001000010010001110111100111100101110011
1001000010000100000100010100101101000011001010101100010101101011101101
1001111100000011100011111101001100011100010001011101110101011001111110
1000000101111000010011001011100000010100011111001011100000010011001001
1101011010000000010000011101011000000000010000101011011101101100011110
0001100011110011000011111111111000101011101110010101001010101110011100
0100011010011011100010010011010110100101010011011111111101110111101111
0000000111001011101000011010001010110001010001100010000011111101111111
0000000100100110011111100010111111110101011001111010000010000100100000
0100111111010011000110101010110110101011001110111111100000011111010010
0110101110011010000001001100010100101100100111010101110100111011111100
0011000100001010111100101111100111111010011011101001001101000101111100
1100101001111001001100011100011100010111101011010110000011000111101010
0100101010001110101110111100001101111110011001101000011010010011010101
0100011010110001000011111111100101001001101111001000010010101010110000
1001010100000110100101010100011011111011111001110000001010000001101101
0100000100110111100010000101011010011011001001100000010000001010000100
1011101011110010000110010010000010100110101000100110100010100010010000
1000000101111101000110001100010100010000111000010101000100101101101001
1000001011011001111000001010110111111110101000110000001001011100010101
1001110010111000110110001111011101011000010110001111010001010100001100
0100111010010010001111001111001100011110101100011000000110100111110001
0001000010000011011001101111000101101100111100100010011001000000100011
0110011001110000000001100101010011110011001101100100000110000111110101
1000001011010101011111011001010110110110110101100010101100000100111011
0111011101001100011011101111000011101000111111011000001111011000101101
1100101100000000101101000011000100010101011001101110110001010000000100
0111001101111010101111001101010001011111001101111101001001010000001010
0100100100110010010010111111010011011110001110111011001001111100011001
0000101000001001000100100000111000101010110101110110010101011000101110
0101000101001110000101011111101101000111111100111001001010001101110010
0100111000100011111001101010010010000110111100110101100110010110010001
0100100110101011000011110011101111111010101101001000000000101001011000
1101011010010011001010110100101110001101001100000101001101111100100100
