011101111111110110101110111001011110010111101101111111110111111101111001111101111110111010
101000111111100111001101111110111001011011111100110111111011011011000111111111101111011001
110100111100100111111111001101011111111111001111000011111111110011100110101111011111111110
101011111010110110101000111100111011110111101111100110101111011011111111101111101111111110
000101111111011011011111001111011011010111001111110101010110111011111111010111110110111011
100110111101101111101000111111110110111111111111010101110111101111110100000111010111011111
111111001111101111111010101111111010101011111111110001111011110101111111011011101101101101
111111001110101111111111101101101111111011101111011101011111111100111111111111111111110111
111111110111111111001111110111111111111111111111011000111111111110110001100011111011111111
111011111011011101111111101110001110101111110101111101111111101011110111000101111111111111
110110111101111111111011110010111111111111011101100011101110101111111111111111011111101111
110011101110110111011111101111101111001010111110111101111111101111111011000111111001010101
111101111011000111111001010101111111110110011011111111101001111101111110111111011011101001
100110001111001101100111011100101011111011111111110111101011111101001111001011111011111111
000011111110010110010111111111111011101011100101111111011101110100001111101110001100110101
111101111111111001110111101111101111111001111001100110110101111010010101110000011111111011
111111111011101001011101110101101111111011000111100111110110011111111111111011110111011011
011011111111110110011111011101110101100101111111011111101110111011101111001111110111111111
101101110110110100011011000100010111100111111011010101011110001111111110111101110011111110
001010110111101111101011111111010110111001100101011111011001101111111010010001101000100011
111111111111100011110110110111101110111011011101111111111111111101101110101100111111111101
111010011101011111001011111111010111111111111011011111100011011100001101101101111110111100
101010111111011101111101111001101011100110111101111101101111001110110111001101011110110101
011010011111111111110110111111111111111011101111100110111111101101110111111101101011111101
110101111111001110011111000111001010011011110110010110101111110111101111111111110111111001
110101001010111011011111000111101111111101010111001111001011010111110111001110101110001001
111111110101011101010111000101111011111011110110111111111111111110011101111100111010101101
011111111101111111111101111011011011011001011011111101111011111100011111110010111111110110
010011101111001100011101110100111111110011101011011011011101011010110110010101101110010111
101011111001101111011111111100111011111111111010110111001111101111110111100011110101111110
010101111011111111001011011011001101110111111111101011111111100101111110101011011011111111
111111101010101001110101001111001111111011000111011001100111100111101001111001100111101101
111110111111111110001011111111110111001011011111010110101001011111110111011101011111111111
101001011111100111111101010010111001011011011110011011101110111101110011011111011111001111
101111111111111110111111111111011001101011111011111111111011111111111110000111010111111111
011110011011111111100111011111111110101111111111101111010111111011001111111111111111111011
001101111110111111111111011011110011011000000111111100011011010100100011111101110100100111
111111011010110110011101111111110100101111111111111111010001111010011111101111111110101111
011001111111011110011101111101011111110101111111111100001110111110111101111110110011111111
101111001110100001100110010001100001011010010111111010111011100001100111100101101111111111
111111111111111010101111101011111111010100111010011011100010111111001110100111011111111111
111111111110011111111101111111111111011000011100100111010111100011111011100011011111111011
110101111101011101110111101011100011011010011011111010111101111011010000011001111110111001
010001101111110101101110111101101111011111101011010011111111111111101001011111100010111001
111111111011110101101111000111101111011011110111111111001011111101111011101101100010101110
111111111111011011011011111000111101111101001010110101110110111011111111111110111011111101
001111111001110011100101111111111111111110111101111110111101111101110111110111110011010111
101111111110111111111111010110111011111100111010011100111101111111101111111111011111111001
110110100111111110001011001101100011111101101110010101000111101111011111111111110111000110
110011111101111001111110101111011110111110111111101111111111111011111111111110110111111110
100000011101101001011110011110110111111110101011010010111001110101111101110011111111011100
110111010101111111111111111101001011111001001111110011111111101011101111111011010111101011
111100000010111111011101111011101111010111111010011101010011111011110011111111110101111101
111011110111111011111110011111110111010011011100110110101001101111111110111111101111110000
111101101111110111001111101100111110000110110111011101010111010111111111111101111100011111
111011111101001110111001001110100011110101110111011110101011111111010010110110001111110111
011100111111111001111011111111101110101100111011011101010110100011111111011010011111110110
101111011111001111101011101011110101001001110111110100101011011101010100111110011011111001
111111111111010011101111111101110111101111011100110110111100010111111111101011000101101010
111101111101111100011111111111111011110101111011111111110100001001101011110001111110011101
101011111111111101011001101101110111011111111111111111011000011110101101011101010111111111
111110111000111111001100111110001111111010111111011010110110101011111110111111111111110111
110111011111110111111111001111001111011010111111110111010101110110111111101110010111111101
100001111011111010111111111101111110101010011011101001110110101001101011111111111111001011
011111001111000111110010111011011011011011110101110111111010111001000111111110011011101101
111111100111110011111001110001111111000111111111111111111111010110111110001111111101111011
101111111111100011111011110011111110101101011111011111101011111101010110110110111001101010
100111111111100110110011011111101110011001101110111011111110011001101110111111111111010010
100110110011111011111100101100110011011011011101111101101011111101010011111100001111110010
011111110110111111101111111111101011011110000111111101101110111011110010101111100111101111
011110110111111011111011110111101111110111001111110111111011011111111101111010111110111111
110110111111011111000111111101011101111101011111111110101011101110001010101011100110111111
111100011010101110101101101101110001111111001111111111110111011110111111011111101111011110
110010110010100110110001101110011101101000110111111111111101110110111010101101111100111100
111100110010111011101111111000111101111000111101110111101110111111011111110111111110110010
111111010111101001101111111010001111111110011111110011110100111111111100111001111101111110
011111111011111011000000110101100111011011010111111111011110011111110111101001010101110111
111111111111110011110111100011111111110111111011101111100011110101010101111110001101111011
110110111101010011111101111111010001111100111110111011100001010101110111111100011111001111
101011011111110111101110101101101111111011100111111110101101111111110010011110101111111011
111100111111111100011111011110101101010111100101001001111101010111111010111101110111010011
111111110110001111001110110111011111110111100001111111111011111101011111111111111011011100
111111011110110111101111111110111111011111111111111101011101111110011111101000111101111101
011101111111110111101001100101111111001111000111111111011110111111111100100111111110111011
101110111110111101111111101101111011111111111101010111011110111011101111011111010011001110
111111011101011111101111100111101011001111110111011011111101111001011011111111011111001101
111111101110110111101101111001111111011111111101011110100111101111100111110101110111110100
001101111111011001101111001111111110111110001110111010111001111010000111110110100110111010
101111011110010111110000000111101111111111001010110100111010110101111111101111111001100100
010011111111111111011011111010111111111111110111000110110101111111000111000011111011010000
