0111110101001010110101111101111110010111
1010111111110101111101011101110111101010
1101111100110111111100111011110111111110
1010111111101010001011101011011110110110
1111011011011100101000111011111111101111
1111101011110110101111101111000111010111
0111110101101111110010010101111111110110
1111001011101111110111101011101101110011
0101110101111101011110111011100111101111
1101111110111111111010111111101111111111
0111011111011101111011110101010111111101
0110110011101101111111111010111011101110
1001101111110111111111111111011111001101
0110111111111011111111101110111111111111
1011011101001100100100110111001100111000
0110001111111100011001111111111010010000
1110111101111110011100111011111101111111
1110001111111101100111111101101100110110
0111110011111101100100110111111111101111
1110010110011110111001111111110110011110
0001011111111100010001011111110101111011
1101010100111101010110111111110001111001
1011110111111111111101011101110011111010
1110101011111011111111101111111111011010
1111110111011101110111110011101101100001
1100011001101111011111110011111111110010
0011110111011111101111011101110110101011
1111111111101011111111111110110101011100
1110101111010101111111111111011101101100
1111101000111101101111110111101111111011
1001101101011111111000011100110111011111
1111111111101110111110011111111011111101
1111111011111101001100110110011100111011
0110111111111100101011111101111100111111
0111101111110110111011101110110111010011
1011011101100111110111110101011111101111
0110100011111110101111110011111111010111
1011111011111100111100000001101101011000
1111111111010100111110110110011011111001
1000110111101100101011001010011111111010
