00110111101110011010110101011000011101101111100111101100010111010000110111000011110000110100001010010111110011111110001101111111010100110000001000010100100000010101110010011001010000010000001010100010
00000101000110010100001101101111101111111000001011010010101010101011010100101001010010000011001101010111000110101110010011101101101101100111000100111000001011001110101010101011010000101001110101001011
10011110000010110010000001011010001110010111010000011010100111100001001000101011000101011111011111101010110111011010110011011001000111011110000010011100100100110000110000011110010000101101100011001010
10100010100100110110010000101100100100111011000110100001000101111111100111110110111100101111001000111010101100111010100100010100110100101111100010111110010110000000001101010111110011011111000000010100
00100010011001010110101101011001010110110000001011110111110001100101110110010010000101001011011111011111110011011001010010011110011111000101001000111000000111011111101001010100011111110000100100110011
11100011001101101011111010001101010011011111101110010100101111001100101110000010101011011101001100110101110101110111101100100101011001001100010010110110101011111000010000000001111110110001111001001010
10111101010101011100001011101101001111010010011011101000001001001001111110110101001011100001100000100011011101110101110000100111110010100001010110000011011011001011111111010000001101010001110000011100
11000110101001001000000101100111000101000000000101011000111010010100001111000011000100110110110101111011011000001110000011100110000011100011001010100100011001101111010001101000101000100001010001010011
10010001010011100001000000000000101100010001111011111001100111010011101101000110000000011000100010111111000101011000110011101111110001010011110111010100111000101001101110001001000010101001011101011011
00001010100100100011100001010110011100001010010001011011000101000110111110110000011100001010100101010100101001011001101100010001101111111001100001111100011010001111010001010011001001101000000001000100
10001101000101001110000011010100000100001101010111000011100110011010000111011010011001000100110011100111001111000111010011110101001101111000101110000001011110111010010100011110001111011101101110111110
11010110011001111100110011011011101001110011010101111110111110011100100100100011111100010111010101100111100011110001001010101110101101010010010110000000111000000100011111011110000111100110011010101010
11100000100001100000001111110111101000001111011011000011001010011111111100011010111100100001111110000110100010011111000000011000011011110011101111111101010010001000101011111000011011000001001101101110
00001111101110000100011000110000111100111100000010111111010101010110000100110010101001110111100001100101100000001011101011001110101000011110100011111101011010100001000100111101010110111110100001011011
00110100110110001111110010001000101110000110011100001000100111110110101011011000110111011001110010100111010000111010011110110110111011010011011000101100010000001100001101110010000100111000010111100100
11111010000100001111100111110110000110001010001010101011010100000011011100101101100010001111011001010001101101000010001101001011101010110110100011011010101010111010001010000011111011111111001000001110
10000111001100110001010000100000101111001000110100010000110011101101001111010100011000000000111100011001001001110001001010101010011110000110101100011100000110010011110011000010010111001101001110010011
01011010001101110001101110110100011000011110100110110010011001111101101010000010011000100011011011110010101111001100101110100110110110001101010101000111101011010010110100010010110101011010001010100110
10111100011000110000011111110100011011111010100100101010001000101000011011010111000010011011011011001110001010001010100110111101010110111011000001101100111101011111001100010111010000011010101110111010
00000100110000111100100000001010010000001010001000111011000011011010001001000111100110100111111000011100001100101101111011101000010100101011001011110101010010101111111000001110110111100101001100101001
10001100010100110101000101011111010000011101011100010110001111011011000110010011000101110100110110010100000001000010111001111100101001101001110100110101001111000110100000000100011011111010110111001100
10010100000101101010000100100111110011111011111101111100010111110001110000000100010000100111111101111010110101110001000110001001110110111100101000110111010110110101000101110000001010011000011000001010
01001110000011000110000001000111110110010101001101111010000100011111101101100001011100101000100011011111011001110100010000100011010100000001001100011000100001001100010111001010101001001010001100101011
11001001000010010110110010111101111111100001010110111000100100011011011011011110011000011000101010110100010010111101110110010001100001010100110111111110010001011011110100101001011110000011100000001110
00000110001110110110000101101011101001111110001001011010001100000110100010111011001010001011111111010111001111101000010010001011110010011100100111101110101000011011000011010100011110111010110001011110
11101011011110010010101010110011001100010001110011110110100110011101101011000000001011110010111001011010100101001100001101000000011111000111011001001110011001100010010001010001010100110001000011110010
01010011000011011110010111010110000100110010011111011101010100011100100100110010000001111110011110001101101101111100110100111101111011011110011101101101010111001011110010110011011000000011101000001000
10101000011111010110100101100001010000110100111111100111101110111100000010100100110010000101011110101010010100111010010010001010010111010101001100111011101011111001011101101001011111001110111101000101
11111110000100100001100110000000101011011111010110001010011110001011111100000001001001110101101101011000011001000101000111111011111100101100000011000101001000010111010001100110100100001001010100111100
01010111011010010110111100100001011101110111011000011101111010010100000111110010100110001111001001101000000101001000100101101000100101111111001011110001010000011010011101111010100011110001111110001110
01100001010110010001111011100000100111000101000000010011111110100001100100111011111110001110011010011100101101110110001111101010011011101111000010011110100010111000001000011000111101000100111100010001
01001111000110000000111111010100111011110001101000100000101100011110001011100100001111110101000101110001110001000101010101110101010101000100111010010011100111110111111010101110111111001000010010100101
01010000100111101000011110001011001001111001000111110010111110010011000110010010100110110101111111110001010000100010010100101011001110010101100011111001010111101011010100010011111100111110101101111001
10001100010001000111111100010101000101100110001110010001101110111110101101101111000111111111110101011101110100101011111011101001110100001101111110010101010100111001101110001110101000001100110100100101
11100010110111101110000111001101100011000101100011001110100110010110111000101101011001010101001111100111111101000101100101011101101101100110110100011010000010011010110011111110010100101100110000100100
11111011111001111000001101100110010010001001011100000000000101111011111000110110110111101110100010100010111001100111111000101111001111000010001101111000000110111011101111100001110110011100111111011011
01101110000000111010011100001011001100001000110100110110011111000100010000110000111001011001110000111001100001110111010110110000110100111100001111100000000011100001001101001101101100011000011000100111
11000111000100001010010110001111111000111110111001011100101000010110111011111110100001110001100101111000111011010110000001001111110100100000100110011000011001011010110001101110101111111110001100010001
11011000000101000010010110110101110001010101011110001110110101010101111001101100110001110010110001101101000111001101100110100000100010000011011111110000001011010010010100000101100100011110001010000111
01111110100101000110111011111101100001100100001000111100010111111110101100010100100110110111011010110001000011011100001000101000110100000011011001011100110111101000110101011100001111000001010001000011
11010100011011011111110010001000100111000111111000000011010010011000010001001001100000010011001011010011110100001000101111001101111000000011111100001111101101010101101001001110101111000110011110100000
10100100001011100100101010011110011001111010111111001100010110000101001000110110100010011001110000001110110000101011011010101110101001001111001010010000010001010110111011010100111110011011011011000001
10110110010110110111010010101100010001001101001001110011001010110000010011111101011111010111000110110110110001111111000101011011101101001101100111011101011100010011100100110010101111011110011011101000
10110100101110000000111101001111101100101010111101100000101111000001001100001110000011000100010001100100010100000110101101011101111000101000110000111110101110101011001101100000101101010110101000111001
10000100100000001110010001010001001011001101001111100100100100110100011111011000110101111101110010011010101110010100100001001111000011100110000100111010001000011001111101011100111000100001001100111011
00100010111110101000110101111100000111101101000111001111001110011011110100000100110010101110111100100010001000110001110100001110111011110001000001001101111000110001000001100110000010101001001100110011
01001110100010110001111010110101010101111111100101111010001000010101110110100110001100110101011101000001011010100111110000001010110111111100111110110010010000100001101010011100110100011100110101100010
10010101001100101110111100111000110110100101111000111011000100000001111010000001000010110001011011101001001010001001000001100111110100000100110111111100001010101110011110100011101010001101111100001100
11011110101011010100000101111000111000100100110000011000111100001101100001001100001100100110100101101011100110011001010101111010100100100100011001100101010100001001001001111101101001100110101110010011
11001011111110000000011011110000101001000111111000101101100011000101110110001111000111110011001001000100000000011010110010000101010111101001110010011010010001101000011101101011111101011101000011011111
10011010100101010111011101010001100010010011101101001011110010100011111110101010111011100110001101111111011001110110111101111000010000100111101110101110111000010111001001011111011001000000011101101011
01101101110101001101111111100110110011010010001110001010000111000110001100000010101001010010111100111010010101010010111010111100010010100110101110101001000000100101110001010101111101110110101001011011
10100011110101110011011110101100001001110100011111110110011110100110111000011001010010010001000000100111000000101001110011011100110010111010111101110101100100111110111110100000100001010111101101111111
10001100000101000000110001110100001011110100110001001010110000101110110000010110011011001111110101000111011001101010110011100101001000011011100110001101000001000111010100001101011000000110100111101101
01101000011111010111101011011010101010101010011100111100011111110111000100111111111100011111110001111111000111001001100110101101111000001100100100100100000100010010101011000010111011111100110001001100
00011000111011010001000000110110010000001010010101100000110101101101011000000010001100011000010111110000011011100101110110010100100000010011101001100101010110101100100000111101001101001110010011011010
01101101101100101000000101010111111001100001100011100101010001000110110000101011111111110011010100010011001000110010001110101100111111001000001011000000000100110001010010001000000011111111111010000100
10001001000101011100010000101110100010111100000010101111100110010001111100100010000101100011110010001010101001010101111011110111000000110101000001010011000100010111011000101111000100000100000011011001
01000111000110000110100010011111110011000011011010001010000100111110000001110110011000001100010101100011001101110010001011100111101000010011100010001001000111100001000101011010000110101100010011001010
10110100111101110000111111111011111110110101110110011011011001001011010010100001111111110110011010110001001101011110110011001111000110111111001101100100100111010010100000010110000110110101111011011110
11100101101110101001110001011110111010011111010001111010010001110110100001001011101101111110011110001001000110011101010110111111010100110001101110011100011101011110000000000110111100001100101000111101
10111110110001101101110000000000000110110001000001010011100110011101100100100100011110001110110000101100000011001010010111111101010101110010000010101001011101101001111100110011001100011100001111010110
01111000000000101110010000010010010100010010100000101111001010011000000100000010000111010100110111001110011001111111010110100001011001100010001011000111100111010101011110001111010010011110111100100010
10010001101111100101111101110101111101111010111000000010011011100111001101010010110001100001111101111000001000101011110011010110101100110001111111010010110010000110110000000101100111110111111100000010
01010110001110001111101101111001010100011000010010000101001101100011110011001110011010100110111110001110000001111101111011101011111101110100010110110110000001100010101000000100100101001000101000101000
00011101010111101100001011110101011011110100101011011111101011010001100110001110100011100011000000000101001100000001011011100000101000000010000000001001011010000110110101111101001000001111010011011100
01010000111011110001101110001001111101010000010000111110101110011000111011110100111011001101000000010011101011010111100011111111001100101100001110010110010000000101001001101111001101001011000010000010
01111010100010011100111101001010100100100101011111100011010101011100000001010011000010101001100110110101000111110110000110101010110010000101011111010101010111110001101110011000000101111111111010010100
10011110110110100100011011101010011101110000011111101100110011001110000110111011010011110011110101111111000100000010101011011001111100011001101100111011010110100100101010000011101010110001101000011110
11001010010010010010010100001000001111101010111101101101110100001010001001001110001111111110111100110001010110000111111111110100011110111010010011101101101001110101101111010110000111110111010101111110
00100111110010111111001101001001011101110101100100111001010000010010010100010011101011000110111000001010111001100101001010010111001111100111010101001111100000101110110111001110011010110101110100010000
11011111111111011000101000101110110000010001111001110010010001110100101011011000010100010000000010010100110001111000100101001110000000101000111101110111011101111100001000010101111000101000111101011111
10011111011000101110100111010101100001000010101101100000000100001110100101000100111000101111010111100011110110111111100010111101100001101011010010110101001000110000011110101100111010010000010110010101
10010001101000101011001101000101010001101010100010000000001010011011010110010110001010100110100110110000101101011100000000101010011001111010011011010001101111101111110011111101011011010000001001101000
01110010010101010000001010110111011111100110001000100010111101000010100000010001100100010001011100010000000111010011001000000010000100110000110001000001000110000110101000011100000111011100010101011100
00011010011011101010100110100110100111010110100000001110001000010011101101101011100110010100001111001100100001000000100111001001010001111000110011110001101101011010111101100000001000010100110110011111
01100000001010110000000110000010011001101011100011101010100010001100110100010110000001001000100101010100111000111100101010100011000010100001000000001010110010101010011100010100000010100101001000000111
00010010100000011011010100010001011101110111011011000110001001001110010011001000000010111000001110111000100001011010010001101101111111011110100101101110010001101011111110011001010100111100100000111001
10111101101111000111100110100110110101000101001001110111111010111101111001011001101010011011000111111011011101011000000101001100011011100011011011110011001111110000001001111101100101111011000111011101
11100011000100010011101010001010011000001010000101001010100110000001101000110010100101011111110000111011110100110111111010010101100111100100111101111000010011011100011111001111001001001101110110111111
10010100000111110001000000010110100111111100110000110010100110010110001010110011001101011010001011111101101010001001100000000011100110010111010111100111111100011111001000110001101101100111100101110001
11010000011110101100011100010010001110100010110000101110101101011010100110000000001111100111101001011000111100000011111001011100011111000101111110100100101010001110110100101011111110010011010100111111
00010110011111001100001111001011001010000010001010110111101111001010011011000010110001001011010110011101011001011011001010000000010011101011001111001011100010110110101001111000110000110110000000100101
00111001010110100001101000000111110100010010101011000011110111100000010100110001110010010111000001100010101001000000111101010110010010101000000010101100010110110110010100001011111110110011011100001110
01000110000000110011000011010111110100010111010101101100100101101111111001010110010100100010100011111110100101111001011111100110100010000100101100011100000111101010110101110001111011011001010111111100
00101110001001100000100001101001011111100011100001110100110110110110111000001001111000111111001010011000010100101001001000011001110100010101110100001000001110101110000000100011101110100101000010011111
10010011000011000101111001101001110101110000111111100000110110011101110011000100010011000001110100011101111100001110001001011010100001000110111110110010111010011010111101001010100110011011101011010111
10100101100101100010100101101001111011111110101101011011100110100000110100110111100101001111110100110111001110111111111011110101010010101111100101000111110100100010000000001110110001110111101000100011
00111100110000110010001110100110010110000100110000000111001011000011010010001111101001010010010011001011111111001110100000000001011001111010101001111110001000100001111010100111101001001111110110101010
10110101001101010001110000111111111100010011111010100110001111101010011011010001010101010010001101011010011101110101010010100110000011101011001011100100100100000101010101000110101101101000111110010110
01111001010101010111010011100110010100111010010011110110110111001100111011000011111111011101001000111100010011011010010000110011000000001100100100101111110100101010010111001100101111011110100010101011
01111110000111110111010010011101111011011110101101001110110000010111100010100011011101110010111010000101010111100101011000100110000100111010111110111001010001100011000000110010001001101010010111111011
00000011111011101001111111001000110111100100110010010110010001111001111001001001010010110001001011111001010110110100110000100100111111001101100000101011101011110010101100101000110100111101000110101100
00101001001110111111110011110010110010110101111100010111111111111000111010100001001000111001001111101100101101101101011110010010100111100000111100001001001100101100101110000011000100011101110100101011
11111100000010011111010111111110101000011000011101110000000110011000011000110100110001000111110010100010001001010000011000110010001111111111000000101001000011100100010000001000101101111100111001010010
01101101010110001000110010111001111001000010011010110101101010111001110011111110001000110100010001111010100011101011010101000001000000010100000100100100010101111110101000100101011010001001001110001000
10101000101010100110101110110010101100011010100100000001010110101001000111010110101011001001111000011111100100011000101110001101111111101010011001010011101010110101011000001101111011100010010010010100
01101001011101010110011011001101111001101001001111100111001000110000100010011010110110001100110100100100101110011110010001001111001000110100001111010001101000000101101001001001001100101000001101100101
00110111101101100100010100010101101111110011010110111011001101010001110011000111100110010010111101010100011011100101100111000101011110010010011001110010001011100001010100111101100101000010000001111001
11011101110000011101111111001011110011011010100000110011100100010011110101101111111011110110100110100100111100110000111101001110000011001100010100110100110110001111001000001010100010110101011010100001
00111001100000001011011001111110010011100100100110110010010011111000101000010111111011101110110110000001100101001000011001011010101011000001001010001100100101101111011101011101111010011100010101000101
11001100111111100011101110100010011000100111000001101110000001101101100100011000101010110011010011110001110010000000010110000010000110000101011111100111101010011000011000111111101100100111011110010011
11111011101110100110011011010000001100001110110010111110111000101010101010000011000110011100001110000001110010100011010001101110111001100100111111111101010010011001110011001100011011011111010110111000
11001111101101111000001010100001111010111000001110101110101110000111110010000011101000111001100010001110010100111100100100001000111111111101111110011000111000111101010000110011000100010010100000101001
10111100010111010100010001100011011111001110100010000000010000000010001111011101110110101000010111011110011101011110011101010111001001110100101111011000011010101100111110110000010101111111000000011000
10101111000000100000011100011001111101001111001000110101000000100000011110001011011001101111100000110111100100100001100101000101110011100011001100011011000011001011101101100111111101010010101000110011
00010011011000011111001010101010001101000000111100100101111100110110001001001010111100111100011001110000100100000000011011010100100111000010110110001000100011011010111011000001000001101111000010000101
01110110101000010101010011110110011000101001100010010010001110000101110011100011010011111101110011011001111011101000011010000010010011101100001101011010110100101101111110100011100001111000010110010010
11101000001110000110000110000000000001110000101110000011000011000011010010100000100000011011100101100110000101000110010101001001000101010010010010000100101100001100001011110100100101111001011111100100
10101110111100011100111011101111001111110010000000110111011101101011001101110110001110001111011100101000100110010111111000111110000111010001111000111110010010011100000100011010001010001001010001010001
11010110000100101001011110110010110110000110011000101101101000111001001110001001000011010101110100110011010100001000011010100100100001011110101101010111111111011110111111000010101001010111100110010101
10111110110110101000011100110010000011010010110011110000111110101011000111101111001010010110101011010001100001001101001111111001100001000100010001001001001101010010111001010101000001000101001100101111
11111001110011100111000111110100010000111110000111001110000111111000000111001110101011111010010111001001100100110101010101110001000010010000100010111011010010111110100110111100010110001011111010100010
11000111001010000101001101101011001111110011101000100001010110101011011011001001000000111101110001100001100011011000100100010001101111011000110101000010010111010100101110000010110110100010001000110100
11110101001011110010100000010010110111000111001001110100101101110011110010100101011000111010000101000010100011000001111110000001000101111010010001011101000010100001000101010000011011110010100110011101
00001110011111001001010100001001011110100110011110001011010010111110011010100001111011010101010100100010010001011010000100001010101010111100010010111111010001011110001010001101101100111101100110100010
00110110110001000111100100100100011100101001111001111111010100011010110110011001110100011000100010110001010001000110000111011000110101101000010011000111010010111001101100000011010100100011001000011011
01101010101000100001101110110001110110000100011011111101010111111100010000000101010110010111111101011110101111101010001000110010010101000001011100110010001010111000110111110010100000110000111010010100
10000100010101111101100001000010010100011101000000110000111000001100111000101001011111110001011010011000101101110010010101001101000110101100000111101110100110100101000000011100000000011110110111001000
10010100010000110110010101101111101010101011010010100011100011100001010100010010000110000000010110110101110010011111101011100011001011111001000011011000110111110100110100101100001001110110000100011101
01101001101101101111010110011010010010101100000001011111111111111111111010011001001010010100010010100100001100110010100101100011110101101011001100001100110101101011111000000010001011111001110000000101
11100001101001010001100001001111011001001011100110101100011101011110110100010110010110110000000101111010111010011000101110101100110100000100011111110011001100110101110010110001010011110010001010001011
11000111101100101111101000101111110110110100000110110110111011101111010011001100000010010111101000000010000001111000010111000011101010111110111111110001111100110001000101101110000001101111101110000010
10111000011010100010100100101001001010000011000010111001010011010010111010000001010101110010011000001000101001011100110000001000111100000011001101111111101000011101111001111011001100011100010100110110
11101000100111011011110010111110111101011111111010111010100111001011100111010110010001100000000011011011000011010001101001010111100110000011010011001000101111000101000011011111110101101011000000110000
11011111101101100110100000100001001101001101110101011111111111010010011110000111010110010101100011110010111001100000001001001001110000000101001001011110100000110011111101001111000101001111110001100011
10001011100101111100001010011010100101000110111110000000011110011011001101101000100110100111011001011110100101000001010110101001010101010001000101100010111110101100111110100110111010111111011100101110
11100110111000010010011110101001111101001011100101000110011111101010101010011101100001011010000111100000110010011110001110101110110111111110000101110110111000001110010001110101111000101110111100000000
01010010110101110100110110101100011011111111011110001011101000011101100010000101100011100000110010001011011000110101100011111101000100101000110011000011111001110100011001010000000011000101000010100111
10011110100010101111011011111011010011011001011101111010100011101001110001010110011101011000100010100011010100000000110011010111000001010000011011011001010110111011011011000110110011101010000001111000
01001100011111111000100001101010101100001111010000000110101000111110111001000110010000001000101011101011100000000101000100110000000111011010011010100010101111100100010111010111110001100110010011000010
11111000011100001111011001011101111111010010001111000000100111011010111000100101110001000001111010100101001011000110111011011011101000011111100100001010010100010000100101010000110001010111010010000111
00101011010010111110010011110010100100100000111001011000100100000001011000001111111110010100111010111101011101001101001100101001001000011111111100101101111101011001101001011001100111011001011000000111
01101101111110100000100101110111001100000110111001000000100001101000001011010111011000101100111010011011111111110110110110000011011000101011001111011110010111000011100100110011001111111111010100110011
11010011011010010011110000001110001011000001111011111000010111111010011111111011001100011101011011000011110100000011101110100001100001000001000111100011100011101010001110011000011110011101100000101010
10100000111111110010010110110100100010000000011000001101011111011000110001110100100001001001001101100001100011101111000100100011011110000000011001111110001010111100000011101000110110110101001011011101
00110100011001000111110010101110010010000111001001001110100100000010110111010100001100011111101010010001000100100111101110100001101111000101010101110100011000001001011010010010110001111110110000011001
01111100000001011100010111111111111010000110101110110010010100001011001000000101110011110010101101010111100100110001001001100101000110001001001110011011100001101000011111010010110000011100011010110111
01110001100111111011000001100110001100111100100000111101001101100100011011000110101000111101001010100000011010100010000010111001001111000001101111110111111011111011111000000111010011000101110011111010
01011011110010100111101001010110110000111110010001100101011110010001101010001010111001010100101000001101010001000000010110011110000111101110001000000111000110010101111001011000011101001111011111000011
00010000111011011000110110000001111001001011001101111111001010010000100100110101010011111011110000000011101001101100000000100000100110000010000011010100100110000100111100111001110101100000111100010001
00000110100100100100100101100001011000111001001111001000000000011001011111110011110001100001010010110111001011010111110001101000111010011000001101011001110000000010000111000011101110110111011101110101
10001001001010101001011001110101010110111100001010111001100110110011100101000011011010101101010011101111110101100000010011110100011011010111010111010010011001100010101111110101110110111101000010110001
01000010101110001100101110110000011111101010101100111110000110011011101100000101111011110011010101010111111100100100011011110011000111101110011001001101100101000101011000010100010110010111001011001000
00110111101111010001000110001111110011100110001101110100101011111011010011010010111100100101000001001111101010001001101101101000111001100110101000000001101110101111111100001110111001001100101001100101
00000000110011010111000111101100100110110010010110001001110100110001011101110111101000011100000011100110100100110110101101111111110001111010111100110001000011111001010000110000010011101011001001100101
01011101010011100011110110110100100110100001101110111011000101001000110110010111110100101111101100110110000001001001011001110011001010111010000001001001000000111100111011111100010010110100001110000010
11111100110011011001111100010111111101110111101101001000010010011011100111010011000010101001000011110011110101101011010101110101010001011110111001000110011111001001010001011010010111011111010100001100
01111000010011111010001111110010101101011011110101110100001011000100111000001101001111001011111000001011111101011011001110011100010111010100010100100100001101101111100100100011101101111111111101011110
10110101110011101111110111101010010000011011010110101111000110101011011110000100110110011110000100011110000011100011101010010101000011011011100100011011100001001101101010110111111011011010100100111100
00010110000000010100010111010011001000001001101001100000010000111010101100001110101000111010100010100100010101101101111001010111101101110111001000010100010011111101101000010011110001000101101001101000
00000010001011000101110000111101110000001010010010011101011001100101111111110010101000010011111011000110010000111011100001110000110010100111010111100100011111110010000101110010101110001100010100111001
10100100100100010110001010010011000000011001010000101000000100110000011001011000111000110110100011011101001110100000001110111111101010100110110110000100000010111100100100010000011000111110110111011110
00010011111111100011010101100100110001010110011011100001000011010111100100001101100100110011000100010011100101101101100110100011110111001010011000010011000101101110000111101110010011011101011010111010
01000111111101010110100011011000000001101011110100100000000011000100010111010010110001101000110011100101100010110000010001111011101010011010001010011001000001101010011000110000000110111001000011110000
00111000001000001010110000100001110100011011000010001011111111100001100101110010100111010110010100011000000110110100001111101010011111000001100110011001010000100110111110110111000000110000111000111101
01011110011011011101110000110011101110110001000100000001001100110101100001101011011111100000101010110110111001101110111100001010011001110011100011010011100001101001010110011001010001000111011000100001
01001111000000000110101101110001100011111100000001000100001111101001010101010111000010000001101100101000011000110101000110001000101011100110001101011111011010010101010000000111101100001000001111110100
00100101101001010001010001010011110110010001011101011001101001001001111111001110001111011011111110101001100100001010111111100110111000110110001011101011111110000110011100001011000100101101100011010100
10101100001000011110010110011111011101101110110000101010110110100001010110010011101100100000100110000111001001111101110101110100110110010011000001100011100001000110101011010000101100110011110101001010
01001111111010110011001110110110111101010001100111001001000011000000001101011101110011100010010100011111111111101001110010010011010010111110000011111110111010000100011101010001010101101000001010101101
11001001010100100011111000001001000000001100000100111101010010110110111101100001111101000100011111011001100111101101001101011011101000010001100110101110110101111001010111010100110110110110001011111000
01001011011000011111100111101101101101100111000100101110010110011100001001111100111111110011100100011000011000111001000010000101010001100010011010001001011100110001001101100010111101100011101001110010
10001011110001001011010110111001110110001011111010110100111001100011010001000100100000001101000011111011010100000010101011111100010011001011000111011110000011000110110111010001010001111001000001110000
11101010100010001101100100100001011101011110101000011011000101011101111001110100011010101000110101000010111100111100110111010110000111000011101010101110100100010001011011010111110100000000010110101100
10100111011100001101001101111101101001110100100101011100110001110100001011011101010110101110001010101111101100110000010111010111111000001111100111110000001111101101100010100101100011000011101011011110
01011010100110110011000000010111010110001101101111101010010001101011110110111111101000101000110111011100111110110101100010010110110010101111101110100110001100111010100100110011111001000110100000011001
00010010101101100110011100010100110110110011100101001100001001100101011010011101010110100110110000101000110101101110110100100110001101100100111010001001110110101111001010110010010101101011001010011001
11000010100110011000001010100001011100000100001100001010100000100001111011000101000000001010010000000010101110101101010001001010011000111100011000100100010110010101110101001100011001010100111011100000
00011011010110101000011011011100001111011101110011110010001000000110011001010011001010100110000001001010011010110010010000111101111110010101011000110001010000011111100010110010011000000111011000100111
01000001000011100000010100111101001101000011010111001001010001000110000011010010111011001001100100100101110110001000010101110011000001010000101001101101011100000010011101001011111100111101001111011110
10111010011111100110010011100110101000010110101010110001001101000101010101101110101010000001000000101101100011011010011001011001101111101101101101110111101110011101101101000100100101101011010101110110
11100001101111000001001100010111011011011000101011100101111000100111001011100111011100110010101011111110000001001001001100111100000010110001100010110000010010100000000010100010111010000011010100001101
00111000001101000011100010001001011011111100111010110101010110111110011111101011000000011110000110101110010010011001001100101111011000000010001110100100010101000100110010010000001000110101110010100101
01110000011100111111001000101101111001001010010101100010011111100010111000000001010101111101010000010101010101100100110010111110011001001110010010011111010101100010101101101000100111011101001001110001
11010100110001010010000101110000100110100000000111110101010001110110100101000111110111001000010111101101011100010001100001011101001011000010111000001110000111101001111000100000001000110101110111000101
00010101000000010101001000001111110111101111101111011010000010011000100110000010111111111110101010111100010110100101010000001011011110011100111010001111000001010110111000111010011000100111100110011010
11111100000011011111100111110011101100000100101001110110000010100000001111000100011110010000100110001010110000001110100001001011011100111111101111110110110010001111101111101000100000111110101010101001
00001111011010010000111110110011110011011111100111110111000011000110101111010001110111001111001111001110010001100011000110010011000001100001010010001101100001010010001011101101100010101001101001101011
00001110001101101101000111011011101111111111001001010001011111011011010000100110110101100110111001100101110010001101100000011100000011110001111100011001001001111110100100110010000000001010011101110100
00011100101111011001110110010101000101011110010100000010101100110000111011101000010111100010000110011010000001001110000011000010110011110010011101110101011000000100010000001010001000110101100110000010
00011010011110011101101000010111000001011011000011111011100000011011010001100011100010011111001010100010111110110010000111101100111111001011100011011110010010001011011110010010000000011001000100100101
01101101110101110001100011000100101001000000110010010010101100010001111100001110101101010101101011010100101110000111110111101011011001011000111001101000101100111111000100110101111010010110110111101101
10011110001001110110110011000100100111100111001001011010100101110001111011110110011110110010111000011011110110100011011111010010000111111100011100111100111100010101000010100111010011101111110100101111
01110000111001111110111010011001111111100110011101000011101011101111000100100111000010101111111101001010101111001001001010111111010011101101001011011101111001101001000100110010011101010011101010101110
00110000001101011001000000010010111101101011001111011111111111110101011000111101101001011010111000011110101000110001001100110111101101111111011110111011110010100100001011100111110010110010011101110010
00010000000101010110101110110000100001101111000010011101100000110111010000000010111100111011000010100111111000101110101101101111011101001001010101011100100010010110011101011000110100111101010110000010
01110111101010011001000101101100000000010100110101001000100100010111111000001011110111111000110100010110101011111001100010101110100111110011011101011010011010110011010101111111101011011010111000011011
01101110001001000010100110110110111100000001001110011110100110111001101100010101100000111110011000000001010000101011011010100101000000101010100010001110100100110010011010000101111010111001000100000110
01000111100100100000110010011111011110011110001100100011101100110101011110110001010110001101011010011110000111001000011010010111001111001111110000011001110110010000100011011101000100110111001011010001
10000100101110011111011000110110100111101111110110111000100111111001100101001000000100110100001101010100010010011100110001100011000010010101110111101010010111001110010111100010011100001101010000011010
01001000101010101011101000011110110101001000111110101100000001110000011110110011110110001101110101001110000110110011001100110011000001000001110000111101100001010000100000111001100111110110100011100100
10100000001100101110100001000101000100101110000011000101111101000111000010010011000011101111100110010110001110101011011001100000101100010111001100100000111001101100110110100101110010101010010100000110
01100101110011100000100011010000100100010110001001111111011101000100010101100010100010100001001001101000000011000000001000000100011000010011010111001010101001110111010010110011001100100100010100011110
10001000001110100111001001001001111010001011111000101100000010101000010001000101111010011011110001110011010010011101000000011110110001100110011011000111011111001111100011010110011101111100000100010100
00011011101001001010000011001010100101000001110011011001010111000101111110110111110011100101001010100110110101100110110100011000010001011110111000001101111101100111011100110010100100000101011001101001
01100110101111010011111110101100100100000011100101111111011110001100110101110111010111001011110100100011100000010010101101000010010000111010000100011111110100011100111100101000111000111001001001010100
00010010011010110100100110011101011010100000000101001110100111000101110110111011011111100100100011001000001010110110010110010010100110010100010011011100100101101000110001111101000101111000100111101010
11101101101111011110011111000100000110110000111011111001001101110010110100011001010101111111011000000100010100011001100001110110101111100111000000101000110000010010010001110000101010011111101011000100
01001001100001001001001000010011110111110101110011111100010010000000000110011111111001110011010001111101011001110010100111000100100111011101111011000001000110001000001101001111011001110001010000010000
