00000100011010000010000000000000010010101101001000
00000001000000000101001100011100000000011000110000
00011001100001001000001000000010100000000001000001
00100110010010110100100001000001010010000000101010
00100000000000101011000000000010000000000000001001
10010000000010100000000000000000000000110000110110
00010001000001001000000110010110000001000101001000
01100010000000001000000111010000001101010000010010
00100000000100010000101000000000100100100000010000
10010000000000010010111000010001010100000100100110
10000000000001101000000000000100000000100000110000
00000000100001100100000000000100001001010010011100
10010100000000001010100000000001001000000100000001
00100010001100010100001000000000100000000110000100
00011100001100000101000000000100000000001010000010
00010000110001000001000001000000100110000000011100
00101011001010000000001101000000100100111000101010
01010000000101100000010000000010000000100101101000
10001000010010000000001000000100000100100000010000
01001000000000110000100000000010001000000100000000
00010000110010000001010100100000100001011100101010
00000000010000000100100000001010000010011000001101
01100000110001001010000011010100000101110001000000
01000011000000001000100000001000000110010010001000
00000011000000000000001000000101011100000000100010
00010001000000011000001000000001001110000000100111
00000000000000000000100000000000000010000000001001
01000011010000000000001000001000010110001001100101
01000000000000000000010100010000111010001000000000
01000010001100100010001010000010100000100000100101
00101010000000000101010000000100010000000000001101
00010000010010000000000011000000100010111000010000
00100000100001011000100000001101000010010000000101
10010000010000000000000010011010001000001000000001
00000001000110000001000011001000010100110111000000
00000001110000011010001111010000001010000000000100
10010000000000010000010101111001100100101011100000
00000011000100000000101000000000000000000000000100
10000100101000001110001000000101001010001001001010
01000101000100001000111100000001101000000000010100
11000000000000101000110000011001010010100001000001
10000010010011000101100000000000001000000010001001
00000000000101100000000100000000001010000100100000
10100010000000000100001000010000001010101000000110
01010100011000001100100011010100000010000010000010
01000101101100010010000000000001000000010000000010
10011010000100011100110100100010000000100100000000
00000100010101010000010001010110100101010001000000
00010101010000101000100011000000000000100001110000
00101000000010000000010001110110110000001100000000
