010001000011111010001110011111010000011101100011001010111100
101000001001111001000110010001100011000101110010100011101100
010000011010000111010010101010110110111010111111100101100011
000000011010100111111101001100101100010101011011000011001010
000001110011001010000111110101101000111100111001101011110111
100010100110101010110001000110011101000011011111101110110110
000011011010111111101100100011000001000011001101101111001011
001110101001011001101001101100101001010110110101000010110011
011100110101000101011001101010110100000011001001011111101011
000001001001010001111111110000110110111011101101010001101000
101111100000011010110110100100100000101011011010101000001000
110010011100011111100100010010010100111101100101011110100001
110101100000000010111110100011110101011101101111100100000001
110000110111001101100111110101010101011011101100111010110110
110011110011010011011111110000000000011111000101000001101111
001100101001010000111100111100000001001010011011000101001010
101111100011101001001110011011010010101101110010110101000011
011100111101011010101001101111000101011110111100101110001011
000101110111110101000110011100010010100001011000010011101010
001101001110101100000010000110110000010011010111001110000011
100100111100101111000101101110011001011100101011000111010101
110110100111111110101000010101110011000011100111111100101011
111010000110111010110000100100010110100110101100011101000000
000111011100011001001000011001100110011111001111001000001010
001010111110111101001010011010010010110100011000010101001101
110010000101011110100101100000001000111100001010101010010000
101100011000000111101001100010010001111111110101011110100010
100111010010010101111110000001110011011111010111100000010110
101001101001100011011000101000100010110000011111000000101100
110010100000110011000101000100110000101001101100001000111011
011110011110100000010101000111000111010111100110001101101010
101001001101110010111110101101000101110001111010110010100100
000111010000000000001000010000000100100100100011111100101101
001101001101110001000011000000111010011001000110110001000011
011000000100000010100111100110100100111011001101011001101100
010001110000110101001100001100110000000011001000001011010101
001010000111000010100010111011011010000111011110100101111100
101110010101111001011001111110110110000101110000000000011011
101010000111111111001001011101000110000100011001101000100110
110110010001101011001011111100101000111000110101000101001010
001001111110011101010111001100100011100000010011111001000011
110101101111111010110101001101110111110000100110100110110001
111010010101110011001110001001111000010101001000000110101000
011111010010000111110000101110010000111110000011010001101110
001111101110110101101011110011010011101000100110100010100110
001001110101111001010111001111100110100101001010110101001010
111101000010100110011101010110111100100011011101101011001110
101111111101101100011101001110001010001110010010111110110011
011011100010110011000100010100011100101011001111001111110101
000000001101010010100110101000011110000010010101000011010000
100011101011010001010111011001101011001010000011100100010100
001001101001100111011110101000101000100101100101101010100101
110111111001010001111000011000010001000001101011110100100110
011110101100001110101010100000100111100110010110110000011010
111011011101011000100100001011111010101001111001100110011000
100011010000010000001000010101000001110001000001111001100110
110100101110001101100101100011101010110100110110000001100110
110011000000011000001000100110011011101000011010101110011010
001111111000011111110101001101100100011110011111000011011100
001010111001101011011100100001001101010011000001100100000000
