0011010110111100011111100010010111000100011011011000101101000101110110
0000001010001101010100110001111000101011011111100101110001111010001111
1000101111000001000100001001000100110001010101111100010111010111000111
1000010111000000111001111010001010011000001101101111110001100000100011
0010011110010101011001100011110100110001111011011100000111101000001011
1001101000001001010000110100101011110101000001100000011001010111010110
0110110010010011110100111000001000011010101001101001100100001100011000
1011100010000011011110010010110100001100100111101011010101000011010100
1111101101111001010110110110000000101101110110010001110001111101111011
0011000010000011011001001011111011010011101011101101110111000100101010
1000000010000110111010110101011010000011001111011110000100110110000011
1000101010001111111111101100000100011111010001001110001010001001011010
1100010010010111110011110101100111011100001100110101101010001101000111
1100100000111010011101011011001010000110101000110010101010000011100001
0000001101111101111111010010000101101010000110111011110001001101110110
0110111111011010101100100010000011110101001010000100101100100010010100
0001001000111011011100001100001111100001101010001100000010000101111011
1101111111111110101100010101100110110111111000011110100010011000111000
1001100101110111110111011000011100110000010001010111001111010011000111
1110001110010111111010010000001001111001010011000111000001011100101001
1000000110111010001100001001011000000110000110011010001110101001011000
1001100001011110001000100111011001101101101011000111100010100010100001
1101111010111001000001000111010110010101110111100011001001001100011100
0101011110101110011100000111000010110101101100111001110001010110000011
0011001001010100101010000100111001011110011100001111100110000010110001
0000010010111000110001111011010010111010100100000001100001000100000001
1001100111000111000001110100111100000101010101110100110001110111011100
0110100001101100010011110100110101111000101100000101101011011011100000
0100110101001000010000001011000010000111011000011101000001010001100010
1100100101100000001011101111001011101110000010000100010010000101101110
0101011001100100101111001010010101110010100010110010010001000101100100
1010100100011010111000100011001010100010111011101110000001000011110001
1001010001101101110000110100110101001110100000010111011010110000100011
1000010001001011100101001001011010100101111110001001010011010011101101
0110110010000011111101010101011101011000101110001010000101100111001010
0011111001011001011100111101001000101111100011010011000111010100101111
0101001110011010000101001101010010110001100001110101100000100111110001
1000010110011101010011111010110011010000000111011010001101110000000000
0100001001110110010010001100111110010001100100100000011000110100110101
0110110011110001110101110010100001011010001110101010110011001110001101
0000101111000100110001110101001111111010001011111100011100011010001000
1110100010010000011100101010100101000000001001000010111010110010101111
1101101001101101110001011001100101100001110010011100100110001000111001
0111000110101010000010111111000001100111000010101001010001110011111001
1100100111100011100111100000011101110101101101110101010110100101011110
1111111101110000001101100010000100011100110010111101110010101010001100
0111011101001110000000110010001100001011100111010111010100010010010100
1010100010101110011010010010101010011100101011101011001100010110001010
1011101101110010110010011000100101100101101101010000111000100110010101
0111100001111001111101001011110110001000101011100001111011111011111101
0001000100110110011111101000001110110101010000110001111000101111101000
0101001111001010001101111101100011011000000111110110011001001101011101
1101001011001111010001011111000000001001011001001110010000000100110010
0111010111000010000000010010011011000011110111101111100010001100101100
1000010000011101001010100001000010000110110000011111000011000101011100
1010101101100001001010001000000000110100101010110000000011001000101101
0010100001011100111011001001010011010001011011000100011100001001011001
1111110111000010001100110111101101110101000100000101001100000001100000
0101100010100001000011000010000010101110010111001110000000001000000111
0110010010100000011100010011100011010110110100110100000000001101110010
0100101010011010010110100001000000000001101001000111010110110001001110
1010011011101010100100110110011000111011000010011011111000010000110000
0110010100100101001001011011000101101001110101111110000000000001110011
1010010110011110101010000011111101101000000110000111001011011010100000
1001000011000110110101001001111111011010011100000110110101010111001001
1000011110010011110010101010000100001010001110101101101010010110001100
0100101011010000110110100010010001110001111111010111011110001000110000
1110010100001011001000100010011001010011010011101101011100101000010000
1111110011111010101000010000110010110000010010010000100000111010000000
0111100010101100101101011100000111011011011100001101000110100010100000
