011010100111010000101111010011101010001110010100111100100001
101001010100100110111101111011110100111111110000100010101100
110101101100011011011111100000111111101010000000000101101111
001010101001111000010110011001111111101000110110100101010010
100101010100111100010001001111011101010010011101011011011010
011010101110100011010010010100011001101000010101100001110101
101101011011111011111001001010000000000111011011110100010100
010010100011111101100001111111011000101101111111010000100000
001101100101100011111010100011010110100110110010111101101101
111011001000011011000111011111101000010111001011101010010010
100001110001101101100100000011101100001100111110011001000101
100100111010011000011111011011010000000010000010101110000001
010111111010011000001011111101100010110000101011010010100111
101110110101100001010111000010010101101101111000100000101000
001110110111100111010101011001011100100101010100001001010101
010010010010001011001100000010010100111001001100000011101110
011001101100001100000101011101001111110100011111111100111000
001001111110011100010011010011100010001000101100001111010001
110000111010000000001001001010000000011011010100010110110000
011111101001011001001010011101101101011110001011010001100011
111000101001100100110110100110110101101101001011110011111111
111100000111011110001010011011000110000101000110001001100101
101101001101110001011100011111001101100110100010011111101110
111010110101111011100000010111101001101100001101010110000111
011000011000100000001000000000111111010001011110001001111001
110101010101101011010111000010111101000001010001010100010100
010110110101101010110110000000101010011110000011110001101001
000011010100100010011011000001111101000101011001101110101101
110010111111010101101111010000010111100010110110100110110111
110110011111101011010111000100001111111101011101011001101110
111100000110100001011001111100010110000001001111100111011110
011111011001011100001000110110100110010011011110000000110101
101111010110001010010011111101000011000111101110010011000000
011110001010011110011110110111110010011010111100011010000011
101100001000100011000100101011111101111010101100100100101000
001111000000010010011011110111001010110000001111111010110000
011101011000111110001011000011000011001111101101111011001011
010010000100100110110000101001010111001110011000000010010111
111101010010010101111001001001000110110110110111011111001001
110000111110011010011111001101001000111000101011011010000111
111010101101000000110010001010011110111000011000011101001101
010000110100011100101100110101111000100000010100101011001101
010100011010110001000010000010001110101100010001110110000101
110111111010011010100000110111010100011011101101000000101100
000010110110110111011001100101111111110110010101001000000010
100111010010001111100101100011111111101001011010110000010110
000100111111100010011110101010111001001100000100011010100101
000011110100100010011001011101100001101100111000000001011101
110101101101010010001000001110100011100001100100000000011100
100010111010100010111011011001001101101110100110000111100001
100010001111001011000110100101000101101111001010000110111101
101100101001000011100011010110100010001010100000011001100011
010010000101100101101011000110101101111101100010011001010111
001111001010001101011110101001101000101011000001010110011110
111001011000110110111110101111010011000000010010011100001111
000111100100001011101000110010110001010000000101101011000110
011010001000010110001010101101100010101011010001101001100010
011001101010101100001111010111110000010111110111101011110010
001110000100100100011011000011100100110100001100000111111101
101001001011101001011101101110010100111111100011011110100010
