0100101011100100010000000001110101111111111000101001010000011010110101011010011000011100011010010110
1000000101110001001110011111110101110000101100001010010010101011100101010100111001010110101110101000
0000110100101101111010001001011100010100011100011111100010110101001110011110001110110110101100001100
0000000111101100111110010101100100101110001010110100011000001000000010101110010110111111001000001010
1010011111111001001111001100001110011111000001010001100000101110011111101001110010001010010011110001
0010100001101100110010111001100001000000001001001000001000100111110011101000001010010011101011101000
1000100011101001001100111010010000010001111011001100001011000111100000111010000010100001001011101011
0111100001100111011110110010000101010010110100101100100101001110011011011000110100101001110000101000
1001101001101100010001111010010010000101000010010111001000001101000111100010000001010001000111001011
1101111110101110000100000000001100100010010101110011111001100110101111101100100010111000101111111101
1111111111010101011011010101000101110011111100110111101010100111011101100100101000001000010111100010
0100100000101100010110011011100000010111010101111100001010000111111110101011011001100101100011000000
0011111011010001010000100010001110010100111111001000000001000110110000111000011000110010000100110001
1011010111110001111000110100110111100000110100011101010100110001101110101011001110001101100011101011
0000000101000000000011101110110011010000000111110101001001110011110111011101011110101001000001100010
0110101100101100101010000001010001000101010100011000111000110101101100100000101001000001101111000010
0011010000000101000000111011100010101111110011111010101001100011011101010100000010110001111110100100
1011010110111100001100110010001001000110001100011100011010101000000010101010010110010101101110011101
0111101100100101010111010011010100000011001001010100100000110001001110101000100000001101110000011001
0101101101010000011000001010110001001001111111111000101100011001110010101000110000101000110100100100
0111110100110011001001110110111011100101001100111011011000010111111100001011111011110000010111011111
0000100010100010001010100000101100011100101110011101101110100101000111001111011000000110011011111101
0000011110001110110011010011100001110001111010111101010110000010010000101011001100010011100001011000
0101011110110100111010101110010101110101100011111110111000100111010001101100111101000011010110000110
0110111010010010100100010111110001100010111010110011011110101011101001110110001101111101111000101000
0101100000100110000010011010010111110111011010110111110110110100110010100101000111000000011001010100
0100001110011010111110111100011110001111001111000101010001100011000101111000111000001001011011000110
1111010000110001101000101000110111000110000000110010010110011001000100000101110110111101111110010110
1101010000010110100111101001010011011110111011000011011110011101000000000010011010010011100001010101
1110001010000111001110011111100111100110100100101011000101100001010111100010111110101001001110011101
0010100001001000010011000010000011001101101101010110000101100010111101001101010000101000001111010010
1111100101101100001001010111010010101000111101001110101001110010111011001011001000111010101100111010
0000100010001110100010000111111101001110000110101001110111001111111110101110010101011001000110101111
1100010100100111010110111101111010000110000111111011001100000000011100010110000001101111010000111010
1101000001100100100010111100010100001001100100100101101010010110000000010100000001111111001000001011
1110101100111010000001110100100000001110001010000011110111100101010101111011101101110000011100111011
1001100000000000100101000010101110110010110010100000110111111000110010100010001100011101101110000100
1011100010011001110011010111111011010010110000010100011101110101011100010001001010010100001101111111
1001100101110000111000001111110011011100010001100101101100001100110011000001101010001011000000010001
1000101010110001101110110110001000100000001111001000100001011100011001011000100100000010001100111010
1100001100101100100101111000111100101100000101001100001101111010001000101011100010011010001111011100
1010001101111101100100101100100100001110000001011101010010111101110010000011110110101111110001100100
1111011000101000011111101110101100010001000001010010011110100011011001000100001100101011000111000110
0110000101111111010111000010011111100001100010000010000010101000010110101000001111110001110011010101
0001001010001010100101111110100011011001000100011111011010100001100010000110010110100011101001101001
0000111001011010101100010010101101000011111000100111001011010100101100100001101010110010000011111100
1001000101110010100110111101010011101010000001001001010111010100101000001001111111101110110000110100
0011100011110111111111111101001001000100011010000111011000100100100011100101011110011001011010010010
1110011100011101110111110000010111000001110010100101100100110010011001111100011000001001111011011011
0011001110110110011001110110001100100110110011011001010101001110111111100001100100000000111010101011
0110000011100000100010011101111101010000001111010001111101010101000011110010011110011100110000100101
1010100011100110000011101110110011110010010011111110000011101011110001010111111010111000000000001111
0010100101100001101101010100000110111011000000001010010100010010001000010101000011010101111110011010
1101000001000101010010111111100010011100011010110110101110110100110101000100110111101100101001010010
0001011011110011110111011000100101100110101011010010010010100001000100111111000000101101100100010111
0000000100000100000101101101111011011110101000101110110010101101101000000101100110000010011001110101
0110001000110000010001101101100010111000011111100001011101101100010111010010000010101101100010110111
0000001101001010100000000010011110011101100001100111000010011110011001001100011110001100110011010000
0110110001100111111001011110011100011100111110011001011110001100111110111111100110111111100001110100
1010000000000111001110000101100100101101110001101010110001001010010100001000111000100100010010111101
1101100110000000010100001001100010001011110100000101000111110110010010011111100100011100000000010001
0010111111111001000011010100100010110111010001110110010111101011111001000111010000000000000101110010
1100111101111010100010111010001110100000101000001101100001011101101001001011100011110000101111011001
0110011010110111101111011011110010010100011010000011001100000110011001000010001000010110100110100000
1100011001011111000110001100001110001010010011110101010100100110010111101100100101110101111111001111
1000110100111010100110110100011111011111011100001101010011111101100100011000100000111101100101011111
0010100101110101101010001000001111000101101001101100100101100111000100010111100010010010010101111001
1110100011110111101011000011011011010100000101000100011010110000111011100010011011111000100100011001
0011110111010110011101000100010110001010010110010110000010101000100101010010001011001111101011111010
1100110111100010100001011010011100010011001000011111010011000111100110111000111110101000001010101010
0001111011111101011100111110010010011000100101011110001000100000100101000010110001100011111000010111
1110001100001010100000001010000001110101000000001011101010101000011011001110110000001110110010011110
1011111101011110011111110010001110010001100100101000001001111010110001010001011110000011000100010001
0111000001100010100001011101001011100000001010011001111101101100101000010001100001111111111000001000
1011001010010100010011101000110111011000110010000011001010101111001110110000110011101111110011101110
0000100000010110000011100101001100010110110001110101101100101110001000001100100111111010010100110011
0100100101100001001110010011010000010011110001100101010100111010111001110111011000111101100111110000
1101100100011010010111010011111010000000010010111011010001010100000101111010101011101110011001011000
1110010000111111000011111010110100011110001101111011000001010001000111001000110000000001111001000010
0011000100000110010000111101010010011001011110110110010101101000100001001001000001111010011010101101
0011111001000110110010000101110000000110110111110011110111100010001111001011010001010000100011011110
0100000010010001000010011100000011110000000100100000110000000010100110100111010110010001010100100010
0011001101011010100110001001011101110000011111100001011010110010110101100111110100000000111100101110
1111010011001000110010101001100110111100100101010011100000101011111100000101100111000101010110100111
1001100101100110001100001011011111101010111000111011011011101000010111010111110100000010101110111000
1111000000010100011001001001000001101100010000100010111011111001110010010110110000010010010001101010
0111110000001000000001110000100101100011111011100000000100100001001010111111010100001100011100110101
0001011110010111111000111011110011101010011110011000101010100000110010101110101001010000101111001010
0110010101010101111100101001100100001000010110101110111011100011110110110110101010101001010100101100
1000100100100000101111011111000001010000010100111110100101010000101000110111011101110110100101010010
1111011001000001110001001111011100111101100010011100110100000010100011100100011100101011000010010101
0110000011101001110110010001011110011101101000000000101000000111111100001001100001111011110010000001
1100111011110101110011010011011010001000101101011100100011010011100011010010100110011001001101000001
0000111011110111000011100110101000000100111111001000010101100110111010000010111010000101010010101001
0100111101101110100101001000000111010101010011100110000110110101001011000011100101111110100001000010
1000100001001000011011100101111101010111100101111000111111111110011110111001110010001010011000000011
0111011111000100011011101000010111110101100011001101100000010010111111010110010110101101100001000010
1010000001000000110111010111110010001100111101100011001110110000110000110010000110110010101000000000
1001001010100111000010010011001111110101001000011101111010000100110011110011001011110101010000111001
0000101011001100011011000000110010110110000110001111001110011010111100101001000100010010001111010010
