011111000101011010101101111110110000011111010111001000001111010100000110100001101110010000101100111010001101010111001010100111011101010101110100001010
100100010111011001001101101100011001011011001000101000001010100000011100001001011110010100000001110100110001011111001110001101011100101111001011000011
100000110010100101000111000100011100011111011011111010110111001010110101100101000110000011010001010111101111000110111001001001011101101101100100101100
110011000011000100100110111000100100000100010100001010011010111000110001101101111010100110110111111001000011111010111000010110100010101110010001110010
100100101110010100000101100001101110111010011110110111101100011110110010010010111101110100001101001111010011111001011100000011011010001100000111010111
100100010010010000001100101110111110100011011011100101011100010110001101100100010100010111110101001100011101011000101100010010011010000100011101001011
001010001010111001100101111010011001100111110010100111011110101101001111111010011000001111001111101100110100100001111101111010110011010001110000000100
011001000110110110010010111000111011101100101110001101000100101000010101100001110011101001100000110111011001011010100011010100100100100011110110101111
000010100010110011000011011101001000110001101100101000100010000001101100100011010110111101100100101111000000101101000011010110110100011101000110101001
110010010011010100001000000111101100011001011111100110010100100000010100010110001110111100001001000000001011110100101101100101011000101001110100111100
011111111101001001110011010001010101101010110101101101110100110101001001101011110010010001110110100001011100001000110100010110101011000010100110000011
110100000110000101101010001001111000111110010001111110010111100000010100000100010001110110001011111000010000000110101000010101001101100100011001011010
001000111000001011010100101011101100000000010000101001111011001001011101000100110101111111110110000101111111011000110011001001101100010011110111011000
110011111100000100000110011110001110100010111101110111001000010100000010111100001100100101110011100010000110001101110001000011101110010111111111001000
110000100010100110001000110010101101110010110101011101101011110100110110101011110001110010100101011001101101001111111001100110101111101011101100001001
001110010101011000001010010001101000111000101100110010001100101001001000100110000010000011011001101111010101010100001100100101101101101000011101010000
100000011000101000010100100111111100110110001001110001111000111011110101111010000011111100000110110100001010110001110110101011110111001010110011011101
011000101011100000111111010100101101101100110011101111111010000101011100011000101111011110101001001010011101100011110110001010010101001010101011000101
100100100011000001000001110111100100011100001000101111111111001110111010101000101001010001111111110010010110011000110011001100000001011101011110001111
000000010010100011001111001000101100100000001001000010100011001010011101001101010110101100010110001101011101101000000110110101000001000000010011111100
110001000101001101010001000000111000111011100101100000110100101001100011100110010111010011100011110010100010111010011101111001111101100000011111111010
111111100000110011010000110101100001111111110110011100110111101010001001010001101001100011001110100000000100111100001010110110110010100110101110101011
001100011011010101010001110100011100010000000001010010000111110011100010100110010011000101011100000011011101010101100011110011000010100000001000111101
111010101010000001111010001111001010110111110011011101011011011001001011110100100100110100101010101010100001011100000000000111111010110111110011101111
110111110000101010100110001101111111011110110111110001101001000010101001100010010110001011000001110110000001011111010011101110011011101100010110101100
100100111010011101100110001100110100101010001111000010001010101011001110111010111101000001010110000001001011101000000010000011101100110010110011010001
110101111001110000010001110100111110101111000011000001110101100111111001011010010011001101000001011101110001101100000100111001000100111101011001010000
111001001100010011100111111011100111010010100101011101100110010111000000011010000010000001101111010011000101000000010011100011100111011111001001110000
100001100100111010100001000101101010110110010101101110101111010010101011000000011001010110010100010101101010100011100011101001000111010000001101000100
000010001111100110100101100110101010100000000111110110100110000011001100011110001010100011101110110110000101011000010100011100010000111101011101000100
100111010101101111111100111111001110010111101101101001100010001110111100010101111001000110001101111111110100010011011000010000100111111010001101001100
111001110011000010001010111000001000101110000011101100000011101111001111100101100000110011110001000000110101100101111010110100100110010011101010011001
011011111101111111011011101011110111101000101111100111001010011010010000000010110100001100110101100110010110111010001010111001110010010110111100100010
001111000110111011110010111100101010111110110100001110110110101111110100011011110000100101010101001100010010101001001010010011011110111000100000011000
000011010000010000000001101111101101000010000000000110010111010111111111101100100111111011110011001111110000011111111001100110001001110011011101010001
010000110010001001000100100100001010100111111100110001010011011101100101111001011101110101111110110000000001000111011100111011000001101101001000010111
000011111011011111011101011011011101011111001111100010011111111000110010010111011111000100101011101000101000011011101011110111010011111000101111100001
111010001101001110101111100110100100101011001100101111110010001001010010101110000101111110111101000111110101001000101011110100010000101111010000111011
111010010111000101101100111000011100110000010001101001011001010010011101000011001001110110110000111101001010100011110001111111001101110100100110111111
101100110001000011100101101010110101100010111011011101100111010110010100000110001111100101001011111011000110100001101100111100010100110001000101010110
111011100011011010001101111110110111110100100000011101001000011001111100111011110101100001110110011100110100000011011110011010100001011100000110100101
111001101100000000001101001000100001110000110110000100110110010011100110111011000101000100110001010010111011100110101000101010011111110011011010110011
000000111010011101001101100100101101000111011011010001100001011010011010110001001100001111111011111010011100100001111110100010100000010111001100010110
101111100111111001000101100010000101001101100001100110111001111011000100100111001101100010010011000000010011001010101000011010000011100110011110110010
011011011100010110110000010000101001110100100100001100001101100001000001001011111010100011000001011110000101011110011001010100001100100001000011000000
100110011110011100001100110111101101110001001001011011010111011010111101000110110011011000011000111101100010101001000001010011011011011010110100100011
101011110100000001000101111001011000100101100000110110111010100101000101000000111001111110000111010101111100010001101010010011000000001001110010100110
101001000111011011011011111111111000101100110100101100000011011111010111001100101101001001110110100010111011000100010110011101010101111010001010111000
011011101111110111101000100011111001111000010011000110111000111110001101100011010110100001000010100101011000110011001000011110111111100000110010000001
001010000001011110000111100101000001000110100110000101011111101011000000111010000110110001101010001011000101001100111100011011000111111010010101001011
111100011011101001100101000110110100011110001101000011111000111111011010001010110010010111001011101110010101100000010100110100011000111001111111111001
000011110111011001100101000111011110010111011011110010100101000001110100101011000110100011110010111011001001100100010011011011010011110011011001000110
001110100101010101110010010011001110110000010110101100111100001000100101101000001011000001110100001001000111011111101001011100001010111010101011001010
000011110010111011100001101100101001011110100100011000111010100110110001001110000000000100001011010000110011100010100101011000110011000011111010000101
001010001010101011111100101111100100010101110010101111001010101111100101000010111001101010111010011001011001110001111101010101001111000010101101111110
001101100111100011101101001000000111111001010110111011001111000101000111110101100011000100111001110111111110001011101000011100101100001011110100010110
110111100000111111100001110010001000101010011010111011110101110110010000001101010001001101011110110001100010011011100011101011010011010011010001111000
101011110111000100101110001111000110100101001100010110011001001011010101111011010110100110010100111000100101011001001000100001100001011011011111100001
111100101001101001110111010111111111110101000111010001110000111010000100111001010010001000000010011111110011011100100110000001010001110101110100000000
101000000001101000110111101010010011101100111101010100011100110110001110011000111011110110011101110001011111110101111010111011001010110110011111100001
010100110111001110001110011000010100100000011010111001101011011010010110011001000010100001101010010101110010111011011001100111001111010011110110110000
100111000010011010000011000110001011101111110101101000001011100110010111111100010000110010101001110000110110100000001011111000101110001001100010010110
001110110000100110111101010000111101110010110101111010100110100111110010000101010101110000110010010010101010011011011100000010011011100100011011011000
100011100010011001100000001100110111000100000011101001111001011011010001011011110011111111001001001011111101110111111010001101001000001110111111010000
001011000000000010110110111111111110001101110101111001101111111100011101101000011001011111010000111011011001101011101100110101011010001011000000001110
000000101010100111001011011101010111010011011011011100110100001100100111101101011101010101000000001011100010010001000001000101010101001000010010010000
001110001000001010101010101010100111100011000100000111100000001001011110001101001011110010101001111111000111000101101010010000010110111001000011101011
011110010101101011110000001000101110111110100101001101001100111110100010001011100111101011000100101110101000011111111011001010100111111010100000000101
010001101010100101110101111011110010001010100100101000000001000010100011100100001111000000101000011101000010011111101011111100000110101011011111101000
111001111101101011010000010001110111001111010111100110110111110011100010101111001101101011100111010101101111011100111111111110101110111010111000000110
100010100000011000101011010010010010110001100001001000010001111001111100001100110100110001011010111000010000110111111101001010011010111101101110000111
001101110010100010011101101010010011001000001111100011110100010111001000000101001111111001011011111101101011101100111011111100101101001100000000010111
101101111010011110101011110000010011010011110000110110010110010011001100011101110110000010111100010010110101101100101011110110111011101000011000110001
000010100100010011000101011101100101100011100000010000010111110100000000101000001011111100100010101111011010101110011110111101110111011001100001110100
010100100010011011110000011101000111010011001001011111001111110111110110110100100110001101010010011011010011000010100111000110001110011000011010001111
001101000101110100011011000001110010110100010101000001011000011001101111101010001001100001001110011110100010011011101000010001111101111010111011100100
000010101110001110001010111101001100111111011100111101100100000100010100000101000111011100010010000010110001000110000000001010001111101011101001100101
111100011010001000010100000000110101101011111000100100011110101101110101100010010101110011001101001011010010000000011110000010001011010000111011001101
100110010010101001100101010000111110000010001111001000110001000100010010101000011010111000011101110111110111011100000111001000101010010110011000110111
010111111011101000011010111010101101100010001110101000101111011111000010100001101000000010110000100111000111010010110110101100111111101010111110001100
110110100100010001100100010011100001101100111011000010100001000011101101010100110011111010100111010011100111000010011011100101010100001001100000110111
111011001100110001011001110000001011110111110001110100000100001001011111101011000000000011011001110000100101101111110001011100111111011010101011111010
111100011110000111011010101101000010100100001100111110010111100100111001111010101000111000001110111111110100111101110110101001011110000110111000011000
000010010001101011101110011010100011111111010111000010111001001111111101010111001000111110100011101001010110111100001001101101111111001111000101001101
000110011101111010010101000001010111011110011010110100100101111100110111010101101011011000001110111100010100010111000101000000100000111100111000100110
110011001111101011101001000010010011011000000110011000000001011111100011010011101011100011010100110010110001010110001001101110100001010110011101111010
000000111100100011010000101000001010010000100111000000101010000110010101011010101011100011001101001100011001100000011011111101110111101111100010110010
010111101101110011010011001010101101111101100010001001011101000111000000011010000001000010111111110011110011001001111101110010100111100001111110010101
001101100001101101001100100011110010011000111010001100100101010110110100100001011101011101000101011011001111011001000011110110000100001101000101011110
001001111010110100101110111101010111000110101001111110001000100111010111001101000100011010011111001111110101110001001000110110000100110010110001110101
100101011010111001101001000101011011111011100001010110110000111000101100110000011001000100010110000111010001100010110100110111110100110101010010110011
001101000010110100110010010010011111011011110101000110111101001010000011101010110100010101100000000101011011000011000111010000000000000110011001111100
100010100101000101100111000101100001110100100100011001111001110100101011100101100110101101000110110000011101010101100101001011001100100111101111011000
100111101010101010110110010111101101010010000011000010001101000000010100100101101010111111101001001000111000110001010011011111100001010010111101100001
000100100011110010111101010101000011100110110011111101101010101000000111011110001011100101101000111110110111110000000100011010010011001101010011001101
011111100101011101101000101100111110110101111010001001010001010100100101000001101101001111000100111001011100101011010101000100101011101110000000101100
110100111011010110101101100001101001101100100101101100011101010010110011010000110111110100001011010010111100001000111011111011101000000101011111001011
111100010001001010101000101111100001001111101110000101111111111010101111101100101110110110001011100010010001000111100101110110100001100000110010011010
100111101001001101010001001000100110101110101100011110100110000111111011011101000011101011000111000010010001111010011101101011011111100111000110110111
011011111000100110010000101011101110011010001110101000010010100000111101010100110010101001110010000011111111100011001111001010001011100101110110010111
101010011000010101101011100101101010010101101001011100010010001111110000111111111010010111100010111101111111111001000110010001000000011000000011100101
001110011010101100010010011110100010011100000110110110111011100111101101011001111011000111110001000110101000001100010110001000000010000000110000101100
011000100000101000001001001010110010110011000111000001011110111101010101100110101110010101000110100111010001110111000111100000101011001100000000101000
010011110011100101110010001000111110010011110011101001110011110110000010111011100011111101111111111110100110000001011000101100111111010101111100100110
101001010110101011010010010010000000101001100011100100110001001110010101010000000000001010011101100111000100110001101000011100100110000011001101010100
101001100010111101110110000101111000010110101010011010010101010100100100100000111111100011001011100110011000110100001000100100000000101000010000010010
001110000100110010101000010010001100001101010101000011011011111001101101011101111001000110010010000110010001110000011101011010110000110111100111010001
111111010100101101010011111101010001010001011001011111100111000110100101101010111100011111111010011110100010010101101000110110000000111101110010001110
000110101100000011011100011010011100001101100100101101100001110110000011110000000111001001100111001110101110001010100100100111011000010100000001001011
110111010100100110101111100001101010100000001010100010101111101101011110000100110011110011001110001010101111001100010110000110100001001101101100101011
010111011010111000111101111001001110110000011100010010011110101010011101110100100111000110000001101011000000110101111011001101101110011011111101000010
111000001101011100000111101000010011000001001001010110000011000100111111110010100111110000001000010001100101011001011111011011011100110100000001100011
111100010001001001001000100010101011101011011000100011011000101110011010011110011100110000110001011100100000100001100000010010101101011001111101111000
110010101000011011000010100010110111101110100110100010111101101111111010000100000110100111011101010110111001001110111000011101110010010101100100000011
001101110111111011100010000010010010111101110010010011111011000110111111101100010110000100101000110000001001101011011110011101010010101010000010011111
001110100010111011101000100101110011001010101001011100100001101100010111010001011110001100100101101001010010011101100110100010001111100100111110010000
111111100101001100001100000000111111110111111010110010110101111110111111110101001001011101000000101100011111001101100000011111000010011100000010101100
010011100110000111011000001001000001000110100001011001100010001010000110011001110010100100111011011111100010110100110010001110111110101000111010110100
110000011000100011110110110110011100110010100011000100001011010100111101111001111010001010010100100111100000011100110101001010110011111110100000001000
001000111100111000101010100110000010111000001100000111101000110001011111101000101101111110011101111100100010001100000010001010011111001000110000110010
100000100100001110011110101110011011111101100000001000001101110010001101110000011011011111100000111000110101100000010000010010111110110110100010000110
000101111011000000011110001001111101111110011111111111110001010010101101110100000100001111110110110010001011000111101000100000000101110001001110010101
011000100000100011101000101011001001001111010001110111011001010100011111010010110111011000001110101101011010001101101111000000110101100010100011110101
110100011111001100110101100001010010111100001001101010110000100111001101111000011101011011100101010000011101111001101100000011011001101101000000000000
100111101010011011000111110100000111101011110110110100001001101000010110101011000000010111101110111100000011110110011111100101000010011110100101110101
111010000101110110011011011110001101101000000111010100101111100111000000010100001011001000101100101010000000101101101000000110011011011010010110011111
000100111010111110001101010100111000000010100000100001010100010000010101110100110101111100100101110000111010011011000110101000011100010011110111011001
111011101100000011001101100001001100110101000101101101001010001011100010110100011111001000100010001000010010100101100111101101101011101111110111101001
111011000111111100001001110000000110001001001100101010110001111110000111101111110111000000001001101100110000101110010101100101110010001001110100110001
111000011001111111001000011110110100001101001001110000110000110001111101011110011111001111101000001000011000001110010101111000100010110001110110000010
000111100010011010000111100110111100100001010100110111101001111010111110111011110111001100000011001101111000001001111111100011011101011010010101001101
101000100011001111111000100110100011101011010101110101101110101001010001110111010101011100000111011100110000010010010011011101010010110000000111100000
011100010101001100001111111001100111111101011001111110000011001000111110100110010000101101101001011100000111000100110110111100010101000001000101101011
100000101000110000100001011111111110101111100101011110001111100000110110011101100100110001100100000010010011101111001010110011100111001100010111010010
011110001100001111100000101101100101110010000111011010010100010111111111111110011101101010000011000010100101011010101111000111011010010110100100011100
111111001001010000100101101101001001011010110000000000000011001100000011000000100011111010111011101100110011110101011010100110010000011001110010011111
010100010010111011000101010100111010010001110101010111111101100110011100000110110111011001011101001000001010001000100010101011110010001000100001111110
111000111100111000100001001101010011010101101010001101011110110010101010010010001001001110101010101100011011011011000000010100111100100100010100101100
101000110110111011000101010000011100101000000110101011110010110100010110010111011110101101001100010101010011011011010111101010111100001110000001101011
100101110101110110111001111001001010010001010110111101011111101101001100101101110010110101110110110101010101001010010101000001111110010101000111101100
010001000001011101101110001111111011100001110001001111100101001100001110101111110110110100011100100000011000011010010100010000000000000000000110110110
101011011110111100101100100011101010101110110100011000110111100100001010000000010001010110001100101100011010011011010000010011111111111001011011100001
010010011010110011111101110000010000101011011011101011000101111101101010001101010100001100101010111110000011000000111100111001110101010100011100001111
010111000001110111011001011111100010100100001000011110101101001100101000010111000101010011011110100010001010101110000000001010110011110010110100010110
001100011100000000011111100100001000111011010111001000101101100000101000110110101100111001110101001011110000010110001101001010011001100011111100000011
000110000101100110011010011100010111011101110001001000111000111101000001110000101110011111111000011100001110000010110101011011101000011110001001000110
101001011101111010111111100000110100011000000001011010101000001010101000001001010111010010011011110001100001110010101010000001110010101111110010000010
001010110100000011110011100011100001001110100010000101110000010010010111011111111001100111010011001111011001000000101100111011000010001111011011010001
110111010011000000101101000000001001011101110110010110110000010010100111001000101100111010100000111100010101111101100001100001000100110110101011111000
010011011010001011100111010000010011111011000100111001000101000000110011101011101001000101100110101110000010110101100000011011111010100100100110100100
