000001010000000000101110000000010001010101100101000101001011000000100100000010010100110101
001010001000001001001011100010000000100000010010000000000001000100010000000000001000000010
010000001100000100000000001001100000100101001000000100000101000000001000000000000001000010
000000100100001100100001000000001000010000101101000000001100000010101000001000000000000000
010000001100100011000000000001100001000000001000000000001000000000110000010001100000001010
100000100010001000111010011010000010101001001100010110000001001000000000001001000100001000
000101000101100001000000011001000000010000100011011000011000101101000001101000001001010000
100000000000000000100001100010000010100100000000100100001001100001000001100000000000000100
011010000010000000000000010001010000011000010111100000010001000010000000001110000000010010
001110100010001010000000000011101000000000000001000100111100100000000001000000010010000001
000001001101100011000000000000011000000010010000100000000000000110111000011100000000000000
000000100010100011000000100000000000001000101000000000000000010000010100000001000000100100
000010100011000100001000000010001001000000010000000001001000000000001000001000100000000000
000000000000000000010000100000000000010000101000001001100111001000100000000001110000100100
010101000100000100000000000000100110000000101000001111000000110000001010000100001000011100
001100000000101010000000000010000000000000000000000000101000000000100000000110000000000100
000010000111000100101001000001100100011111000100100000100001010010001010010110000000010000
010010100011000000000001100100100000110110100000111100001011010000000010001100000001000100
100101010000000010000000100100000000001100001100000010000000001010000001000000101000010001
000001000000010000000001000110000000001000000001000010010000000000010001100100000100001100
110001000000100010000000000000001001000010100001000100001010001101100100000101000000101010
100000000000000000000000010101001100000001000000110010000000110111000111101000010000000100
110001000000000000000000101001000010111000000010000000000100010000110000010000100010110011
010100010000000011010000000010101000100011000001100000000000010110001011000001000000010011
010000010001010001100010010000000000000000010000000100001000000000000010000100001001000011
000001101000000000000100101100000100000100100001110001000001010001010000000000000010100001
001001100000000000000010010101011000100100000000101100000001101001010000000000101000100001
000000000000000001110100011000010000000000000000100001000010000001000101000010010001001000
010001010100100100010001000000001000010100000000101011001000001110000000001000000000000100
001010101100000010000110001000001010000000000010000111100011000000010000000100100101000110
001010000100001011000001000000010100010000001100010000010001100000110000001001000010000001
100000001010000000000000001100101000000000000011111101000010110100011000001000101000110000
000100000110100000001101001011010010100000001110010011000010000011100110000110101110000000
000000000000001010000100010000100010000010010000100100000010010010000000000000000000100000
000001010000001000000010000001001101000010001100010000010110100100000010000010100010111001
100010000000100000001000000000000010100000000100010000000000001000100111000000000000000010
011001010000000001000011001000001001001000000100010001000011000100110000111100000010001011
100100101000010011000010000010100000000000010000000001001010100000000000000001000000011000
000001001001000010110010000000000000100000010010010010000010100010100000000000100001000000
101000010000000011100000011010000000000000011010000000010010001010010000000100001011101011
000000000010000011001001000000000110000000100001010100100000001000000000000000001101000010
101001000000000010000101000000000000000000100101101010000001111011000111110100000000000001
100100100001011001001000010000000000000011000000000000110100000010000110000000000011010000
010000001010100000000000100000000100011100000000100100110001000000110101010110000000100000
001111000001011000100000000000101010000100000000000001000100000011010100000001010000011000
100101001000000010100000000000101011100001000000000000000011100010010101000101001000100000
010000101000000000000010000001011000001100000001011000010000100010000000011110010110000011
100100101100000000011001010000010000000011000010001010000000000000110011000000010000000010
000000011010000011000101011110010100000001010000001010011001001000000010000110010000110010
000001100000000001000100010000111011101010000010001000010010010010011100100011000001001010
000000100000011001000000001010010000000001000011110010101000000000000010001000001100001000
101001010100001001001000101001010100000010010000000010000100000000111010000100101001000111
000001000000001000110100000011001000001001000001101100101000001101010100010000000000001011
100000000000111000000000010111011000110000001000000000000000101100000001100000010000011100
000000000100010110000000000001000000000010110000001010001000000010000010010000000100110010
000000101100000000010000000000100010000100110010110000001111110000100000000100000100100001
100110110100100101001000100010000000010000000000101010110001101000100110000000001010011001
001100000100010000000010000000000010000000101000000100010000000000000100100100010001001000
100000000000010001001000000101011110111100000100010000010001000001101101010100000000000000
111001011000010011000000011001100000100001010100100000011010110000000000000000001111000000
000000110100001000000100001000110010011001000110000001011001000101000110000000011100010010
000000000001001011000111010000010100000001000000010000010001000011010010000100000010000101
000001100000010000101000001010000001000111000000100011001000000100000000101100100000001100
010000100010000000001101000010010010100000000000000011000000101001001010000100000100001000
000100001010000010100101000010001100001101101110010000100000010000000010010001010100100100
000000110000000000001100011100001000000001001000000010000010110100000000010000100010010000
100110000010010100001010000000101001101000010001000100011010000000010000000000100000000010
010010000011000000010010011001110000100100011101010110000000010000101000000011010000000000
001100000010101010000001000000010000000000000000010100000010000100010000000000000000100011
100000000001000000001100000100001001000001111100010010001110100000000000101000010001100101
000000000000001011000101100000001011000001100001101100101000110110000001000100000000100001
000000110100000000110101000100000001000001010101000001000010000000000010011000000000000100
000000110000000000010100000000000000100001000000010001000100001000000100010001001000100010
000010000010000010000010000000000000100001010010000010100010000011000001101100001110001001
000101101010100001000100000010110000100000000010001000000000001000000101010001000010101010
000000001010001111011000100001001000100101010110100100010110011100000010010010101000000001
100000001000000110000000000100001010000000010010110000000000000000010000000100100001000000
000011000001010000001001000000100000010000001100010000000000000010010000101000000001011000
000010000000110000100010001001011010001000000000000100000000001001100000000110000000100000
100000000100010000000100000100000000000000001011100001000100100010010100000000000011000011
010000100000001000100000101000011000000110000100001100001001100000000000110100000100010100
100001000000000000010000000001001000000010000010001000110001100110000000010000001001111110
000000000100000000000010010000101010100100100010000000001001010001000000011000010001000001
001000100000000001000000100101000000001110100000010100000101000000000100000011010110000000
100000000001010000001010011000010110000100010100100000110000000010001110101000100100010000
100000101000001010100011000000010010010000101000100001101000100001000000000001001100101010
000011000000001000011000000100000010110100001000011011001100001100000000011001000100010001
100000010001011101010100000011000000000000000000000101000000011010000101000000001100000010
011010001000000000001011100001000001100110000011110110100000100000101000101000010100010100
100000000100000000100011111000100010100101000010000110011000010000001110010100010010001000
