0100010001001100001011110101101011101101111001100000000111101111111111001000001010101111111010100001
1000011101110011010001010001111111011001011101100011101000100100000000111011010111010100111011000110
0000001100101100000110010111101001111111110010011001011100000111110011110000101001000000100110011101
0000000110000111101010010111010010100100000011000000101110110101001000010000110000110011111010010001
0000011101110011010100011100110010100110010010000111110110010101000100101010100001001000001010010011
1100101100000110000011011100011100010001101000110111011010111100111111001011011100011011101111001100
0110110001110010001101000011101011010001011110110000101110100100010010011011011110000101111110010110
0111110001001000111100101000000010000001010000111000110101000101110110011011001100101000001000101010
0001000000001010101011101001001011110011110011000011001011101011001010100011111100011010101111000010
1100101100001110010011001110011111111110011101011011100111110111101100011010110101001101011011001100
0110101000001100111101111010001100101101110100100110101100111001011101001101000000100110010010010000
0100101000001110000100001000010001001011110001001001101110000101111111111110110011111110001100101100
1010000111110110100011111101100001001010110100010010010000101111101010011100000001111111110110010101
1011010001111011000010111110011101100100101000110110101011110011001101000001101111010001100001110001
0101111011011101000110111000010101101100011000000100010001110000010010100100110101101011100000101010
0101100000000110110001101010101011100011110110010100100100110100001010001101000010101111101001001010
0001000110101001010010110001001011101101011101101111101100010011111100010111110101110110000001010011
0100100101100001100011100000000001100111100001100001101101001101110110000010111101010000101101100011
1001001110100000000100001101111010001111100111010100010100110010101000011100100111101001101001001101
0010101100110010001001101110011011100110110011010100001100000111011100110010000011010001111001001001
1011010011001110110000100011010111001010100011101011010010011001011000111011001001111011001111000011
1100011011101001010100000000111010011101111110001010000110011001101110000111000010100100001111010010
1000000110101111110110011000001110000101001001000011110000110001101001000111100001001000011110100010
1111110000101110100000101101000000011110110011101010111101101011100100000001001111011010000100111010
0000110111111111001100110110111011010101110101110000011011010101001110011010111101010111000100001110
1011110001001100001100011001000111110011001000110111000010110111000100001101001111101010001111001011
0011001001100101000110001001010101010110000111010011110111011010100000111110001100010000000001011000
1111001010001000101010010110100100101110001011010010010110001100101000011000111011010001000110011010
1110101000001001001001001001001100000011111011011110111011110110010000101101110001110100111011001001
0101110001010110001111001010000000111010000101100100001000000110100100110000011111101111011100101000
1110011011100101101101101000100110110000010001100010101011000011000101010001011101001110010001010101
0100010001100110000010100111101011010100000011110000101110100111011101101100001011100011001011011100
1101101111000001101111101100001101001000100000100000000001101001001010110010011010010111000101011100
1110001011011111110110001110000110111010000010011101110000110101000000101101111101110110000111000011
1011100011100111110100000101011001010110011000101111111111111100110000001111100000110001000000010101
0110011011000000000001011110011101100111001011011111111111000110010100010111110101010100011110100101
1110000001111010101011010001010011000101100100011010010000101110010100110100110111111101000010001001
1011100001100110111101111011000100111011100100001000010010100001000100111101101011011111001101001010
0010100011011001011110010111110001110100111001001001001011011010111010011110000010000010001001110001
1110011110110001111001101100100000011100011011011011101100010101100000110000101010101100001111100000
1010010010111101011111011000100010001110000010010101011010111111111011000000101111001001101111101000
1110101111111011100101011000101000100011000010000101111011011111101110100000111000010011011101111010
1100011001000110100001100101100000110011000001100001110001111011000010001110111010000011110011001101
0100001001101001101001001010010000001100000001110010101111011101001011101010111110101101011111100111
0011101010000001001111010011100101010001110000010111111111101010011010001101010100010110011100111110
1101000011010000111110111011111100010011001100010101110000101100101011110100001011101000001100000111
1100011100100100110010011100011110100000001100010001011011000001000010001001111001100011000111100100
0010011101001101001100001111100101011001100111100100111100011000101000000100101110110000011111011101
0010000101010000100011010000100001111111000000000001010100001111100100001100111101011011001010010001
0000110000100111101100000100110001110000110011010000101011101101111100000001001100101000100000011001
0100110011101100100011110111101000111001000110000000010011101100011100101010011100001010110001110110
0110110011010000110010100110000001110011111011101000010110001010011111111010010000001101011101011100
0101101101110101110000110010101101110001011111010100001001101011000100000000100001110001100101101001
0010110100001010001010111011100001111100111011111011001011000111011011000111010010001101011111100100
0111011010110100110100011000111100110011110110110100110000100011010111010011011000110111101000111111
1011101101110001111101010011000100110001000110011001000000100100000011100110011100100000111010010010
1001111011010100000011001111101100110110110110100111010000010111100011010011001001111001101101101001
1000000111000110010000011010101010110010011110100110110000101110101010111001010110011010100110111100
1101011011101111001000110100100111101100101011000110101101000000010111000100100001110111100100101100
0001110001100111101011101110100001100011111100010000000010001000111010101111101111100101110101001111
1000010010101000010011010011000010101010111111011111100001010111110100101100001011110111001001111110
1111111101011001010100001101110101111001110101001110010111001001101110010000100000110111101010010010
1010000011001100101100010110111100011010111010001001111011001000001101011111010000111111101101001111
1011100111111100110111111100001111000101111100101100111010001100001111111010111010110100110110110000
1010010101011000111001110011010000100011110001011100000011011100010101110011111010011110111000011011
1010011100110010110110000000100100111010100010000111011000111000100111111111011100101100101000110011
1001010011111101101111101001000110000010110111010111010001010111000011001001000111011011100001011110
1000110101110100110101011100011100011100010000001111101000101111110010010011001010011110000011001100
1010011110011011010001001000000010000010111111100001011111110101011100001101110110011001010010000101
1010010000110100000000100000001100000000100101000001011110100011111000011011001001110001110010011101
0110100010010010000110000010110111001101010101000011000101011001110000010000000110111001001101011110
0111001101011000101110001011011010011111000001000001001011000111110101100110111000010110100101110001
1100111101111001001010001111100101100110001110101011000001011011011011000111010011111011001101000010
0000000000111011101001100110100101111110001011011000010100111010010010011010011110111100010011100010
0100111111010000110111101010000010110010001100000011011110010011110101011100000101101100000111100000
0100011110100101100011110100101001110100000010100100011011010010111111001000001000011100101010101100
0011100011010110111000101001100001111101111100111000100000110101100010010000011011010101011001100011
0101011011010010110000001001111011011000011110101011011101000011110010011100100101010111010111101110
1010011110000100010010011111011111000101111101111110001110011001110101010101100101001011010000111101
0100011111000110111000011110011001011000100110011110000101010000011010100110011011011110000011110001
1100001000010101001101010101010110001111101101010000010001011001101110101100100101010101001010111111
0110100001011110111110111101111101011100100001101000100010111000001001001010111110010001010011001000
1001000100111011101011000100110101101001000101110100101110111111010001101110000000011001111111100110
0101010010011100110110011011100011111100010010011000101011101111101111111101110111101001111100100011
1000110111011011001010110100011000001101100101001111010011000010111110101111001100110111100001111100
1100001001111001100001001000111011011101000110000001011000111111110100010111110110001011011101110110
1001010010111011100010011100011111000110011010101010001001101110101100011000011100001100010011010000
1001011001001111001110001001010110101100111100101001111010111110001011101000111011111100010001001111
1111011010001111011100000000100000000000101000000110101111110111111001010001000000111000011000101000
1101001001101000000100100000111000010000011110010011010100010001100011000100111001110111100011101110
1101111111010001011111100100110100010111110111011001011110001110110000101001100010110100100101010001
0010011010011000010011111101010011010101110111110001110011110011000000111010010000110100001010100011
1111111011101000000011100101100101011001101100111000010101000101000111000111010111100010010100010010
0100010011000101111111000110101111000111111100110011110010011010001100111110110101101111011000111101
1000000100010110010000110000010000010011110110100010111011101001010000010111111110111100110101000011
0011101000101100100001010011001110100010010010011111001101001101111001110000001110001110001011000101
0010010101010011001100011111110110001100111010010101101011111010101101100001011011001001110001000010
0110011001011000001000001000001110110000001111110011011001111010001111100001011010101101010001010001
0100101110000011110011111101000001000100010111000010001100011110111000101100110010110101010110101001
1011100000001100111110000100101001111010001101011100101010010010110011010000101110010001001101110110
