0111011111111111011111000111110111111111111111111111111011011101101111111111111100111110111011011101
1001111011101111111111110111111011011011111101101111101110111101110101101010111111111001001110111111
1001111110110111111011111110010101101110111011011101011110111111110010101111111111010011010100111000
1110111110110111101110011111111111110101110101111111111101111110111011001011011111010111111111111111
0111010111111111101011011011011101010001110111111101001111100110111011111011111101110110001111011101
1111101000111101101111111001110110010011111101101110111111111111111101111110111111111111111010111100
1111010111011111001011101110110111111111011110111111101010010111111110111111111110100111110001111111
1011101011111111111101111011111111111011111011111110011111011011100110101111011111111011011011111111
1111101100001011111111111111111111110110111111111111001011111100111111111011111111111011111111111110
1100101100111111101111010101111101110100000111111111011111001111010111110111011111001110110111110111
1111110101010111101111100111011111111011111111111111101101101101110101011111010001111101110011111101
1011111101101101011011101100101111110101010101111101110000011111101111111101011111011111011111110111
1100111111010111111111011111111011110111111101110111010111110111111111111011110111111101111111110111
1111111101111010111110101101001010101011111111110101111111111011011011111011011011110000101101011011
1111101111101101111111111011111111110011111011111110111100111111110111111011111110100101101111101111
1111111111111010110011100111011011111110111111110011101000111111010111111110001111011110111011000011
0111110111101111000110100111111000111111111111100111111111111111110011111111110111111101111010110010
1110000110011111000010110101111101101111111111001101001111111111110111001101111110010111110111111101
1111111111111110000101010111111011111110011111111111011111100011111110100111101111011111111111110111
1101010111101110101011101110011001110101011011111111001111100001110101111011111111111010111110111111
1111111011111111110101110010110111011101000111110110111111111001111110111111010101001110100111111111
1110111111111011001110001110110111100101011101001011111111101110101110111001011011011111000001011101
0110011110110111110110001110111011110111110001111011111011110011101010101110111111111101100011111111
0111110111001010011010001011110000101011111111110111111111111111101111111010111111111101101110111111
0011111110011110000101110011111111111111010111111100100111011000010111000111111111011110111111110111
1111001011111101111101100011110010010010101110101011111001101110110111111111101010101110101111111111
1111101110101011101111111101010110111100101111101111111011001110101111111111111001001111011101110110
1101110111101111111000011110100011110011111111110010110011111110101001101011101011101101011110111111
1101011111011010111011111101011111011111110111110010010111111110110110101111111110001001111111011001
1111111111101011111111111110101111101111111010111101101111101011110111110011010111011000010111110111
0101100111111111111100101000110101010011011110110011111001110111110111101111110011111111111111110111
1011111111110010010011001010111011000011111101111111101011111111111111011111101100111110111111110011
1101011110111111001011101111110101111111001101111011101111001101111111111111000110111011101111111011
1111101111111011011111101001111110111111111111101111111110110111111111101011000001010011111100001100
1011001111111111111101111011010011001101111011111111111100101011011111011101110111111111111111111111
1101111111111011101110101111101011000100110011111101111110111011111101111111111011110011111111011111
1110001100100101111010011010110011100001110111000001111111001111011111111011110011111100101101111111
1011001011011001111111101010110011110010110110101111111011110111011011111110111111111111011111101100
1110011110101111111000111101111111000100111110110110101101101111111110111111001111101100001110111011
1101111100111110110111111001111111101000111010111010111001011111011111011111110100111010010011110111
1111110110101111110000110111110101111111010111111110101011101111011111010100111111111011111111111111
1111111110111111111101111001111101111111100110110001110111110110110101111101101110101111110010100011
1110011110101111111101010111011111100011000111111011111111110011110111101011110101111011110100011111
1101111011111101111011011111101111001110111001101111101011100011110110110101111101011111101101111111
1010101111100111111110011111111001111111111001111111111111111111110111000111111110110110111111111100
1111110111111111111111111011100111111000101110111101110111111111111101111111111000011111101110111111
1101111111111111101110111111111111110111111111011101011100101111111111011111110111101110101110111111
1011101111111111001110111001111110110011111011100000111011011011011111111111111100111101101011100110
1111111111110010011101101110010111110101101111100111101100011011011100111111111101110011110111001111
1111111111111110111110011010010101110110100111101011101101111010101101111101101110110011011111000101
1101011111101011101111110111101111100111101110001101111110110111110001010101011010110011110101011101
1111101011111101111101110110011111111100011111101110111110011101111111111110100100111011111100111011
1101011000110111100011111111011111111111111111011111010110011111110110101110111011010111001011011111
1011010101011110101011110111101001111101011011110011100111101110111011110101111000111111011111011011
1111111111100111111111110110011111111111101110111111000111111101111111101111101111010111111110111010
0111110101101110111111011000110011111010011011101111111011010111111111100111010110011110011111111111
1110111111001100111111111011110111011100111111010011111101101011101110111111111111011101110101111110
1001110111101100111111111111111110001111111111010100011110111111111011111100111011111111111111101101
0111110010101111111111110101111101110110111111100110011011011110010000101101011101111001111110111111
1111011110011111110010111001101101010101011011011111101101101011111011111011000111111110111101111110
1111010111110111110011011111110110111011100011111101111011110101000111011111101110111110011101011110
1111111011111011110001010111101111001111110011100011111101101010111011110111111011111111111101001111
0011111101011111111001110111111101111111111111111110110111110101011000110110110111100111101111111011
1110011101111111111110110000011111111111101111111011101111011010101100110000110101010111111111111010
1111111110111010111111110111111111010010011111100111111111010101010101111110011101111110010111110111
0111111011101111111110001100111111111111111111111011111101110110101110001111011101001111111111111110
1001111010011100001011110011000111111111100001111101011111010111010110011110110111101010110111111100
1100011111111011011111011110111111111011111111111101101110001001111011111111111111101110111011001000
1011101111011111111011111110111111101111101110110001111111011100011100011111111101111111101100011110
1101110011111111110100011111011111111101111011110111011101011100100100110110110101100111110101111111
1110111111011111101111110111111011011110011101011101111111110111100101010111010110111111111101101011
1000111011111111100111010110010110111111110101111111010011011111101111101101111110101011011110010110
1111111110111111110111110111101111111111011001111101101011111000111110010011100010101101111110111111
1010011101110001111010101110101110110111110111111111111111101110111111110001111011101101011111001011
1111111111101111101110111111111111011111001011111001101110011110111111101001011111110111110110111111
1011101111111110111111001111111111111011011111111110011110111100010110111110110101100011111011101110
1110111010001010111100111111101100111101111111111101111011001111001111011101001111011111111111111111
1111111111111110110111111010111000111101101111111010110111100111111111110111000100001111111010101111
1111111111010111011101111111100100010110110111011110111011101100110110010110100100011011111110110101
1111111111011011111110111000110110100111111110111101001110111011111111110011111011111111110011111011
0111011111011111111101111101111010111110110010100110101111011110001100111110100101011111110101111111
0111110111111101101111111011011001111110101100101000101011110111111111000111100110100101110111011111
1100111110101110100100110101001110111111111010111111010001111110101111111111000101011001100111101111
1111110110111101111101111000011111111101101111011111111111111101100010100010101110101011111100110110
1100010111111001101111111111111110101111111101110001010111111100111110111100111110110100011101111111
1001111001111011111011111111001100101110010111110000111111011111110111101110110111001000111110111110
1011111111010001011111001110001111110101111111101111111101011111111111110011111110010001111110011101
0111011110111010111001110011101011110100111101011111111011100111010011111111111111110010111110010011
1001011011101111111110111100101111111000111111111011001011110111011111101011111111110111001111110101
1011011111111001111100001011111101110101111010001111011111111101111101111111111111011111001011011010
1101110110011111101100011111101111111110100111110101111101111111010110111101111000011111110010111011
0111100011011110011110011111111111111110101111101111011111111111111011111110101011111111100000011001
1101110111111011111110111101111110110111110011111100111101100011111100011111111101100111111001011110
1001101111111111011011101110111110111101100110011110110111011111111101100101100111101000110010111011
0111011111111010111110111111011110101111110111110001001111110011111001101011111110111100101001001101
1111111111111100111111111111111110111011101111100011111110111011111011011010101111011111111111000101
1111111110100110010111110101100011111110101111101011111111111111011111101111110111101110011111100111
1101111111111010011111111111011001111101101111111110100111111100111011011011111011111110100010111010
0101001111011111101110111111011110111011111101111001111110111111110011111111110111111101011011001101
1101101101111111011111111101111110111011111101101111110101100110100001101110111111101011101101111010
