010000110110111000000001101100010000000000000110000000001000100000010010001011101000111001000000000011010011000000000000000010000100001000000011000000
100000000000100000000100101000010001000001000011000001000100000010000000000100100100000000100001000010000010001111001001000000001000100000000001110001
000010000100000110101000000010000000100001000000010100100000000000000100001010010010011000101000110011111010000100111000010010000000000100000100010000
000001000001100000001000000000010001000000110010010010100100010010000000100000000100000001010100101000010000100000010100000110011000101101111010010000
001000000100010100010110001010000000000011000100000001010000111001100101101110000011001010000000000000001000000001000010000000000000110001000000001000
000100000110010000100000100000001100000111000010010000000000000101100010000010010110000000010000011000010001010010000010100111000000000001010011011000
100000010100101111100001000010000001100000000000000000000101000100000100000000000101011100001000010110011110000100000001000000000101000100100111000000
100000100000100000001000001000001001100110100100000100001110000110100111100100000010001010000000101000101000000010000100000000000101000100100000011000
000000000010100001000000010110100000010000000010100000010100000000010100000000000000100100010000110010000010000101101001000000000000010000000000000000
101011100000010100011100000001001011111000010001000000000000001010101100000001001011001001000010000000000011010110000010000100000010010100110000100100
100001001000011100101100111010000000100000000000001010001001010000010101000000110010000000100000000000001110100001101000000011110001010000110000000000
000100000000100101010000000000011100100100001100000000001000001000001000000110000100001010001000000000000010010101011000000100100000111101000010101000
110100111001001000010000001000001000000101110000000010000101000001001000000101001101000010000001000000001010111000010000001100000000100000000010000001
100011000110000000000101000110010010000000000001001000000001010101000000001000000110110000001100001001010010010011100000000001000000010000001110000100
100000100010100000100100000000100100000100001000011100100001010000010010000000100101001100000000000000000100011000011001000000101001100011101000001000
001010100111000011000100001001011100111011000001101000101001110000000000110000011101011000010000000000101001001000001000000000000000000010000101000110
001000100000000100111001001010000000010000000000000001001110000000001000010010100000010000000000100000100000100001010100001100110000000000100111010000
000000101001000100101110001011001010000000010000010000100010110001000110010001000000100011000001010010000000010110001000000000001000101000100101000100
001001100010001011010000101000000100000010000001000100010000100001011101001110000010000001001000100000100010000010001110011100101100000000010100000000
000010000101100010100000000001000010000000000000100000000000100010010001000000011100000000001000000000000000101100010000000011010000001000000000000110
001100010110000011000000110001100000100110001101000000101010001000010000001110011000000000010000000001000010000010000000110111001010000000000100000000
010010000110011101000011100011111100111010001100100101101110011100110100100001010100000000010000001100000000000110010000100101000000000010010000011101
000010000000000001000100100000000000000100001000100001010001001000010010000000001010000100110000001100100010110000000000000001000001001000000100000000
100000100000010010000100101000000000110001000000001000100100010100000010001100000100000010101010000010100001100011010100100000110000010000000001010001
110001000010000000101111000010000100000010101010101001000100001000000000100100001000010100000010000000100100000000100000100000000001100010100100000100
000000001010000000001000000100110000110011000010000001000000000001000011000000111000001010011000101000100100001000100110000010000000001100000001000000
110010010010100111100001000000001010000101000000101000100011100110010000000000000100000100000000000000100000110010000010100000000011010100000100001000
100000001000010000000000010000000001000000000011000011001000000101000011000000001100000010000100010000000101000101000001001100000000100100001010000101
001010101010010011000100100001010010001001100000000010100000000001000010100011011001000000000010001110011000100001110100011000010110000000001000001110
000000000100000101011100000010001000100010000000000011010000000001101011110000000000000001001000001100011100001000000101000000000000000001000100101001
000000001000001000001100010000010100000100001000000100100000000110001001010000000000110111100001000011000000000000001100100000100010000000000001100001
110100000001010100000100010010100100001001001010110001000010110000100011101001000101011101000010001000010010000101010001010000000000010000001000000000
000001010101100101000100001001000011110000000010001010100000000000000000000001010011000000100100001000011000000100100100000101000100100100000100000010
000001000001001100100100100000110000000110000110101000000000111000001001001100000001000100010100110011000000000000010011010000101000101000010001000100
000000000100010001010000001010001000010100100010101000100000100001000101000001001001010100001100000000001000000010000000000000000001000100010000000000
010100110100000000000000000100001000000000100000110000001100000000100011011000010100001010000010000000000100000000110010100100101011000000011100100101
001000110111000100001101010001001000010000111110001100010100000000100101100000000100110000110000000001011111000000000000011000110001010100000100000000
000000001100000110000101010000001010101100001000000001000000000000000110110010111000001101001000001000001100101001111001110110100001000010000010001101
000000000100000100000100000010010000010000000001011000000000001110000000101010010010011110000100000000000000011000110100001000000000100000000010100000
000001010001101000001010001000100110010000000001000010000000000001000000010000001010011100101000010100010000000000010010011000111011001011000000100101
000011010000000100101100110001000100000000001000010110000000010100111000000000000101000000000000010000001100000010100000100110001000101010101000000000
011011000000100100000001011010010000000000010000000001010000100000000010000000100100000001110000100001000000110010001001001100001110101000000000000000
000100010000100000000000100010000011100000001000001110111000000011101000010010010010001001010100101100101001000000000110001101001001111000100001100000
000100000100100001000000000000000000100001000000000100001000010000000001000000110011100000100000001001100010000011001000010010000000001000010000010000
000000000001001000001110100000110000110010100010110000000011000000000011011000000100000000010010101100001001000010001000000000000001100010101000100000
100010010001000000001100000000000100100000000010100000010100000001001000000000101000100000011101001000001000110000000100001010101010000010000000010110
110101001000000000000000110100011110100000001100011001000001010000100001000101000000101000101110001100110010000000100100000000010000100011001011011000
010000000100010100101000000100000000001100000000001000001001001001000001010000000010100000000000000001000000100001110000000000110100000000000010000010
000000001000000100010110101000010111000000001100010000000000011000001000000101100010000111010001100000100000000101000000000010000000001110010100011000
001101000000001001000000000000010001001010001010100110001001000100101010010000000000010000001000001000000000000000100010000000010000100011010101000100
000000000010011100000001101000001110101000100011000100000000101000100000011000000000000000000010000000000000000000000001101101000110000000000000001000
001000010000001000100100000000100000100010110000011000100000000100000001100011000001010000110110000100100100000010110100000000010100000100100000110001
000100000010100000000000000111001000000110100000010000000000001011010000110010000000000000001001100100011000100010000000010001000000000010000001010100
010010000000000010000110110101010000010001000010000000001100000101010000000001101010010010001100010010100000000000011111101100011011110000001100000100
001100000000001101001101001010101010000000100000000100000010010000000000001011000000010000001001000000010010101000000000000100000100010100000000000010
000010001000000000100010000001000000100001100100000000000000001000100010000010110010000000000001100000000000001110110001000100000010101110000100100010
100000010011000110001100000100000001000000110001010001000010000001001010000011010000100011110000100100010000001000100100001000100010100000000000101111
010100111000100010000101100000000001100000000100000001000010000000001100100100010001000000010111110001000100000000000000000100010000010100011100100010
000000010000000011001100001000010000000000001000000000101100000100000000100000001001010000100000010111000101000110000100000110010001101000100100000010
000000100010111100000010001000000000000000001011010000000000000000001001000001100110101010001011000100101000000100000000010110000100110000000010000000
100010000000000101110000001000010110000001000000001000000000000001111000101111010000010000000000010010000100000001000000000100000010000110000001000000
000110000010011101000101000000010100000010010010100000100000000000000110000000000000100000100000100010001000001000000001000000000000000110100101011001
000010000101000000001110100000000100001000000001101010010000000000000010011100000000000010001011011011101000000010000000000110000011000000000001010010
000001110000010000000101001100100000001010000000010101000010000000000000101000000000000100000100100000000001000000000010001010000010000000000000110101
010100010100000000010000001000100000001000100000000010000000000000000010000001100001100011100000010000010000100000000011000100000000100000100000001010
000011000000110001100000010111000010000100100101000011001000100000000010001001100100100000100000000100000100000011001010000010100101000010000000011111
000011010100000000000100000001010001100010100010011000010000100000001001000000000001000000101110000000001001000000010000010001010000011100000000100000
100000001010001000111110001000000000000010000000000011000000100000000001000000000000101000010000110010000010011110101000010000000111000001110010000000
000000000101100010100000000001100100000010100100110000001101100000100000000000100000100100110010001010010111000100000110100000000001010010010000111010
001010111110000001100100000000000010110000000000000000000100010000000010110110100101001100101000111001000100010110000001011000110000010000000000011010
100001010000001001000011010111010001010001001000010000011000011011000100000000000000100010000100101001001001100000000011000001001000010000000101000000
000010010010000000110000010101110111100000011011000100000001000000110000000110100111000000000101100000000011100100001100010000011000010010010010000001
000110010000000100000100100011010000111000000000000110000110100100000100000100001011000110000000011001000100000100000011001000000010011000100100100010
000000000000000111000000000001100001010100101001011010000000001000000100000010000100010000000000110000000100101001000100001111010000010000000000000010
101010000000010000101001000000010101001000001000001000100000101101000000000011001010010000000000010010100010100000010000101000110001100010000100001010
010010010001100000101001100000000100000000000010100000000100101000000101100001010100000000010010101000000100000001000001000011000000000000010101100100
101011000001000010101000000010000000011000100000000110111000100000000101011000010100000001000000100000000000100000110000001010000001010101100001000100
100000000100100001000100000010011010000000000010100101101001100011000000001100000001000000000110000010000010000011000100000100000000011010001100000101
110000000010001010000000010000000000010001010100100001010001000011001101000000000000001000010001000000010010000000100001001000100100010000000010010010
001001000010000100011100010010001001011000110000000000011100100000000000000110001110000101011000000110100000000010001000011000000001001000001000010010
100000000100100100011010110110000010010100000100000001000010000000000000101000010100011000000000000000000110010110010101000000110000000000000000011010
010101100001111100010101001100010001100011001000000000000001000001000101010110011010000001100000001010110001100001000011000001000000110111001010000000
001011010110010000100010000000001000001100110001100001010001000000000001101000010100011000000010001100001001001001000000100100010000101000010011000100
000010100100101100000000000010011110000010010000000100000110000010100101100001000000000000011101000000001010010000000101001010010010100001000010011010
100000001000010001000000000000100000100000010111000000001001010011011010000000000000000000011100100000010000001110000001001001010011100000001001010110
101000100000010110000000100000110010101100000000010101100010100000000000011000001010000011010001101100001100000100000010110011000001100011000001100011
101010110101001100000000010000010001011100100010000000000001000000010100000000101010000000000100011001011101000010011001000001000000010010010001000011
000000101000001000000010101000110110011100000000100000000000000100001100100000010000000000000110111010000000001000000000000100110011000000100000110100
000010010001100001000001010100100001001000000000100001001001001010000010100000000000010001100001000000100000011000100000101001010010010001100010001000
100100000100000001100000000001110000010001100000100000001000000010000000000010010100010010000000000100010100000001000000000101001000001000010000000111
011000000010000000000011000000101000100101010010000100001010010011101100000000000100000010000010000000110001001011110111000010000000000000000010001010
000101001000000100001110010000000100100001101100100100001100000000011000000100110001110000001000010000001100000000000000100000000000010001110100000000
001000100001010000110001010001000010010100000110010011100001001000100100000000010001100000010110000010000000000001000000000000000000010100000100000010
000100000000010000000000000100001110001000100110000101000100000100100011000001000001101100001010000101100011100000000000001000000011100001000000010000
000000000100000000000001100010010001000000001010001100000101001000101000000101000010000100101100010001010100100000101010000010000000000000010010100001
010000000000100001000000000000100000000000000100100010110101001000000001000000100001010010000000010000100001000000000001010000010010000000001001000000
001100011000000010100000010000000100000001101000100010011100010100010111010110000000110100000000001010001000010000010001110000000000101100010100000001
001001101000000001000000000100000100000110000000000001000110101010010100111000000000001100010011000000010100101000001010010000001001000001110000100000
000101010000010000000110010011011000010000111110010000000000001000001110100100000110011100000000100100100001101100000001101100000011101010101010000011
000000100000000000000110000011000000000100101010000110001011000001000000000000010010010001000100001000101000100000000000100100001010000010000000000001
111000101000000001000001000010100100000000000000000001000010111000011000001001010100000100001000100001000000010000001001011000110010101100001101110001
101000000000010000001000000000100100100001010001000000000110001000000110100000000000001000000110000010100100000000010000000010010000010010000001001000
001000010000000110100011111000000000000000110010100101000001001000000000001000010100000010100101001101010000000000100000001000000000000100110001000101
101101100000010000000000000011011000100100000010000010101000000010001000000000100100101001100010010000100000110000110100010010001000010000000110000000
001010110010100100000000000011001010110010101100000010000001011000100010000000000011011000010000100100000010000001001010010111110011001000000000100000
000000100010001000000000110101000001110010000000000100000110100001001100110100001000011001010010010001000000000000000000001010111110001010000011010000
111000101111110000101010000000010000100000010010000000100000000000011001001001101001000000000100000000001000000001100000000001010000010001110000000000
100001000100000100000001000100000000100000101000000000000010000100101011000000000110001000100101001000000000001010000000101001000000101100001000001000
000100000010100010010011001010000000010001000101000010100000000010000011011010000100000000000110011100010000001001010100100010000011000001100101000000
000001000101111001000010001000000000001001000100000000000000000000010100000000001001000010000000100010010000001000001000100011000010000000101101000111
010000000000101100010000010001000000011000000000000000111000010000010000010000000010100110100000011000000001110100001000100000000111100101000100010000
011000101101000001010100000100011000000000000000100000010011000000011101100000001000110000000000001000000000001000000000000010110010000000000011001000
010001010100010001101101001000000010000011011000000110010010001001010100000001011000101000100000000000000001000000000000000100000100000100100110000010
010010001011010010000001000110010000010000010001100000000000100001000000010101000110000001101000000000001010100000000000100000000100000000000011100000
001000001010010000000000110010001001011010000011010100011000000000010000000010100000000010100010000000110010000000000100000000000110100000001001000011
001100000001101010010101000010010101011100000001000101010000000000100000001010001000001000100000100001010000100000000000000000001010011000000000100000
011000001011001101100000000000100000010001011000000001000000000001010001000000010000001000000010010010001000011000000000000110000000000000001001100010
000100010000000010100001010011101000001000100110000101001010000000001001010001001001000000100000000000010000100000100000000000000001000110100000010000
000011000100000000100000011000000101000100100000010001000000000111001010100000000100010000100010010000001000000000000000110000000110011100000101001101
010000101000001000000000000101010100010001000000001001010000010010000110100100101101101000100001101010000000000000000000000001011010000100000000110101
000001000000000000001101101000100001010010000000001001000000000000001000001000000010010010010000101100000001111001000010000001001011000100010101101000
001000000000000000101000000010010100110100010000000010000001000000110101000000010000010000000001110010011000000000000010000010010001100000110001000010
000000000000100010100000000110000000101101100100001001001000000100000100111010110001100010000100001010100101000000000000000001001001000000000001100100
000101000101100010101100000100001001010011100000001001110111101010000000010001000010000101000000001100001000000010001000000000011000011111000000001001
101101000010000000011000010000000000010010010100100000000011001101000000010110000001010000100010000001011100110100001000010000100000010000000101000100
000001000010010000011110000000001000000000100000001010000000000000100010010100000100111011000000000000001011010000000001101000000001000000001001000000
000000000011001010100001000000100101110100000101000000001000000001000100001000101000000100000000000010001100000100000000000010000101011000110000010110
000100000010000010010001000010000000100100000011010101000110000000100101011000001011100110000001000011001110000100000001010100000010000001010000000010
010100000000001001101000000000000101000111100100000001000000000000000011000000000000000001000000010100010100000000010001101100000111000000100000001010
100000110000000000100000000010001000000001000001001100100001000001010000000000100000000000000000000000000100001011100010000000101010010000001000010000
000000000100000000001000001010100001000101000100001001011000101100010000100000000001100110000101001110001100111100110011100000011100000010100010100001
000000110010001000000010101000000011110100101000000001000010001001011000001010010000110100000100011000001000101000000100111001101000010010000000010100
010110000001101001000000100100001100001011101010010001011011000010000000001000000111110000000100101010000001001000100000010000000000000010100001100001
000010001111010000000001001000010000100000100000000001100101000000101111110011100100001010011000000001010010000000010010000110100101000000000100000000
100100000001000001010010010000000100000111110000100000010010000000100000100001010010000001000000101010001101000000010010000100100000000101010001011000
001100110101000000000000011100001010100000000000100100110100110000100000000010000100000000001000100010100001001010000111100100000000001000010000000011
000000000000001100000100100000000000010110001110110010010000110001001001001001000100011000000000001101000100000000000100000100000011100000000001000100
000111000001001000000000000001000000000100000010010000000000000000010000000010000101010010010100010000000010101000000000000100010000001000100000101011
000100110110001011000000100000000000000010101000000100000010010010010000100010000000000110010000011000100010110010000100010000101010100001010000000001
000101000110000000100100000000000111000000010000110000000100000000011001000100000010001001010010110000100010000000000000110000110000001100100001101101
000100000000011000000000000110010001000010001010000001000100000000000000000001010100100000000001001010000001010000101000000001000100000000000000000001
001000100000010111101010101001001001100000000000110001010110010000000010101101000000000000011000100010010000111010000010100010000000010000000000000000
100101100001110010000000000100000000011000000011000000000001000000010001000000100111000010100010001000010100000111000000000000000010000000000000010000
110001100000000111000001010000100100000000100010010010000000111000000010000110000010111000000001000011100100110101101010111011000000101010010000000100
010000000101000000000000000001100001001100101000000100011100000100101000100100000000010100000010010010001000000001011001101000000010100001010000011001
011101010000000010000101000000000000000000010110100110000000011101001100000000111001100100000100000010000100001000000101000000100101001000000010100000
000011010001001000000100001011000000010000000010101000001000010011001100001000001001000010100000000001000001000100000010100100001000001001010000100100
000000000100010101010100100110000101010100000100010011001000000101000000000111000010100101000000000000100000010000000011001010100001000010010001001010
000000000000000100010000000010001000000000000101000000111110001011001100111000111001111001101000001000000000010010101000010000111000000101000000000101
010000000000100000000101000101100001010100000000000100001000010101000001000001000000011001000010101110100000010000100011000100000010100101111000100010
