01111000000110011100011111101101001111111111011111011011101101101101011111001111
10101010111111100111000100111011110101011011101011011111011001110001111100110011
11011111111101111101110111111110111111101011111101000011110111111110110111111111
10101111111111011101110111110111101111111011111010011011110111100111111111101010
11110001111010101110110111110011011001011111111111111101111111111111111111111111
00110011111111101001101111111111011111111111101111111001111001010111110101111001
01110100111110111111101011110111001110010111011111101011111100111101001111011111
00111100011100111100011011111111110011011001011111000011111110001010111111110111
01111110011101110101001101000111111110111111111111111100101111010101011111110111
01111111101110001101110001100010111111011111111100101111101111001001011101111101
01111111110001011011111010100111010101010111111010111111011111001101111011111110
11110111110000101110111011001111011101111111110111111001111010110101011111010101
11011110010001111011010110111111111111011101101111111110111101110000111010101011
01110100101010011000100010110100100111111110100101110111111100111111111100110110
01101111100110011111101111111110111010111111111011111111110111111111111111111101
10110011101011101110111111111111110111111101110011101101111001110111011101111111
10111111011111110111100111101011010111100011110100100000101111111010001110000110
11111011110100111011111101111111111111111110111111110101011100111111111011111110
01001010001110111100101110111101101111111111111111011100110101001001100111011101
01110110111010101100111101101111101011011010111111001111101110111101111101111011
00111110011101111111001111111111111111011111111111011111011111110111111001011010
10111001011110010101000010111110111111100111111111101111011110001111101010111011
10000111101100110111100101111110111111010111111001111100111111101001111011100111
11111100100010111111101000111001111111111011101010111101101101111101111111110111
10111111001111111010110001111101011110010100110110111100111011111110101111111110
10111111110100111101101010000011111111111010111101011110000111011111111111111011
11111111011011111111111110011111111011011111101011011111101111111100111101110111
01111111000011110110111110100111110110011011110101111101110111111111111111111110
11100101000110111111111110100110111011111110111101111000101110011110111110111111
10110111101111110111111010111011111110111111101110111011111011101111011111111111
01111111111110111101111001111100111110011111101111001111101010100111111011011111
11011111101110011111100111110100111001111110110111110111111111011111011011111110
01110001110011110111111101111111010100101110011101011111010111111011101111011001
01101101111110111100111111111111101100111111010111010111111111111101111010011011
10111110110110100111111111101111010111011111111111101110110011111011111001011000
11110110111111011110111111010110111010101111111111101111111111111111111011010011
10110111110011111111111111111110001101101111111111111111011111111111001100111101
11111101011111011111111101101001001010010111110010111011111100001111010111111101
10110100100101111110010101001101110110011111111010110111111111110111101101111111
11011111111111110111101111111111011001100111111111010111001011111110111110001011
11111101110111110111100101111111111110100011101111111111101011111011101101111011
10001110111111110110111010101111111111110011111000111111110101111110101111010101
11111110111101101111111101111111111111111101101111010101000100011111111110111110
11111111111110111010111100110110011111111110110111111111111111011011101111111111
01111100111111111111111111111111001111111111011101011111101111111110001110111010
10111011111100111111111011011001111111110101101101111111011111010001111010111111
11111111111010100111111101101110101110111110110100000011011111111011111111001110
10101111110111001111110011011111111110011011111011111110111111010111111110110111
11011111101110110111110110100111011111111011000100110110101111011100110111111110
11101111100111110111111001111011111110011011110100110111010011001111111110111111
00001110111111111100011110011101001111101101010111011001011111101111011111111111
11011100101111100110101111111101110011111111110111101111111110110111111111111111
11011110111110110011111111111110101111001101110100110111110101101111110101010111
01001000111011110111111111110011111110111111110111011001111110111111110001111111
11110011011011100001110001100111111111111101111111011001110101110110110111011011
11111111011101110101110100110111110111111111111001111110111110010101111101110101
10111111110111111011001110111111011101101101100110011111011111011110111110101010
01111111001111110110111010010101111111100101011101111111101101111111101101100101
11001111111111011101111110101111010111111001111110110101110101111110000111101111
10111011111011101111111101111001110111100111111110111111111011111111111111001111
00111001111100101001111011111111111110111001111111110101100101010101011111111111
11111100111010111010101111110101111110111101111111101010111110010010111101110110
11111010000111111101101110110110111110111100101000111110011100010011111110110100
01101110100111111101100111111001111110111111111110010111111111101101101111111110
10101011011001101111011111111101111111011111101011101100111100010111101111100000
10111110101101110101110111111111010111110110100111111111111110011010110101110110
00111101000001111100110011011111101111111111101101111110111101101101011010110011
11011110111101110111111101010111111111101011011101111101010110111010011110111010
01111101001011100111111111111010111100111111011111011111110101111100001111101100
11111101111111110101101101111111011101010010011111111111100111100111001111101111
11011011111111111101111111111111111110111111111101110001110111111011110111111111
11111111110101111011000111111100100011111111101111111011111111111101111011011111
10111011101110101110011111011111110101010111111111110010101110111011111101001111
10111111111100110111101111110111101101101101001010111111011111011100111110111101
01111101111011110101011111111101000011101011110111110101111011111111111001010111
01101111111101110111110111111111111111101111110111111111000011110111001101100111
10111110011010110111110011011111111011111011111011110110101110010001111111000011
10101011111101111110001110111111000011100111011111111101011111110100111111110000
11111011101011011101111111111111010100111011111111111110101111010111011110111001
11101111110110110011011101101110110111111101010101111111011110000010011111111010
