01001001010000010011000010010010001000000010110001
10000000010010000001100000000010000000000110010000
00000000000100100000111100110011010000000000010101
00000000001000001001000000100001010000000010000100
10000000001010000000000000010001000100000010000000
00000000001000001011010000000010010100000000000010
00000000100000101001001000000011001001010000000000
10000000110001000000001000000000000000010000001011
00000011000100110000001000100000100100110000010011
11000001000000100000000000000000100101000001000000
00011100000000000000010000010101011000000001000000
00100000100011001000000100010000000000000001000000
01001000000100000000001011000110100000010000010110
00000001000100000010100001100000000010000000000011
00100010110000000000000000000010000000010000100010
10000000100000000011000010010000000111000000100001
00010110000100000000000000000100000010010110000000
00000000000000000000001100100110000011001110110001
10000100000001010000010011001001010000100000000000
11010110000000010000000000001000000011001000000000
01100000000001000000000000101001100000010000001001
00100100001000000010001111011000000000001000000001
00100011100010000100010000000001000110000101111000
00100000000100000100010011011000000110010000110100
10000000000010010010010101000101100000001001001001
00000000000011000010010110101011000001100000101001
00110000100001000100100001001010110010000000011011
10101000001100010000010100000101000000000000010111
00000000000000000011110101100010000001000000100000
00000000001010001100000010010000100110100000110000
11100110000010100100000001101000000011000010111010
00111010001000000010101011010000001000001110001000
00000000110010000000100010100100000000011000000111
00110100001000000010000000100000000001010000000000
10000010001000000000000000000001000010100111100000
00001100110000010000001100000100000011010000000000
00000000000001011101001100100110001100001000100000
00000010010000010101000001001010010100010000000000
00000000100000000010000001000100001000000000011000
00000011100010101000100100000000110101000100010001
00000000000000000101010010000001100010000001001001
01000000000000001100001000000001001000010001001001
11011000000000001100000000000011001000000000100011
00000000011100000000001010000000001000001100000000
10000000000000110100001101001110001010000010000001
11100000100010000100001100110110000000110000000000
00000001000000000000101011100011000000101100000100
00110000000010000000000100010000100000000000001000
00000101100011100000000000110010100000000010000000
10100001100001010100110011110000100000011110100000
