0110111111011111101001001101111101111010101111000111001111111111110111100111000011110010111101101101
1011101110011011111111010010111110110111111000111101101101111001011110111001110011101111111110111010
1101101111110111111101011011111011110101111111101101111111011111111111111101111101111110101111001011
0110101111101101111110111111010111011100111101111111111111111010101111100111101110100110110111111111
1111011100101111111111010111010011110111110100111101111111111111111010111101010111011000110111111001
1000101011110111011011101001011111111111111111111111111101001101010110110110011101011000110101111100
1111110111111111011101101100110000111011011101111111110111111111110011110000111111000101111111011111
1111101011101110111100010101111011111110110111111110111111111111011101101000111101011010111100111111
1111011101111011010110111000011111010010101110111111111101101010111110111101111111111001100101011101
1011011110110111011101101101000110111001100011010111111101111111001111111110101111111011111101101111
0011111111011111111111011101011111111100101001110111101111111110100011111111101101101001010101101101
1110011011101111101111111101011011101100101110010111110111111111111101011100011101111111011110111111
1101101110110110011111111011110111111110010011011111111011101111101101101110011111010011111111011111
1011111101111011110101110011111011011111110001101000011111111011111011111011111101111111111011111111
1110111111111101011101101010001111111111111111111101010010011111011111111111101011011111111111111101
1111111011110110011011111110101100010111011101101101000101001011001111101110110101111100001111000111
1111100100110100000111011111111111111111111011110111010111011101111011011111011101111010011100110101
0111111111101111001010110111111111111001011011011101010011010111111001111101010111111111111110010110
1111111101111011010110110111111101111110111111111111010111111001111111101111011111101011010111011101
0111101111111110101011111011011101110111011111101110111101111101111111110010110011011110111110111111
0101110010111001111101110111111101101111110110001111110001101111101010011010011111101001111111111100
1110111001111111100110010100011000100101111011101011110111111111111111100101111111111101011101111101
0001011011011111011110011101100101010110000111111010100111110101110010111010101110110101111111111110
0111100110111101111111101110110111111111001011111010100000100010111110110010110111011111001011111111
1011011011111011100100110111111011111011111110110110001101001111010111001111110111100110110111001010
1001101101110001111011111011011000111110111111111111111101011111010100001101011111111110111111011101
0111100000001111111110011101101000100111111011110100011101111011101111010111101011110001101111100111
1011110101111100111110101110011110110011101011110101011101110011111111110110010110111011111111111111
1110001100001101111010111010010111011110111111100110101101111101111010100011111111110111111101111011
1111111110111100111111011101101110111011111111110111111111110110111001111111111110001111101110101010
1110010110110111111111001111010101111101011111111011111111110000011101011110111111111101111111111111
1101010011101011111110110001111011101101111111111111111111110111101010111111111110001110111100111111
0111110111111110110000011001110101101101111101011110000011111111110110101110011111101011101000010011
1011110110111110111110111000101110100101110110101111110111111111111010111111101111101111111111011111
1110111101111010111111011111011111010001101111110111111111011111101101111001111110111010111111010111
1111111111101111111100111101111000101110111111111011011110101111111111101111100011010110011110101111
1001011101111110111010011100111110010101111111111111110010011111111101111011111011111111111111101100
0111110100111111101111110110101111011001010111110111111111111011011011111001111011111110110101101111
1100111110001111101110111111110000010001111111010111110111001010100001101101110100010101001101111111
0110111001000111110111011011011111101110010110011011111011111111101001111111111111111010011011110010
1111110111110110101011001111110111111010011111011101100111101010111111111110111111110111111111111101
0111111100001111111111001110111111011111101101111011001110111101110110101111000111111000110111000101
1111011010110011111101011111111110111010110011110111111111110111010000111101111100110111111111111111
1011111110010011001110101100111111111111110001111111001100111011110101010101110010111111111101001101
1010010111011010111111111111111101111111101001111110110111111011111011011001111111011111111101111111
1011011101101111111101110111111110111110111110111111101111110110111111011101011111011011111111011011
0111111110100111101101111111111101111100011111000011111101011101111101111001011001100111111101111101
0101111111111010111000111111011110111111111111001101011111111111001101110110111011110011111111100111
0111111110001111011111110100001111011001110111010101110111001111101101111011011011101111111110011111
1111111111111011111110001111110111101110101111011011101110111111101110111110101111111111110111111111
1001011111111000101111111100111111111111011111100100111011101100111110110111111111001111111111111111
1111111011111011111011000101011101111111111101111100101111100111111001101111101111111011100100110010
0111111111111000000111110100111101101111101011101111001101111111111101111010111110101111111011101011
0011111111011110111111000111011101111111001010111010001111111011101111111111000101101111101011111111
1111110111101100000100001111111100110101011101110111110111011111110111011101110111111111011111101111
1111111111110101101101101111111101110110111111111101111011111111101011111111111101010111100110111011
1011101100111110111001100000011111111111111011011111011101111110111111111111111101101111101101111101
1111111111111101111111101111111111100111101011111011111110111101110110101011111100101111001110101101
1101101111111100001111110011111111010101111111010111110111001011011110111110100000111110111101111111
1111101101110110111101100111111111101101011111110100111111001111111111110110111101101111111010111010
1111111111111111101111001110100011111111110110111110111111110110101101010001111110101101100111101100
1010111101111010110111101100110111111001011001111111101111011001011100001111001011100101111111111111
1011101111111111010011011111010111111111101111011101111110111001111111110111101111101111000110011111
1110111101011111111111101111100111111101011110111101111101110110111111111010111011110111001100111100
1011101010111100111111110011110111111011110111101111111111011011011101111011010111111101111111110011
1110111110010110111101111101111011011100111111100011101011110111101110111011111011011111111000111111
0111100111011111111111010011111101111101100011111111110110111111110111011110111111111011111111110110
1111010111011011001101011111001010111000110101111110111011111111111001101110111110110110111001111001
1111111011100111101111111011100111010100110011000110011111110011011001111111011111111011111001110011
1011001101111111111101001011011000111111100111111001111110011011101110110101011011010111100011111011
1111111111101111011101110001110111111111111000111111110111110011110111001111111111110011101111111101
0110111011110110110110110011011101101101101111111110111110111011111011001101111111110110111011110010
0110100111111111111010101100011111111111111011101101111111100101111110110111111011111101100101110111
1011110011111011111001001111011111010011111101010111011110110110001111111001011010110011100101111111
1001010001101111101110111011111111011001110000011111110111110111111110101001101111110111101111011110
1111100010100110111001001110110101111111011111101011011111001110110011111110111011111011110110111111
0111001111100111000101111010111101111111101110010111101111111011011100111011010111110011111111111111
0110111110011101111111011101111110101111101111111010101111011001111111111101101101111001111100001100
0011011111111110101011100110111111101101101011111111100111011111011111111111010111111011101101111111
0011111111111101111011111101111111100011111011000111111111011010101110110010111001011100110101111111
1101101011001010011111111111111111111101110111011111101000001111111111111111101001011010010001011111
1110111111111111111111011110101011011101110011111111011110010111111011111011111110010111110011111101
1111000011110101111011101111101011101101111100111101111011111111101110111111111000011101110001111101
1010110111011111110101110111101000111111111111010101001100100001111111111111111111101001011010011110
0110110111110111111111010101011111101101010111001111111011111010111010001001011110110110111111111111
0111001000010111010101111100111101011110101110101110111111111111110101011010000101101011010110111111
1111000101011110111100011101110111111101101111111111111111110011011111110111101011001101001101111110
0100001011111110011011110011111011001010101111111111111111011111111011101111111001110110111111111101
1111111111001110010110101111111111101100111111111111110110111100111111111111111101101001000111100111
1101111101111110111111101101101101111101111111111110101000110100111110010001110111111101001010001111
1110001101011111110111110111111111111011101111111010111011110101111110110010111000011011010011111101
1111111111111011111111101111111101111110111111111111001111101111101000101111111100001111100011001111
0111101000011111011110111111011001111001111001011110111101011110101001110011100001011101111101011100
1011111011101111001011111111101001101111111111110110111010101100101111111110101111101011101110110100
1101110101110110100111110011111100011111101010110111111111111101111111111101101101101111101001011111
0101111110011110111111110101101111100011101011101111010110110111111111111111101111111111001011101110
1111111111111110001111111101111101011110101111101110111111111111010101100111111111111111011110110111
1001011111111111111111110111001101111110111110111110011011101111011000101111111111111111111111111001
0111001101011101010100111011111111110111001011011111111100110110111011011111101110011110110100111001
1011101111111111101101010111101111110110111111111110111111100110110111101101101111101101111100101110
