0001011111111110111010101111111101110100111111111101111110011011011110
0010111011001000101011110110111101001011101111111101010110110011111010
0101110110100111111111100110111110111110111111110111101101011111110111
1010111111100111101001110111111111111111111110111111110000101111001111
0111010011100000011111111100110110101001011011100111011111111101111100
1111101100101111111110011100110110111111111011101101111000111111111011
1101010011111111011111010111011101011011000111111111110011111001111111
1011010011111011110001110101111111111110110110011101111111001111011111
1111101101110101111110110111111111111000011111111110111111101101101110
1101101110111111111011111111110111111110101111101101111100001001111010
1011111111011111110111101111111011111100011111011110100110101111001010
1000001111101111011011011110101111011111011111101011111101110101111011
1100011101110111100101111111111110111110111011101100010010100010010001
1011011011111001111101110111001111111101111101111111111111111100010111
1011011101111001101100101110111111111111101111001110111101011100111101
0011011111111110101010101111011011111011110100011111011111101100110110
1111010111101111011111111111111111110111101111011010110111111111111101
1010111111110100101110011101111101101011110110101010110011111101111111
1111111011010111110101111110011111100111100111111110101101011101101100
0010111010101110111011111111001111100100111111011111111111001010111001
1110111011110001110101011111100111110111111111111101101111111101111111
0111101101111100101110111011110111111111111111111110110111011111011111
1111100111101111101101001011110111111111001111011110001011001110111110
0101111111011100111111001111110111110101000111111110110111110111011011
1000110001111011111111110011111011111011000011111111110111111111101101
1111111111111111111110010011110100111111111101111111111111110011011011
1111001011111111101111111101100101101111011101110010111011111100110011
1001001111101101110111111110001111011101101111101110101100111101111001
1111110111111010110011111110001111111011101110011100011011011001011010
1111111111101011111001111100000011111110111111111110101110101011111110
1111001110111111111100001001100101111011101111111101111001011011111111
1111111111011110111111110111101001111111101101111001011111111100111111
0011110111111111101111111001110001110001111011111111011011111011111101
1101001111110111111111111011111110011011011011111111100110111111111110
1011110111101111111111111110111110001110111111110111111100111110111111
1011011111111111100011111101111111001101111111011111111111011111111110
0111111111111111010001101111111101110110101111101111001001111101110000
1011010101111110101111110111010100111011101111011011111111111111111101
0111011101011011111011101110111101101101110011100111011111111110011011
0101111000010111111011111111101111010110110111011011111101111011111011
1111010101001111111111000101111110111111010101011010101111011111100101
1011110110111101010111000110010011110011101010101011111111101111011111
1111110011111110100111100111111111111100010010111111110011011011110000
1111001111110111111111110111111100111101100011111001111111001101000011
1111111111111010111111111001111011111111011101111001011110000111101101
1110111011111110101111111111011111111111100110111111111111101010111111
1111111011011100011011011111011111101010011111001111111111111111111110
1111001110100101101111111110111111110101101111001111011100100111011001
1101011111111111111111111101111111011101111111110101011101111101111001
1111111111101111001111111101111011111010001001111001101011111111110110
0011101010110111111101111111010011111111111001110000101111110011111101
1111111101010101000110001100001111111111011111111100001111111101111111
1011011111110110111111011111011001110101111101100110011001010101110010
1101111111011111110101011110101110110111011111111000101110100111111111
1010110111010111001110100111111110111111110111111111110111110111110110
1110100111110111101111011101010101110111110111111011011011010010011101
1100101110101101110111111110110111010110111111100111011101111110111010
0010101110010111111111111110101110011111111101101111101110100101101111
0101111010111101110010011111010111101111010001111111011011011111101111
1110111000010110111011011111101111111111101000101111101110101011011101
1011111111100111111111101011111111111111111101101101000010110101001101
0011110110110111111011111011000101111110110110111101111011101011101111
1111010100101000100101111100011011110111111011110110011110110101011111
1111111111110000111011011101111011011101111110111111111001111110101110
0110111011010011111110101011011111111101101011101111111011100101000010
1110111101011111110111110111111111111111011001111111111110010010000111
1101111111110010111111111101111111110111010011111011010111111111000111
1011101110000111111011101000011111110100110011100111011101111111011011
1111011111110101010011110110111101110011010101100101111011100111111101
0011011100011110110111011111001110100111110111011011010101111110011110
