0000000010010001011001000001001100001000000001000100000010100000000010
0000010110000011000001101101010000001001100000000000000000011001001111
0000000001001000010100010100001000110000000001100000010100010000010100
0000111010000110000100000001000100100010000110001000000110010000010100
0001010000100000101100001000010100100000001000000000010001001000000111
0101101010000010010000001000100000000001000100101001000010110000000100
0001010000001110000110000000000000010010000000001000000111001001010000
0100000011000000101000110000000100010001000101101010000010101100000001
1101010100010100001000100000110100011101000000000000000000000010001000
0010000100000100011001010100001000000101000000111110000100010100000100
0000100000000000000000001001000000001000001000000010001000100000110100
1000000010001000100000111000000000000001000001010100100000010000010100
0010001000010100010110011000000000110100100001000000010010100010001000
0001001011001000001011110001000001111100000000010100001100010001000000
0101011000000000010010000001000110110100110011000010000100100001000010
1100000000000000000000011000000101000011110000010000010010110100010100
0000100100010000001110100000000010000001010100100010010000000100001000
1010010001001010001000101000100100010010000000000010000010010001001011
1000100111000100110000001000101110000010000101001011000000001000100000
0011101000001000100000100010001100000110010001000001010000100001100001
0000001000001110100000000000000000101000101000000011010100010001001010
1100000001000100000000000000000000001000000101001000000001000010000100
0100000110010100110100001001001000000100001001001000000000010000110001
0010000101011101000000001010111001001100000000100011001100000101110000
0100110000111001011000110000111101000000100100001110100001000010000100
0110000001000000000000000001010010010000000001000010011010000101100100
0000000000000000000100010000001101000110000001000000000000100100000100
1101000000100110000000100100001000100100001001011010010010010100001010
0000010010000000011000011000001001100000100100010000000000100000000110
0100100010000000000000011100000000000011010010000101010101100000000000
1010000001000000001100111011100000010011001000110000111100100100001000
1001100110000011011100001010000010001100000000010010111011000011001000
0000000000000010101000000100000100011000010001100010000001010001100010
0000000000000101000000011010100000110101000000001010010101010110001001
0011100000001110000010000001100001010000100010000000011000010000000000
0010001110001110010000000100001011100000001000100000000100111001010000
1100000010100100000011010000000110000001001001000000100010001011011000
0000000011001110000100110011000101000000101100101100101000000000000110
0001001000000001011100000010011000000000000011101000010100000010001110
0100010111010001100000000000011001001000010010011110000000000000101000
0100000000001011000010001000100000100100000001000100000100000000000010
0000000000000011100100000000010010000001000000000100000000100000000000
0000100000100000000010100001001000011100000000011001011000000000001000
0001010100000000101001001000100000000100000000001010000000010010000000
0001000000000010000000000000010000100011000000100000000001000101000010
1010000100011010001101100111000010001010100000010010000001000000011000
0010010101000000100000010000001010010110000010000000001100000000110001
0000000001010101000000000001101100000001001001001001010001001000000001
0001011101000000001001101001000001000111001100010001010010000000000000
1000000001010100000000001000010000000101110000000000000101001100100001
0000000101100010111010011101000111000001000101000000010000011110010100
0000010000000000001110010000010000000000001000011000011000000110001101
0000000000010000000000001000001100001100000000000000001000000000000000
0010100000001001100110000101011101100010001000011011000010001100000011
0000000000100100000000010100001100100100001000100001100100000010101100
0011001001000110000010010000011001010010100000100100001010000100000001
1001011100001001010000000101000100001000000000001000010100000010100001
0000101000000000000001001000010111000000000011010100000000100010010010
1000010100101011000100000010111000010000010000000000000001011001111100
0111010001010101010010100001000011110000000100000010000000100000000010
0100101100000000001000000000000000011000000000010110010000100001000000
0000000101000001100000010111001001000000000010000111010100000010010000
0000000010001000000001001000000101001010000100000011001011000101101001
0100001000000110010110010100000110011000000010000000000000101010010000
0000000000100000001100110100000010000001000000100100001010100010000001
0011001000110001000000110000000000011000000001100010000001100101001100
0100000010001000110010000001001101001011001001000001001000100010010000
0111110001110001000001001110100000000110000000000011001000100000010010
1100100000000010010010000001100010000110100010000000010001010000000100
0100100100000000010100100000000001000000000000110101010110000010100000
