0000010000101010001110010000000001000000
0000000011000101000100101000000100100000
0000000001100010011000001101000100000000
0000000010000000010000010000111111000000
0000011100000000000000001010001011110101
1000100001000111010110010000001000010000
0000100000101001101100100001000010000000
0000100010111100010110001000000000000000
0101000100000000000010010100000010000000
0110010000010000001001001101100000100110
1010001100000010100010101000000010011000
0000000101000010010000001100110010000001
1000001100000010000011000000100001110010
0100010100000000000001010000100000000000
1010010000111000110000000010110100100100
0100011000000000000100001000000110000000
0000001000100010000000001100000000000011
0011010100010010000100010000010101000000
1010001001000000000010000010000101001000
1100011100000001010000000100001100000101
1000010110101000001000000000111000000110
0000000001001100000000010010000010110000
0100001000100000000000000000000001000010
1001010010000100010001000101100000000100
0110100101110001100000000010000010110100
0010000011010000100100010000010011001000
0000100000000010001001001001000000001001
0010001001000000000000010010000010111100
0001000001011110000010010000000000100111
0001000000010010010010000100001100001001
0001110000000000000110000000010011001000
0111000000000011011100000000010000100000
0001101010110001000001001101001000001000
1001100000001000011000100100001000000001
0100100001001010000001001001100100000100
0000110000101000000001001001000000000000
0000000000100000001000000111011010000000
0000100001000010000110011001100000100001
0000000001001000100010100000100000000000
0000100000010000100100000010110001000100
