0110011111111111111011111011010110111101
1011111011111001100000101111100011111010
1101101111110110111101010011011110111101
0110111101111100101011100111111100100010
0111011111111100111010110001011011111111
1101101011111011111111101011110111111111
1111110111110111111011011011111011111101
1011101010111101111111011100011111111100
1110111100111101100110110111111111101111
1111111000110111110011011111011000111011
1111111111001010011111010111101110100111
1111111111001111111111101111101111011001
1101110110110011110111111111111111101010
1011101111010011101111110111011011111111
1010011001111101001110111111111100010101
1100011111011110110101111100000111101100
1111111111011101010101111011111111111111
1010111101111001101011011110111010111110
1011111100110110010111111011011111101111
0010010110111111101001111111110110110011
1001111111111110011001011100001110011101
1011011101111101111110111110100100110101
1101110010011111101101011111101100111111
1010101111101111111111101110110111111111
1100011101011011111111110011110110101111
0101000111111111010111110011101110111011
1111011011111110111101111101111011111101
1111111011111110101100101110111111111111
0101011010111010110101111111001111110101
1011111111001110111100011011001110101111
0011101111111110111010100111110110011000
1011010110111011101111111101111000011101
1110111110111101111110011111111001111101
0100111110011101101000010011100010110111
1111111111101101111101111111110011011011
1110111101010110110111110111101111100111
1110111111011101111010111111011110100111
1010111110100111111011111011110111011011
0101110011101100111100111101010001111101
1010111011110110101111111111110111111110
