0110000110111011110111101011111111111110010110011101110011111111111101110110111111110011110001111101
1010011101111001111110010111011111111111110110101111111111011010111101110011110011011110011111110010
1101110111001011101111011110111110101101011010011111101111101111101110111111111010111111111011110110
0010110111111011111011111010011101101101010111110001111111111111111111111011111110011111111111101111
0011010101101011111110111110111110101111101111111110111011011010110111110110010111001111111110011011
0111101100001010011000111110111111101100111110110110011111100110101010011111111100111101011011011101
0100010101110101111110110101010011111111110110010011011110111111011111110001011101010111111111110011
1111111011001111110011111011111100101101111110101111011100010101101110111101111100110111111111110111
1011000101110111011101111101111111111101111111111101110100111101111111100111111110111111010111101111
0111101110111011001101111111111111010011111111111111111111110001110100101111101111011111111111111111
1101101011011101111111111111011110111011001111111100111101111011111111110101001111011011110011101111
1101001011101010111111011110110110101001001001110111111111101110111011111011110110101011111010010101
1111110101110111011001111111011110111101110110111011100111111111111010101011111011111100110111110101
0000001110101011111110110101011111101001111111001111111011011111111111110110101011111110111111111001
1011110111011101110011111100101011110110011011011011011111111111111110100011011110101010110101110011
1111101111101110111110010110101111111111001111101101110111111000111111111101111111101110100111111100
1111101100110111001011111110111111011011111111110111011110111010011111010111111110010110111111101101
1101111110111111000111111111101100110011110111111111010111101001101001010111011111111111111111000101
0111111011111101100111111011110101110101101111101110101001111101100011111111010100111011111011111111
1110101011110101011010111111011110111000011111111110111111111110111101110000111000111111011111111010
1111101100110111111101110111001111011111111110111111111111011111011011111111010111111111011110111011
1011000111111010111010111100111011101110111011111011101001001110111111101110111011111111001100100000
1001111111101110111111010010110111101011111110100110010111110111100101110011011011111011111101111011
0111111111111111111111101110101110011111111111111101111011111111010111111100111011001000011100010110
1011110111111010111101010111011010110101111111111111111111111111111111111111101101001111111010110011
0110111011111111110111011010111100000111101111101101010010101111110111110011111101011101011111110111
1111110101111001111110111101100111111111110111101010111111101111110111011111111111110111100011111111
1100001111101100011110001010011101111011001011001111111011111111111011001111110111001011111110011010
1010110111010011111001110110011110111011111110111101101110111101011110001111111000011111111111111110
1111111111111100101101101101101111101010111111110101110011111010111011111100111110111101101111111111
1111110111101111110111011101110011111101011111101010111111010101111111110111110101000111111111110111
1111110111111101111110110111110010111110011101110101111111111111111101001001111001111111111111011111
1110111011111111100111111010111101011111111010101111111111110101111011111101011111100101111111010100
1101011011000111101011100011011010101111011110011111101001111011111101111101011100011100110111100010
1111111110111111011101101011111101011011011111110100101001011011011101111011101111101111111101111111
1100001011101011111110011011101110101111111111011010111111100101111001111011110111101110110111100110
1111111110111101100111110011111111110001101111110001110111111100110110111011011111111111110001111111
1111111110001011001011011110001111010001111010101111100111111100111111111110111110111101111111101011
1100101001100011110011110111110111110001111111001111111100101101111011010111111110011111011101110010
0111101111111101111010111111101011111110011101010110101100110101101111011011110100011111011110111110
0100111111001100111011111110110010011110010111110011111111111011111111111111110111011101011111011100
1111011111001110110111111010111111110111101111011110111001011100011010100111101110110111111111110011
0010110111110111101111111101111111111111010110111111111101100110111000111010011101110111011001101111
1101111111101101111110111110111101111011111010111101011111011110111011111111111111111010011111101111
1111111111101111111111111111111011111110111101101111111101100011111011111111111001011110110010111111
0001100011110111111101011111011100111011110010111111111101111110111100011010101011100111111100001111
0101110111111001111111111110111110101100101111010110111111101111011011111111010111110111111011111011
1011111011111010110111011000110101111001111101101101110101110111010011110001011011110001111110111111
1110100111101111011111011111101011010110011111010001011111111111111111011011111101010111011101111010
1110110111110101111110111101110111100111011111110010111111100101001101011111111111011111111110111110
0110111101011110111111101011001011010111111011100100011110111111110111111111110100101110011011110111
1111001111011111110011011101110111001110101111011000101110111011100100111111011011001101011101011111
1111100011111101001111011011111111111111111011110101010101111001101100111101010101111111111001101011
1101111111110111110110111111011110011010111111111110100010011011110101111111111111111111110111111111
0111111101110110101111011011101111110011111111101111000100000101011111111111011100111011011001111011
0111011111111011110110101010101110011111101111111111101011001111101101101101111010111011111111101111
1111111001011111110110111111111110011100100100101111010101100100101010110000001110011110110011101101
1111110001111111011111111011011111111100111111111100100110111011111111101001101011111101011110111011
1011011011111011111100111111110111011111101011111111100011011110100101001010111111111111101011110001
1101101111101111101110111001111111101101110101011011110001101101010111111011111111000011011111111101
1111101010111111111111011111110101101110110101101011110101110111101101111101101110111101111110111010
1011011110011110001111111111101110011111011101111110001110111011111101100111011011101101111001111110
1111111000111110100111111111010101100000101111111011010101101101011111101111110111010101011110111111
1011001111101110011010111111101111110011100010111111111101011110111101111101111001011001001011110011
1111110111111111011101101111011111011111101111001011110111101101011111110111010101111011110100110101
1101101011111111100111011111111111111110111111111010011001010111100001010111010011011010011111111111
1111011110111111110111001001111111110111111111101100101111001111100111000111100111111111101111111101
1111101111100111100101111110101101101101100001001111111101111111101001111111101111110001011011011110
0011111110111111101011011111111010001111110110111010001011010010101001100110011111110111100111011111
1101101010110101111111111111011111110111100110111110011101111111111110111111010111101101010111111111
1111101111111111001111111100011011111100111110110011111111011111100111011010110011111111110111010101
1111111100110101111110111110011011111111101111111111111010011001110101101110101101111011101110100111
0011010101011001001011011011110111111101101111101111111101111011000101110110011011111011010111010111
1010110111100101111011011011111011000110110110100111111100001111111111011001101101111011101110100110
1111110011011110111011101111101000111111111111101111011000110110111111111000001011101100111110110001
0111011111111011111010101111101111111011110110111111111101011111111101000100111111011110111011101101
1111010111011101100101011111111100110111110111001110010101111011001100110101010111010011101111111111
1111111110011011111111110111111111011111101110111111111100110111110011101001101111101111111111111110
1011011111101111110101111110110111101110011111011101011111111101000110011111010100101011111111110101
1001111111110011111010001111011011111111111100101110111010111010101111010101111010011111110111111011
1111100011111111110011110011010010111110110101110101010111111110011111101011110101101011110111010101
1100101001101101010011111111001110111000101111111101110001110111111111111111110010111011111110100111
1010010110011111011111100010010110111100011101110010111101101100101111111110011011010100111111011101
1111011111101100111111100110110101001111111110111100111111101011111110111101100101101011100010101111
0111110011111111011111111101110101111111100110000111111111101101111001111111011111010110001101011111
0111111111001101110111001110111111111111111011101111110011101110001011100011010100101011111111101101
1111101111110111111111101011101100111011011111101110111110110000111010111101111111011101111111101101
1011111111110000011111101111111110101111111001111101111101111111101111111100111111010110101111111011
1011101101111111111000101011111111111100010011110100110110101100101010110111111111110111011111110111
1111111111111110111110111101101111111111111111111111111111011110110101101011011111100110101111101101
0111111101010100111111111101111110100111111101111111101101111111011100010111111001101111110100111111
0101101111001111110111110101111111110111110101011101010101011010111011111110111111101111111001010010
0111111111111101111110001111111111010101110110110110010111111011011111111111111111110111110000001011
1111011111101111111100100110111111111110111100101011111110110101011111101001111110101111110100111011
1111001111101111101111101110111001111111011110111110111111111111111001010111111101010111111001011001
1110111101011111001110111111111110101011110010111111011001111111111111101010111110101001101101101110
1001110011100101101110100011110100101101101111111101111111011110011111000001110100111111011011110111
1011010111111001111000010110111110111001101111010111010110010110111111111101111011111110111000011000
0111101111100010001110111111111101111111011111111111111101001111010111011100110101011001101111011001
1001111111111110111010101110011100101100011111110011111111110011111011111011101111111111111011101010
