011011111011101111101011111111111111101111001011010011101010
101111100111011011111101101111110011110111110011111111001010
110001111010111111101101110111010101111111110110101111010010
010011111101001001101011001111111111110111111111110110110111
110101111111001110111101111110111011010001011101011011111111
111110110110111111010011111111111111100111101101011101011110
111111011100110101111111111110100010100111011111001111011111
101111100000111001111111010110111111100001101111111111111111
101110100111101101011110110111111110101110111011011111110111
010111101011111101111111111111111100111111111110001111111100
111011001101110111101101111111001001111011101111011101010011
110110001110001011011111000001000101111100101110111101111011
101001111110011110110101110111101111011101101111101100111101
011001110110101101111100111111111101111111100010101010110010
111111011101110111011111101100111101101111011011111111101111
101011101110111011111110111011011111111110111111100111100111
111011000011101100110111010010110011110111111111011101011111
111101111111011100110111101101111011111111110101101010001011
111110110110110111011110111110101111100001011111110111011101
010011111101111111101111110111111100111011111101010111110111
111110111111011100110011111101111111001011111110001101101101
011010111111111111110010101011111001101001101000011111011111
100101111101001111111101010010111101111011110111111111100101
111111110111101011011010111111111110110101101001011010110110
111011101110111101111101011011111111011101001111011110110110
101011111110110110111011101000110010101101011111111111111111
110111100110011101101101110111110011101111010111111101111101
111111111110111001111001001010111111011011111111111011111111
111111111110110110110111101101111101101101011011100101111110
111101001111110101011101101010001111101101111111111011011111
110111111100111011111111111110011111011001111011101101011111
111111011100011111011111111110101111011010110111111111110110
100111011110111101111111100111110011101100111111011111111011
101101011101111100111011100111110001111111111111101111110011
110111111000100111101001111101111001110111111011111111010111
111111010011111111101110101111111110111100111011111111011111
111101111111011111110111011011001111011111101111001111011110
011110000111110111010011100100110111100101111110111110101111
101000001111111101011110111111111101100111111001011110110101
111101101101111111000001111011001111111001111101110110001111
111101101110011111011010001100010110101001011010101111010111
111111110110111011111111111111100110111110011101101111111111
011101011111110111011111000101111111111100001110111110110010
011110101100001111111010011111111111011111000110110110101011
100111111111101110111101110111101111111111100110111111011111
001111110111100111111010111101011100110101111011011011101101
111100111111111110101010111111111111110010111101110101111110
110111111010101111110011111111111111101101000110111001111111
011100010001111101100010011111110111010111111011001111111111
110111011011001010110111111101011011011100111111001011111111
011011111111111011001111111101111111111011101101110111110001
011101111111101110111110111010111111111111111010101001111001
111110111100011101110111110101011111111111111100111000110001
111011111111001110111110011111111111100011001111111100100101
100110011101111100011011111110011100011001110111111111001110
001111111111110010110101111111111111101011101011111110001100
110011110101101011101100011111101001110101011111110100110111
000111111100101110111111111111110011111111001111110001111011
111111111011011111010101110111111111110111111011110000101100
000110111011101111111110011101101111011111011101111111001100
