011101010111111111110110111110101111101011101101110110111011011110010110011110010111101110111110111011111011110101011110111001011100111011111111011001
100011101110111110101010111011001111111111111111111100101111111111100001111111111000011011011111101111011111111101111100111110101111011110111111011101
100011110111111111111111111111111111010110101001111111111110111111111011001011111111111100111101111011011111011111111111111110011111011101100110111011
100011101111111111100111101110111100111110011101110110111011010100110111110111111101010110111111111111011010011111111111110101111101111111111111111111
011101011101111111111111111101111011011000011010011101011110110111100111111011011111011010111110011111100111111111111011101110111101111111111111110111
111110110110101111011011011110111001111111111111101011111111110101110110111010001111000111011111010101101111010101101111101010001111010111110101110111
011101010001011111011111101111110111111011101110001100111001001011110011101011100000111101101111111111010111111010101011011111001111101010101101111001
101011100110111110110110100011101111110011111011111001101011111011101110110111111111001111110110011101011011111101101111110111011110011100001110011111
010110000111111111111111110101011110101101011011010111000111111110111111011111110011111011101100111011101111010111100001101111110111011111111111100111
111111011001111100110011111101111101110110110111111111110000111111111111111000101111111011010100111111111010101111111110111011111111101011111011100110
111101011001101101001111111110011111010111100111111101110011111111111111101111101110111111101100100111111110110111011101111011001110110111111011101110
101110101110101111111101010101111111101110001111111011111111111010001011111111011111111100111111111010111101111011110011111110001111001010111010011111
111111011111001001101111111001111111111111101101111100111101101110011101011010111111111110101011111110111111101000100111101011011110100111000011110001
111110111100001100101011101111101111111111101110111110111110111011101101110011001111111111111011101111001110111100111110111111011011111111011111111111
111111111111110111111101101111111111111101110011101011101101101110111101011101101011001001010011111110111110111110010110110010011011111111100111111111
111111111111011010111011111001111100011011111011101111111111011101111111010011011111111111101001111111111110111101101111111000010111111100111001011101
111111111001001101111111111101111011101110011011111100111101101110111001111011101101110111001111111111111010111011011110111111011111011011011110111111
101111101011101010111101110111101011001111111111111111010111110111100111111111101001111111010111111101110111100111111001101111111111101111111111011111
111110011101111111011001111111101111111010111111111111111111001111000111101110101110110110111101011010111011011111110100111111111111011101111001111110
101011111101001111101111111111000111111110001111111111111111110011111111111111110110011111111010111111110111111111111110110011111111110101011011011100
011011101011111111110111011111111100111001011111000111111110000111111110111011110111110111111110111011011111101111111111110001010101101111111111110001
101110111011101011011010000111110011011101001011110011110111111101110111010110111111110110111111110011111111110101111001011001111011111110101111010101
111111111110110110011101110111111110111111111111101110000001110100111111101010011011010100111001111001111101110100110111100111111001110111111110110111
001111101111111111111010111111011110111010110110011111111001100011011100011111111111110111111010101111111101111101101011011010111110001111010101111111
111110111110111111110011011011111101011110111010111111111110111101111011000011111111010011011100111110011101111111111010111111001110111111111111011111
111011001111100111111011101111011011011100111110011100011111111101101111011111111010100011011101110111101111111101101100111110110100111111111011110111
111111100110111110111001110000011101111111111111011110011110101111100111111111111111111101011110011111111101110000111111111011100001111111010111100111
101111101111011011111111010000111011011111110110010000011110111111011111111110001011111111001111010101101110101111001011011000001111101111111111111111
111101110010011001111111110001111111101101111111111111101111111101111111101000111111111011111111111111111111101111101111101101111111011111111111011110
011010111101111111111111110010111110011111111101011111111101100111111111011000111100001110111110001011111010111101110110111110101111111011111011111111
101111110101111111101110100111011101011001110000101010100111110101100111111111111111101011010111111100110011011100101111011010110111111011111111101001
001111101111101110001111111111101100101111011111111110001000111011011011111101101011101001110011111001100011010001111111111010011011111100011110110000
111111011111111111101011111111110011101111010111010111111000011000111111111110111111110101110011001101101100111101111100110101111110101011000110111111
111100111111111100111011101011110011111110010011110110111101101111111111010111111001111110111011111110111111111101001110101100111110101011111111101011
111010111011111011110111010111001101100011110111000111011101000111111010111101110111111110101011111010111001011011111111011110111111111111111001010010
111011110111111011110100111110101110111111111111001111111110111111111001010111111110111110111111111111111110101110101110111111010010011010111101011111
110101111101111010111011001010011111001101110111011000110110110110111111010100111000111110111111101001111011011101101111101111111011101101011001111010
011111110110111100111111111101100101001100010010011111110011010101011111111111111110111101111111111111011110111111111110111110111011111111111111110101
110111101001111111111111111111111101110101100011011101001111111101111110101011110111111111111000111000111011111011100101111110001001011100101110111101
011101001111111011010110111111011101111011110001111110111110110011101101111011000100101110101010010111111111101111111011111100111111100111111100111111
111101110111110111110011101101011111000100110101111111100111111111101111111110111011110110110011011110011111100111111100011011111111111101101111110110
110001111010111101001110001111111011101100001011110010110011111010111111111010101111001011101111111011101111011110111110011111111010111010101001111101
111001110110111101100011111111100011101110011010111111111011111111110111101110111101111101110011110111111100111101101111111101110110110111101111010111
010111011100001111101011111111111111110110101101111011111011100111011001011011110101110101111001101111011111101111101111001111111101111011111000111101
111111111001110111111110111011010001000001110101011101100100111011110111101011111111011101001111100101101111011101101011110111101111110111111111111010
110101100111110001111011011111011011100010011010111111111111001101111111101111110100111011010101100111111110101111110100011001000101010011110110111111
010011111111011111111111111110011111111001100101111101111010111111111111101111111111111101111110110111111111110111011111111111011111101101011111111101
111101011111101111111110001011011111101111011010011111111110111000111100111111111111011111111111100111101111111110101010101001011011011111111001011111
111101010111111111110110100010110100000111110110001110111100110101111111111110110111111011110011111111011011011111111011111011001110101111111111101101
111110011111110011110101111111011100111111111111001111100110111100111001001101111011111011101100111011111111011101101011100111011111110101011101101110
011011110111111111110011111011110001111110111111110001011111111101111110011110111110110111111111011110011111001010111101111100110111111111111110111010
111110101110110111111011111011011111011110101111110001001000010000111011110111111111101110111110011110111010101111011110101110111100111111110101010111
101101001101011101111111101011111111010111110101110001111111101111111100111101101111010010101111011101101100101101111101011111111111111001101111111111
001011011111001101111101100011001011011010111111011110111111110101111001111111111111110111111111011110111001111110011110011100111111111011111001101011
111101110111111110111101100011101101110111111111110011010011011111001111111111001101111111110111101110111011010111110101001011010110111111111110111001
101111100111110111111101111101001111110101110111101011101010101111110000111101100111110101111111000111111100001110110111001101111111001110110000111111
111111110001111110111001111111011111001100110111101111010101110111111111011011111111111011101011111111101001010111111110101011011110011011111011100011
011011001001111111111100111111100111101110001101111011001011111110110111011111001011110101111101111101101011011110111011100000011110110001111101110111
111111011011010101111100111110100001111111110111011011110101101111010100110111111001011111111111110001111111111110111000111111111001111111011011011101
110101111011101111110111010011100110011011110100001011101110111111101100111011110111110001111001111110001100100101010111010001100111111001111111110011
011011011111111011010111111111110101101111111011111011011111001111101111111110100101011010111111111111111111001111111011111001011111111011110101111010
111111011111010101010110110110111001111111101011111101101101001011111011001110111111111110101010011011111101011111111111111110110001111011111111111111
111000111111111110100100111110011101001011101111011010110111110111001010011011111111110111111111111101111011111110001101110011101111111111111110101101
111111001110101111101110111111100111111010110110111011111111101011111111100111111111010001111111110111010011101110010011101111111011011111011111100111
111010111111111011111001001101010111100111111010000010111111111101111011111111111010101110101101101111011111001111011110111110011011111111111010111111
011011110110010101111101111111110111011110111110101011111011111110110111111101111111001111100011110100111110001011011011111110011110110110111111110111
011111111110011111011110111011101111101111101111111111011101110111010001101110101010110001011011101111101000111111011111101010111111101111101111011111
101101101110101110011111100111011111111001111111111111011110010111101111111101111011000011101100011111111100111110110111111011111110110111110001011010
001000011111111110011011110111011111111111010111111111101001111110010010111111111110111011010101011101101110111111011110110111100110111111111110111101
100111011110111101111111011111101100111111101111101010101111100101010011010111101011110111011111110101011010110111011100111110011011111011111110111111
101111111111000101111110111111111110111011101110101100101100111111011101101100101111111011111111011101111111011111011110101111011110111001010010001101
011110101111111111110110111111111101110111111110110101101100110111110110101100101011101111101101110011011111111011110111101011111111110111001110111101
010111110111010011111010001110111010011111101111100111110011100111111011010111001011111011111111011011111000111111110001010010001101111111111111111110
110111011101111111011101011101111111110111010001101111111111101011011100101110111110101010111110111101110001011111111101101001001011111111100111100101
111011101111101011111011011111111010011111111111111011111101111011111011010011001011111011001011101011110111011111111111100111111110110111111011111011
110100011011001001110101011100111111110010100111111111110110110111111111110011111111011110011010011111111101011111110011111011111111111110011110111111
111111111011110111111111111100101101011111111111101101101111111110101100111101111111111110110111110001111111111011011110011110110111111111110111111111
011110111011011111011001111000110111011100011111010111111111001111011100101110011011110001111111110110111111011011011111011011111011111111111101100111
011100111110101011111101111011111111111011111111111111011011111111111111010110011010011000111010001011011011111101011010011111011110011101111100111111
111110011001100100011111111011101111111010111111111101001011011111011000010111100100011011010110111001111101111011011110111111001111010111010011011010
011111010111111111100111111111111101110011101011011111101110011111111111111111100110001111100111110111111110110111111100111111001011011011110111110011
101111010111110110111101101011101011011101111111101111111001111101001010010110011001010101111010100100000111010111010100001110110111011110101101111111
101011011111111100111111111110111011011011001011111111011101011111111111111111101001100101001011101111001011101111001111100111111011111011111011011011
101111011101111111001111101110111110001011111011110111111111111101010111101111000110010111110111110101111111111011001110111101111111111110111110111111
101000101111110111101101011110111111111110110110111101111101011010101111111011000010011111111011111110111011111110101111101111111101011101110111110100
011110101111110111111111101110001111111010111111111011111111111100101110101111110101101111000110111111111110011011111111101110011111011111111111110011
111010111111111101010000001111110111111101101111110100101010110011001011111110111000110111011111110111110011010101111001101110110110011000111111111101
101101110011110111111111001101001111111110111011001101110110011011000101000110001111111011111110111111110111111111101010101111111111111110101110011011
110111011110110111111101110111100111101111000101111111101010111011011111111110011001111101111111111111111101101111001011011111111111111111111111110001
010001111110011111011001111110111000011001111111111001111111001101111111101001011111111110111101111110001010011111101111110111101011000111110010111111
101110111011110100111111000011011111111111110011111111111111111111010011110011101101100111011111111011111100101101111111111111111111000111111101101111
111111010101011001111111111011111101111010110111101101110111101100101110110111110101101111101011101010111110111011110111110011111111111011001101100011
111111101011110110111111111111000111111101011011011111011111111110110111111101100110101111110110111101111111111100110101111111111101110111110111110001
111111111111000011101100111111100001110001001111011111110110101110011111110011011001011111101011001111101011110101111111111111101010011111111101111110
110111110001111011011101001111111111110111101011101111111010111101100110111111111111111110111100100011001101111100111111000111010111110101011111111111
011101100001111111100110010110111111110011111101101011111111101111101111101011001011101011110100111011011101011111010100111111110101111111101111110110
111100101111111111011111110010110111111001111111110000101111101111100101011011011111111111111011011100110110111011011100110111011011010111001101001111
101111111101101111111110111110110111011111100010111111001111111101011111110111011001111111101001101111110101111011001110111111011111111100011110010111
111110111101111111111011101011111111111011010000111111101101111010111010111100110010110111111101110110111100001110000101111111001101110110011101100111
010111110110111111010001111110101101010110111111101111111101101111111110010101001111111111001100111011100101111011101111101011011011101111101111110111
111110101111111110111101111011000111010111110111111101111001110110110001101101101010111111110111011101100101001111111111101111000101101111110111011011
111111111110010111011111011111011001110101111111110010011110111110111111111110111011011110101111010110011011111110111111110011111100011101111011111011
100011001111101111110111011111111111101101101111010111111110111001111010111111011001111110111100111110011110111110111011111011111111110101111011111101
111100110111101111111111101011100111111110110110111101110010111111010111111111111001111110111001111001101011111000111111110111100111111101111110101111
111101011111111110101111111111001111111111111111111111111111111011111111100111111011110011111111001001110101011111110111111011111111100110111101111010
011011101011111101011111111110001101010111111111011010010011110011011011001111011101010110111011111110101010111011111001100111110111111111111100111111
111111111110111111111100010111110101111111011111111100100110101111001111001011101111111101011100100001110101101011111101111011111100001101111011011001
111011111001100001111111111010110110101111011011111001101110111110000011011111110111101110001111010111011010101111011100110111011110111011110011111111
110010110111111111011111111111001101011110110111000111000011001100111101100010111011100110111110110101110111011001101111101111011111011111101111110001
111111111011011110110111111001111110111001101011110001101110011000111111111111111101111101011111110101111100101100110101101110001010011111111101111101
011110110101111110111001110111101111111101111101111111010110111111111011111111110011110111111011111111111111110111110010011100100010111011111111111100
111111011110011101111111110111101101110111111111110111111111111110111110111100101110101111101111001011101001011011101111111010101101010101111110101001
001110101111001011111000100110000011011111010111101101111110111111111111111111011111110111010001111111101111001101111100100100110111111100111110110111
111111011111000111111101110111011110111110111110110110101001110011101111111111111111011111110101110110001111101110101011110110011111110111111111111001
011111111101110101111111111011111011111111111101111010111110110000010001111100001000111101111110000111111110111111011111111110111010111111111111011101
111110000111011011111110101001011010010111000110101111111111110111111111111111111100011000111111100011111111011010101111111010111100111111111111101110
111111110110010111011101111110111111110111111011111111001110111011101110011011111011111111100110110111110111100111110101101111111110101111011001110101
111101010110111110111010011011111111111011110110001111111001011010111111011011011111110001111111111111011011110110111011100111110111110111111011110111
101111110101111110011011101111110111110101111011110101011101110111111011001111110011110111110110010111111000101101110100000111101111110111011111111111
001111111011100101001111001110110010101100111010111010110101111101110001111101000010111011111110001111111110110101111100000101100111101111110111011111
111111011111111111111010111011011101111100101011111100001110111111111111011100011011111101111101111111111111110111111100010010111000110111001111111011
111100110111011110111101111101111011011111101110101011000011111011011100100111111001000011111101111001111011001101110000100111111111011111111011011110
111011101111110111100101111111110111111111110111101111111010110111110111010111111101111110101101011110101010111100111000000111011111110001010101100111
011110111001010011100010110011001111111101111010011111010010010111001110001010111111111111101111111010010101111011101111011010111111110101101110111011
011011111111111011110011111001110011111011011010110110101010011111111111101111111110111111111111111111111111110101111110111100111110011111111111111111
100100111110110011111110101010001001100011111111110010111011101100011011011101111011100111111111111111111111100000001111011000110111011111111011100011
010110001100000001110111011011101110110111111000001111010011011100111001001111000111101111111101000001111110001110111111110111011111111010001111101111
101110011100111111111111010010111111110111110011011111111110110111110111001111100111111110111011110101101111100011111100111111100001111110000100011100
111111110111111011110111100111011110111111011011110111011110101111110111111101111011110111111100111101101011110101111010111110100111011110111111111110
111111111111100111111001110111101110000110111110111111111101101001111011101110110101111110111011011011111111100111011111011111101011110111110110011110
011001111111111111110101100111111111110111101011111011111101101111111111011111111111011111110110110100111101111011101111011111101101110110101110101110
011111101101011111111110001111110010111110011111011011010011111110100101110111011111110111111011111110111100100111000111011101111110111010111011110101
100110100110111101011110111101111110110111111010111111100111111011111111111111000011000110011011011110111101001011111111101100110111011111101101111110
111111011010011110110110111011110011011011111101011111101111111111011111111111111111111110011111111001110101111111110110111111111111100111111000111110
111110111101011111101101111111111111111011010011101111111011111110101110110111101111111110010101010111010111111010111001010011111001100101010110110111
011111011010111101111111111110010010111110101011111100110010001111111001111111110101110111101111111111111110110111111111110111011110111000110111111100
110111101111111011001111111111101111010101111101101101111010111111111101111111011111010111111101101110001101111001111111110011111111110001111111111101
101111001110111011111011111111101110110110111111111111101111111110111111111011111010110011111111100111110111111101111111111111000100111010111100101010
111111101111001101101110110111100111011111111101101111111101111011111100111011101111111111101101000111111111111111110101010111001111110111011101111110
110111001111010111111011111111110111110100011111111101111111111111011110101111111011111011101110011011111111011111111111011011001101011111100011110111
110110111111010111111110110111110111111111111011111011101111011111101101101101100111011110110111111101111110111111111110110111101011110011100011011111
111111111000011011001111101110111101011110101110111110100101111101101101110111101101111110111111111110011100111111110011101110111110101111100011101110
111110011111111011011110111111111100011010101110101010101011011111101111111110011011111111001011010111110011101111110111110111101111001110011101110111
110111101110111101111101111111100111110011101011110111001111110101110000111011011110111010111111101111101011111001111111111011101001100110111110111111
001111101110111010101011011101111100111111011110111011111101111111001101111111101101111011111111001101111101111111011110101111101011111111110111000111
111111110001111111111111110111011011111111111111001110110111110011111101101110111111111111001111010111101111111011101111110110011101111110111011001111
111100110011011111110001100111101101101101011111111011110010111010111111101110110111001101100110100011111111011101110011110110111110110111101101010101
010111011111011111110111111111001001011111110111110110010110011111101111110111100101101001100111111100110101011010111111011010111111111110111111111010
001111011111011011100011111111001111100110101101011111011101110111110100101111111111010101110111111111011101000010010111111111101110111001111111110101
111111111001111111001111111101101101011101110111100111111111011111101111011111101111011111111010111111110111110111101111101111100001001010011011111010
