010101000100000000100110100000000001100000110010000000001000000000010000001001000000010010000001000010010011000001001110101000100010100000010110001100
100100000010100000000000101001000001000001100111000100010000100100000000000001101000000110010000000000000100010000100000000000001000110000000001000000
000010000000000100000001100000001100000000000011001000010001001000000001001000000100000000111100000000100000001100100011000000110011110100001000010000
110000010101000000011000100000100000000000101100000000110000100100100000000100000000000100100100000000110010000000100000000000000000100011000000000000
001000010000000000000000000010000100010001001000010000000000000001000000010000010000000001100011010000001000001000010100000100001110000000010110000011
100000101000001011000100000010010000100101000000000010010000001101000000010000010000001000011000110000000100101110000000000010010001000000001000001100
000001010100011000101001010110000101100011000000000101100000000000000000000011011000100110001001001000000100011000000001001100111011000000000000000000
000110101001001000101000010100100100110110000010001010000100011000100001000000010001000000100000010000000000000000000000001000011000001001010000100010
000001010001101000010000000100000000000101001000000110100000000000000011000000000010010000001011100100010100000000001010001100000000001110000000100100
100100100000010000001000000100001000000001010000000000001010010000000100000000000000100000000011010000100101010111010000101000000010101100000000000000
010000000001000010000000101000000000001000000000001110011100000000010010011101100000110000000000000000100001100101010000001001000100110010000000000011
000100011010010010100001000000000010110000001000000000010000000100000000100000000000000000100000110010000010000000010000010000001000110100100100001110
010000001000000111001001010000011000100000000010100100000010010000000000100010001000010100010000000000100000000000010010101000000011000100101000000000
000000100101000110000000001001010000100001101110001000000010000010001000010110000000000010110000000111110000100000010000100100101000010000000000001001
000001111000000010000000111001000100110000000000011000100000010000101000100110100000010100001000001100000010101001001000000010000100011000110010000010
001000000000110000000000000000100001000010101001100101110000100000101000010000000100000000010010000000000110100000000001110011001101000010100000100100
000001000011111001001000001000100000000101100000001000001000000100010000100000000001111111001000000100000010000000100000001000001000000100101000000010
000001000000100010010100011001000000001000001001000000001100100100010100000000100000001000000000000000000001000100001000000000001010000000000101110000
100000110001000000000000000000000010001101001000010000101010011001011100010010100000010000000000100010000001110000011000000001000001010001010001000000
000100001000000001000110100000000000010001100001000000001000010001000000001100111000100010001000011110101001001111011001000010000010000001000000001011
000100110100100010000000100000000001001000100100000000110000000001000101000011010000011000101100100010110000000001100001100011101010100011000001000100
100001000000000001010001100100100000000000001111101000000000001000011000001000010010001010000010010000010010101000000010000000001000000110110001000100
100000000000000000010000010000000001001000000000000001010001001100000111010111010000000100100000100000001010010010000000010001100010011000011000011010
001000100001100000000100000000010100010000100101000001010101000000001001000000000000101111000011110000100000010000000001100001000001000010000000000110
111100000010001000011100011001100000000000100000000000001000000000000110001000000001000010000000010000010000000000111000010100100000000110010000000100
000000110000101001000010100100101100000000000000101101000000001010100000010000000000010100000001100100000000010000000100100010000001001010100000001011
010000000010011011000000100110010000000001010000010001000010100000000001000010000000001100000000000000100011000101000100010100100000101010010010000101
000000111100000000000100011000001000000001000100010000000000100001000111000001001000000000001001010001001100000000001100010000110000000101100000101100
000011100000000000000000001000001010001000000110101000101010011010011000000000010100000010001000010010000011001101000101110010000010001100000100011000
010000000000011001000000100000000010000001001011000100100100000010100000111000000000000000101001110000000010000000001000000101000011001100001000000010
000100010000000110000100110000000010000100000001100000000000100111000000000000110000000101000000001011010000010000000001000000000100000000001110001100
000001000000110000000001001000000001100000000000000101100010100000000000000010000000010000010000000101000000000101110001111001010000000000010010011000
001000000100100000000000010110000100000001001000000000000000000111010010000010000001000010100001000101000011000010100001001011010101001010001000100000
001010110000001000000001010000001000000010010110000110000010000100000011000001000010000001100000001000111011000010010000101000001011001000000000000100
000000000001000000100000000011100000000001100000000010101000000100000000000000100100000001100000001010000010100001100000100000110010011100000001000100
110000100000000100001010000000010000001000000000100000010011000000101000010000101100111000101000010010000001100011000000100010000001010001001000000001
100001110001111000000000000000010000011010100000000111000010100100000011000000000010001000000001101001100010010001010000001010000010100000011010111000
000010010001001000010001000000000000100000101000001001000110000010000000101000000000000000100100000001100000000100001000000100100001000000011011100000
000000000010000001101010000010000001100001101000010100011100001110100001000000001000001011010000000001000000110000000110001000001101010000110010011011
000001011000000010100000000000100000000000001010011010100001100100100000000000010001000101000001000001000000010001000011000100010000001001010000101000
000000110000000100000000000000000100100000001010010010001001001001100001000011000111000100010010000010100001001010000000001010110000100001100000010000
010011101100010010110000001101001010001000100000100001100010010000000100000000010000100001000010010000010010000001000000000000000111000010001011000010
110100000000010110011001100000000010111001000000010000000000001000001000001000000101010001000111010001001000100000011010011000000101010000000000000100
100000000100000000000000001000000100000000000100000001000011000010011100000000010000010000000101001101000000000000001000000000000001100011001011000000
000110001001010101100100000001001000011110000001100000011101001010010010000000000001110000011011001000000001000100000000010100010100010000101000001000
010100000000010000001101000110000100000000010000000010011010100000000100100001001000000001100010010110001000010000100000010000101000000000100011100100
111000010000110000000100000011000100000110000000001001001000000010110000000001100000011001000000001000010010110110000000000000010010010010101100001001
011000000000000101010101000001100000000000001000001000110000000000000010001010001000000100100000111001011101000000100010010000011101000000000010001000
000000000000100100000100010010100001000001001000000001000000000110001001101000000001110000010000001000011000100001100000010110001000001001000000000010
000010000000001000100000001100000000001110100000001000011100100000000000101100000100000011000000000000001000000000000000110001000000101001000000000100
001000010010011010000100010010000000010100000011010000100000010000000010000010000100010001000000100001000000000000001101000010110110011100100100001100
010000101010100100000000010001010100101000000000000000011010100000010000000100000001000110000101000001000000001000110100010010000000100000000000110000
000001011010000000000000000000000110100110000100000000010000000001000100000101000001100001011000010000010000000010000100100111000110100010000001111011
000000100000000100000011011000010000110001010010100000000000101111100000000000000100000001000101010000100000010000000100000000000010000001100010000000
000100101000001100101000000011010010000101000001001000000010101010100001010011000000010000000000000001100011001000000001100010110000000010100100100000
011101000011000100001011000000000001001000001101010110001000101101000010000100000000000000100010101000000000100000000110100010010010110000010000010100
100000000110000011110000100010000010001010001110010100010010000001000010011101001001111000000100000100000100000010000000001000011010100000000010000000
000000010010000001000001000001000000011000001000010000000000000011100100010000101000000000011010001000100010011100100001100001000010100010110000000000
000000000100110000100000001010010101110001010100000100101000000010000100000001101000011000110010100000001010000011000110101001001000001110011000010000
001000000000000000000011000000000001000110011000000000000000100100000000011110101001010000010000010001101001000001101010100000100001000000100010000101
010100000000000101000000001100110000100100000100010101110001010110001010100000101101010000001100000101000000010000111000001101000000010010111000100000
000000010100101000110000000010000000000001000000001000000000101100001100001011000100100001100001000000000010010000000000000010001011010001000000000000
001001010000000000100110010010000000001010101000000001110000010100000100001000000001000000000000000000000101001101100100000100010000001000010100011010
010101000001000011000010000000101110101100000000100001010001111010110000100001000000001000010000001100010000000000010011000100011000011000100100011100
000000000000010000000000010011101000011000011010100001100110100100011000011100000010001010001100000100000011000010000001000001001000110011100001101010
000011000000000000111000000100101000000010000000000011011100000000111000000101000000010100000110000001000000000011001010100001010100000000100000101110
000100010000001100000000010001000001001110000010000001100100000101010000001010101100011000011110000000000000000000101101000001100010000010101000001010
100000000010000011100100000010001000000000011010000100000000000111100010010000000000000100010100011000000000000001100110001101000110010000000001100000
000000000000011100100101000010000001000000110000100000000000110011000000000001001100100000000100000100011000000001001010010100000000001010001001000000
000000000100000001101010100100000000000001010100000010000110011000000000001000000010000000011010001010010001000100000000100000101001010010010000001011
000000001010000000000010100100001100100000001001001000011000100000010001000000000000000010000011010101001000000000000001000000000000001000001100000001
001000011000000000001011001100000100101010000000100000100000000000000010001010000000000011010000000001100000100010000000000000000100001010000000000001
000000000001101010000000000001000000010000000100110000000000100100000000000010110010000001101011001001010000000010100000010001000000000101001110000010
000011000010010100100010010001000001000000000000000000101101000010010000000000000000000000010011011110000000010000011001000000011000000001000001000010
101000000010000000010100100001000000010000100001110000001001011010100101000000000000000000000010010111000110001000001000000000000000000110111000000010
000100000010011000010010000000000000000000000000010110011001000011000000000000000000001000000110011000001000100010000000000000000000100000010010100110
000000100000111000101010001000011000000010000001001000100001010000100001100001000010000000010000000000000000010100101010100100100000111011100100001100
110000100010000000001010000100000100000010000110000010101010010101001000000010000011000001100000000100001100101010000000010000000100010100000000001001
010000000010001001110000000000100011000000000010000000000111100000100000100000000000000100001100100000100010000001100000100001000011100100100110000011
000011110000000000011110000010100000000101010000000000000000000000000000100000000100010000000100100000000100010000100000000101000010000010000001010100
010000100000100000010000000100000001001000000101000000001111100000101000000000000000100101100000000000010000110001000001110000001101000100100111101000
001000000000000100000000000010000011000010100000011001000000110000101000000000010000010100110000000000001100010000000000100000000001010000100001000010
000000001000000000000100000000000100100010000000000000000000000010000100100011000000100001000010000000000000100010000000000101000011010100000100100110
000000010000000010000000100000001000000110101000100110001001101000000000000001000000110000100000010000000000000110010000110010000010000010110010000000
000000100110000010010001000000000001000001001000100010001000010000001000000000001011000100001010000000001100000100000000000100100101011001001000000001
100000001010101010101000010000010001000000111010101000101011100001100000000000010101000100111000000000000000000010000000000001001001010111011000000001
000001000000000011001101001000000001101000000010000000001010000110100000000100000000000010101100010100000001000000000010111000000000000000100000000100
010100100000101010000011011000100000000110000001000100000000000001010000000000101100110010000000110010000000110000000010001011000100100001011000000000
110000100000010010010101100010001000001000000000010100000000000010000011000000000000001100000000011000000000000001001000000011000010001010000100000000
000010000000000010000001000000100110001101100110011011000000010000000001100001001010000000100001000100000000000011111000000001000101000110100100011000
001110010001010000001010000001001111010000000101000000010010010000000000100001001101011001000001010010000010100100100000010010001000011000000000001100
011001000000110100000000000000010000001010001000100010000111000100110101010010000100010000001000110010111100010110000000100010000011001000011110000100
001001101000001010011000000111000001000000001000000010000100100010100100100000100000111000010000000010000000001000010110000001001000000000011000100001
001100000000000000001000000000000000010000110000000101001000100011111000000100110000001000000000000000000000101010100010000001111010110010000101000000
000010001100000100000101000000000000000011101100000000010110000001100110111100000010100000000001000100000100000010100000001010010000000000000001100100
100010101100000000000001010101001000100100111000000101000000010000000010110000000000000001100010000000000001000010000100110110010000000100000000111101
000001001001000000101011010001000000100000000001001000010010000000000000000000110000000100010000000100001000110011000100100111000001010111001000100101
000011010101000000010101100111000001000001100101000011000001000000010010011100000001001110110000001001000000001001110010100010110001101000000100000000
000000100000001000010000000000100110100000011011100000010100000100010100110100000000000010000000010100101110000110110010001001000011010001000100000000
000000001000011010010000010000011000000000010100000000001000100110001010011001000000001001000010101011100001000010000000001100000000101001000010000000
100000000001010000111000000010100011000010000100000000000000000000000100011000000000000100111000000100000100110000000011010010100000100000001000001000
000000000000010000000000000100111000111100110001001100100001100001000011101000000000000000000000010100100000010010000000000000110111000000000000100010
001100000110110000011001001000000100110010000000000001100101000000000001000000100000000000010000001101001001000001000100000000100000110000000110110000
100100001000010000001100100000100100000001000011100010000000000100001100100000001000000000010000000000001100011101000000000000000000000000100000011000
000010000000000000010010000100000100000000100101110000000011000000001010000101000100100000010000101000110000000000010100000000010000010110000100100110
010001101100000100000000000100000000000000000001000000001000001000000000001001010100100000010010001010010000000000000000001001000100001000001000000000
100100000001001110000110001011001110100001000010000000100110010010000000001000100000000000100000001000000000000000000100000000000000000000000000010000
100000000110000001110000001010001101000010001001000000100001001010000100000000000000001000000001000100100000010100001000100110010010010000111000000010
000001000010011100100100000000000011001000100010100000010000000000000001000101001010000100100100100010000000001110001010111000000010000000010000011100
010000100100000000100011010000100000101100000110000001000100110000000000010010011100000100010000100011010001000100000001100100100010001110100000000100
001011100000001000010100000010000000000010000000000100100100001000000000001001000000000000001100010000010000100100000100001011000000000010000001000000
001001000110000001010000001010010000010000001010000000000100001000000100000010000001100000110000001000010001111000000001011000000000011111000010000000
000001000100000000010010000000001101000010000010000010001010000011000001100101000011010001010111101101000000100000001000010100000011100101010000101110
100000000110001000011000001010010011100101000000100000000011001001011000000000101000000011000000110000110000000000000000000000101100100000101100100000
011100000000000010001000100000011010000000000101100100000101101000110000100010110000000001100110011000000000000000010000100100100010000100000000110101
000010000111110000110000100000010100100000100000000100000000100100000000010000000001000001001000011000001000000000101000000010000000000011100000000010
100000001000001001110000100101000000010000110000001000000001100001101000011010000000000011000000000000000001100010010000000000011000000110010000101111
100010000000000000000000011110000000001000000000001111010010001000110000000000000000000000001001100000101010001000000001000000000100010000000110100001
101000001000100000000100000000000000001100100001000000010011000101011000000010000000001100001100011010000000100000000000000000000010100000010001000000
001000100000000100011001000010111000000100000000001000100100000110100010010000001000000000000000000010000000010100000100000000010010000100000110001000
100000000100110100001001010010010111000000000000010010110111000001000100000010101101001000010001110000000001110000100000000100000000111110000000000000
000000000001000100000010101110010000000000101101110100000000000000001000100001001001001000100001000010000000100110000000000100001000001000000100010100
100000111110100010000000000000011100101010100000000000001010100000010000000000000000001100000010001100000100101100000000000001010001100100000000000001
000010101000010000000000101001000000010100001000100010000000101100011000000010010010100000000001100100000001010010100000110000111001000000010000000001
000001000000001100011000010010001001100010000000101110110000010000000000000000000001000110110011110010000001001000010000000000011100000101000011100000
000000000010000100101011000001011000000000000000010010000110100011110000100000110010010111001100101000000100001000000000001000100100100111010010101100
101000100000010000001010101100000010010010000100001000100001000000100100000010000000100000000100010011100000010001100000000101010000100010010010110000
001001110000000000000000000100011010000110001011001000111000001101000000010000000000000000000111010001001001000000001001001110100000001100001000000000
010010110001010111001100000000000100001000000101100000001010010110000100010000001000010000101100000000000000000001001000010110000000000000011001010110
000010000010001100000000000000101000001001101001001010000000000001010001000001001000100101000000000001000100000001000100000011000001100111000000010100
101010100100100001011010000011000110100001000010001011011100010000110000000000110011000010010100001001000001110010100011000000000000010000001100100000
001001100000100100100001010001001101011001110001000000000001010000000100000000101110110001010000111001000000000010000000001100000100000100001010001010
111100000111000000001000001000000000100010010000010110011100000010000000000110100000000100000100010110100000000011000010101001100100000100000101100001
011000000011011000100010000000000011001000101010001000010000110110010100000011000110110000100100101000101001000100000100100000000010000000000001000000
000000011100001000000010011011001110000100000000111000000010001100001011000010000000100010110000010100000100010100000000110000010000000111101010000001
001000001101100010000100100111000010000000000000001000000010000000000000101001101010010001000001100000001000010110101001101011010101101000000000001110
000100001010000100001101111000001000000001010010000010100110100010101101001010010001010011000100100000001000011100011000100001100100001000000000011000
000100010000000000111000000100000001000110010000110001000000010010000000110010000000110100000000101100000000000110010000000011000100001000010000010001
000000000001101110000100010100000000001010001110001001100101100111100000001010101101001001000000000000010001010001010000000000000000001000001100111010
100010010000001000100110101000010000111100000000000000010110101000000100001100000001010100011000000000000001100010001010000101101000000001000000000100
001001000000100010000010000001101001110001011010000000000010100000101010101000000000110100011000100010000101000001000000000000011011001000100100000111
100010000001000001000000000010100000000000000010001000100000001100000010100010101010000011010100011000101000000001000101010000000010100000101001000000
100010000000001000000000001000110000111001010101000001001001000000000000100100101001000000010000000100100000000100000101000011100001001000000000000101
010000000000000001101100000000000010010001010100000010000000000010011000010000011100000000000110000000000000001000000010000010001000110000000100000000
000000011000000101000000000100001000110100000100000110100000100011010000000100001010000000001011100001101000000011101100000011100010100000100000000100
001000000000000001000010000010010000101010000000000110010010001100000000000000010000000001000001000000110010100000100000010000101100000011100000000100
100001000001010000010010010110110000101100001011001010000000001111100100000011001000000001100001000010010000100010001001000001000001000110100000000001
100001001001000100001101101100100110000000100100011000010001000101000000000110010010001000110011100000001000110010101000010001001100000100011010110000
000010010011001010010011010001000000001001000000100010000000001011100100111100100110000000000000000001001001000010011000000000001001000100101000000000
000010000010010000010000011000000001001000000010000010000001000000000111000001100000110000001001100000000000000000101100001100000000101001001010001000
