00011111110011100110011101111101100010011111011000111111111010110001101001101100
00000001110101000110010110111011100110000011011110010001110001010101001011011011
00001000001101011110110100110000001100111110100001100010001010011110011110111011
10001100100101010010011000010001100010011000100011000011111000100111001001111001
10110100100001011101100011000110001101011001010000110001110101101011110011010101
10011010111100001010011011001011011000100011011010110011101000000110011100010001
10000101101010111110111011011101100101100010110000111000111111101110010100111100
11000010111110010010111000110001100000011110111001100101001011111111001010001111
11011111001010101101111000010110100100010110011011010101010110000101101001111101
11000101001101111111000110001111011110110111000001001110001000111000101010110100
00100111110101100110010100000010000110001100110101011101110010100110100000110000
01110101011001001101011000011010111110010110001111110111101100110000001101101110
10000011100000111011001111011011010100000010110111101000001111000100001101011010
11111000011100001110001000110010100101111110110101111011100010010110000111101011
10000010111010010110100001110101110011100010111000110110110001110001100001111010
00111011010010100100011111001010000000011010011100111001111010010000011010101000
00101110110111000110110110111001001011100100111010101000001100101110111010000010
11101010111101111010100001010111001011010011110110110011010001100100010011101100
11110111011011101101010000100001010101111111100100111010100011110101001010001100
00001000110110000010011000101011010101101110101100010110000001011011110111010101
00101011100000101100011000100110011101000100011110010110011001100101011110000001
11110111101100011011100101110001100011110000011001001001000110011010110010011010
10010111100111010001100111010111101010010011111100111101100011101011011001010011
11100000011010011000011001110110011110010110001010011011001011111111101111001011
01001110010010011000001001010111001101010001001101010100011001101101110101100011
10001110000010110100011110101100110101100000001101011010110110011010011011101011
11100001000001101011110101011010000000111001000000101010111111000000100110011100
11110011100111101100011110101000011001110110100000001000101000100000110001001101
11000110010110011001000001110001110101001101011010010001001001010000000010101010
10001010110000100100101111000001100010000000010110111110100101111101100101001010
01001100111111010101101110100001101001000100101011101001111110110000011100000101
11010111010010101111011010001110111011010001101010010111011001111100100001001100
11010011100101100000011001001111011111101101101000010110010110110000001111011101
00000100010110100011100101011001100110111010110000010011101011011001011011001010
00101100010100001100101110010011100001011010110001110111001010110010011001111101
01101010111111000011100111001000110000100000000001000100000010110010110000011010
11010000011100101100011100000101110001100100100010100011000001000111010110101111
00001010000001101111110011011011101010010011011010101100011100011111000100101011
00100110010001101011010001110000110110001011010011110001001111000011100010010000
10111001110101010110011110110001011001000000000110111011011001101011001011011111
10111001001001010011000000101000111000100100010110100011011101111101111110000010
10100001111101001011100100011010100010001010110000100010111101100010100111010000
11100111110111110111001100010000011001100101110011000100011100001000111001000001
11001100010000000110001010101001100001100010101011110100010111001110110101100101
00110011001011101111001000010011111010000111010001011100011011000001111001110001
11001111101011111100111000001100011001101110101110111111011010000000111111011100
11000101100100111001111111001011100001000001010101011110101100101101100001101001
01000000001111010111101011000100000000011000011011101000111000011111001010101001
01010100100110001100100100001111000011111011010100111010100111110001110110100010
00110001111111000000010011000010001100100011101100010010111110110001010101110100
10101111000111111110001000100110001011111101010110000100000011011000000011110101
11001110101101110111101111001101111000110001111011000011010010101101011011111101
10000010011011011010011101110110000001010000111110000110000001001000001001110111
10000001111100100001101010000101101101000011111000101010111011110110110011100000
10110100010101100111100101100101111010011100011011011100111111111010010101001110
11011101101101010100011100001011011010111000010000010000011110000111111010001000
11011110001101110010001001110110010000000100001111000110010001000100101100000100
11011010101000110100100011100011100001011111110101010111100100100010110101101000
10110111010110011000100110111011011001111110111101000111000010101010010011001110
00001010100110001000010001100110100001101111001011000011010011101110111101111000
10100011101011010010011101100010111100100001110011110111001101101110000001101001
01001011000010100111101110101101010010111101100010101110100110101111000111100011
10011011011100101110101110010111101100011100001011010110011111001100110000011010
11100001010101110011010101001111111101001000000111100110000000000001111010111011
00101011010000001001011111000101010001011011001100111010001111100111001011111000
01110111101011001110100110000101000011001001001100010101100111101010110011110100
00111111001001001001011101000000001111110101000100000111011111001100000001000100
11011001100000100011101110000100010011111000101111010001000001011000000101110010
10001000111000101001010110110101000100101111111010000101110100110100011101101101
00101110000000011101111011010010011110001011110011010111011100110100101100001010
11110101110110011010101101000010111000011010110100011001100100011000110011000110
00100110000111000001100110100110100011001101010011000010110101000001110011101001
01101001010001011111110101101000110010111100010110110101001001011100001100011111
11011000100111100101001111010101111000010111111001111110011111001111101100110001
10110010111101110100000011001000001011000001101111111100010111011101100101000101
01111110111010100001011000100000101100110100110001111000000100111101000011000010
11110011100111110110010101111101111111010000011100010011011110111000110110000111
10001011110100000111000000110011101010010001010001111010101000000110101010101000
01100001000111101000011111001100010111011000000010001010001001110001011010011001
01111101100001000001101111010010101011010011101100111000000011010000100111101010
