000000000001100000000011100000010001110100110010000000000000
001000100000100100001010000100100000000010001110100100100100
010100000010000000010001000001001001110001000000010000100000
001001000000000000001010100000001010100110000000010110010000
000000110010000010000111001100000100000000000101001000010010
000100010000001000001101100001000111100100000001000001011100
010010000001000000100100000010100010100110011000001000110000
000011000000010001010010110100001000000000000000110101001111
000000000000101000100101000010101000000000000001010010000000
000000000000010010001000001001010101010000000000000010001010
001010000000000000000011000001111001110010110010000000000101
100000100000011100101010010000000100000000110010000001000000
110000001000000000001111000000010110000100100000100001000110
000000010101000111001000000010000000001000001000010111010000
000001001001000010100000000001100001100011010011111000100111
010000000001010010000010000010000101000000000001000001000101
000010000100011101000100001100010001000010001010011010001100
000000010000010010001100000000001000101000011010110000001000
000000101001001000010010010000001001001000000010011000010010
001000010000000000100000000100000000110101000001100001010010
010101000101110001000000000010100000110010110001100000000000
000011101000100011000011100010000011000100011100010000000001
110110010011100100100100000000100000000001000000110010100000
101011001010100000000100000000000000000000010011010000010010
100101010000000000000100000010101000000000000000000000100000
000000010001000000100000001100000001110000000000001001110100
000010000100000010000000010000100001100100010100001000001001
010010010000000010010000010000010000000010000010000000000000
000000101000010100001100100001010001001001000000001000000011
001001000110001000000000000010000000000001000000000000000001
010000101010001000001010101000000000000001000000100000101000
100000000110100010000000000110000100000100100000001000000100
001100011010000001100000100000000010001000001011000000001000
000011000101100100000000000000010000000001010100000000000000
000101100000100000000100000000001001010000110000110010000100
101001000110001110100100011010000010100000000101001110001001
101101100010001001011000011000000001001000000011100010010011
101000000110000000011000010000000010000010011101100001010000
000000000000010001100000000010001000100001110100000010000001
100101100000100000010100001000010000000000000111010001000100
010100100010001010001000000100000000010001000100110001001000
001000000000001000010010000011100100001010000000001000110100
100000000011100000001000000000010010001000000000101010000001
100000100011001001001101001000000110011000000000110000000101
010000100000010011000100000000001000010000000000100000000010
010010000000000000000100001000000101011110000010000000000000
110000000011001011100001000100001000100100000101000000100000
000011001000001100011001000000001001110100000010000100000000
010000010000101001011010000000100010110010111000010100100000
001100011000011011100111000000000010000110010000100000010010
000010100000001010100000011010010001000001100000000010101000
010100010000010000000000000000000001000000000001100001100000
000100001100010010000010000000000011101000100000001000001001
000001010001110100010000010000000000010110000000000100001000
011000100000001000000010110000100000000001000010101100000010
000111100000010000110001010000000000110001000000010000000100
000001010100000011000000001000101001000010000000001011000101
010001010010101110000000010000010010000101010000000000011000
000010010100101000110001000010000000100000001000010000100000
000000010010001100000100001011000001101000110000000010001000
