01111101111011111111111111110101110111110111110111110111011110100100111111100011
10111111111010001110111011111101111101111110011011111011110111110111111101111111
11010111110111111111011100001111001101101111111011011111011011111111011110111011
11100111011111110011101001101101111111011111111011101111111011111101001111101000
11000011111111101111100111100110110111111111101111111110110111010111101100110011
11110011011101111001101111111111110001111001010110111101000001011101111110001111
01111101100100110110101011111110010101010111111010101101011101100110111001101111
11111110101111110111111010111110110011110001111001111011110100010000001110100010
11101011011110111111101010111011111111111111111111111111110101001111100111011101
11111100101111111110111100111110111000010101010111011010111111011011110100010011
11011101110011111011111111110101010111101111011111111111010001111111111101111111
00111111110010110111101111110101100011111110110111111111111111111111101111110111
11111001111101111111111110110110011111111111010101111111111111111010111011010101
10111101011010010110111110101011100011111001100111101110111111111111111111111110
10111111111110011110111110101010110111100110100111111110011011101111011111110101
10110111111111100111111111111101101111111101111011111111110101111011111011101110
11101100111010100111111110101011011011110111011101101111110110111111101101011111
11101011110111111010111011110110110011101110101111001111010010111110100111111111
11111011111111111101111110111111111111111111111111101110011111100111100011101001
10111101101110011010001111101001111010001011111111111110011111110101110100111101
11011111111111111110011110010110111111000101110100111111110111111111111111111111
11100001011011111110100101111001111100111111011011011111100101101101110111111100
11110111111111111111100111110111110111110110101011111111011101011101001101001111
10101100011111111011111000111110111010111110010111000101101111111110111111100111
11001111101111111111101001111010111111111101101111111001011110111111111110101100
11011110001100010101011010101001111111111111101101011001111111111010100110111010
11011111111111111111011111011111011000111111001111111001111100001011111111101111
11000111111110010110111110101111111111110111111101111111111011111010111011101111
01110111110001111011010111110101010110000111100111110110011111111101111011001101
11111111011110010110101100111011111110111011110011101110011111111111011110111110
00101111110011101110101110110100101111101111110101111111110111000111100111100111
11110100101101011011011001111100011111111111001001111111101101111111111010000011
11011101110101110111111111010110011111111101111100111111011111111000011011111111
11011111111010101111111111111101101011011110111110111100011001111101011111111111
01110000110010011011110111110111110110110111111101110111111011111011100101011111
11111010101010110010111011011111101011111111011011111111111011011111111011111110
10011001101111111111101111011111111100000111001100110111111111011111101011100111
11111111101111111110101011010011110100111111110100111111010111110011111111001011
11101101101111111110011111110111101101011101111111101011111101001100111011111110
11011111110111011010011111110101111101101110101101110101101110001111001010100110
01111100101111010111010111100111110101110111011110111010100110111111111111000111
11111010111110111110111111111011111111111010111011101111111101011001100111110111
11111010101110101111011101111111011111011101101111111111111101011011011010110111
10111111111011011011110011111111101111101010011111110101111111100111001100111111
10111011100101110111101011011110111001110110011010111011111111111011001111111111
11110111111110011011110100010110111101101101101111111110011111101110101111101111
01111011101000011111011011110001111110111111110111110010111011111111101101101010
10001100111111101111100111111010111011111011011011101010111101111011011010110001
11111110111101110111011110101100010100101111111101111111111011001111111110100011
11111001111111111111011111111111001100110111011110111110111000101100111011010110
11011111101111111011101010111111111111111111111111011111101110111000011111011001
11101101111110110001111011111011111111011011111011100010111001111110111101011111
01111111111111111111111011110111110101101110110111100111111100101111011110101111
10111110101111111111111100011111111111010111010011101011111111101110111111111011
11111001111111111111111000011111101111101110111111111101111111101111101111101011
11110111101110011100111111110011101111110111100010101110100101111011110100011011
01011001110111011000110101110011001110111111101111111111010110111011111011111011
11111011111111111111101011111110111111100111111111011110100100011111101101001111
10110010010111100011001111111101111110110111111111111110000100110100111001101010
11001011110111011011111111101111100011111111110100101111111011111111001011111010
11111000010111101111100111011110101111011001111010100110100101101111110111111110
01111110111111110011111101011111111111100111111110010111000110001111111111111001
11110010001111111111110111011101111001001001111101111111101110011001110111111001
01111101011111011101101111011101111111001110101100110001111100100111111011100011
00110100111111111100111111111101111110111110111111111111110111100111110111111101
11111110101101101111111110001111010110111001011011011110011111011011100010111011
01101010111111111110100111110111001111011011111110011111110111011100101101101111
01111100111101111011111010101111011111011111101110001011110111111100111111111011
11001110111111011111110111111011001111101100011011010111111011111111010111111111
11100110011011110001110110111101110101101010000111111101101011111001101111111110
11111111001111111000101110111101110111111011111111111110111101010011010111111111
11111101111101101101111111100110011001001101111010111111010011101011111001101101
10110101100111110110110111111111110111111110110111101110100111111101111000111101
11010010101111111110111100111010111111101100111001110110111111111011111100111010
11111011001101110111110111110110110110110111111110001110101111111111111111010110
01101000111111101101110001000100111100100111100101110101100111101101111011100010
01110110101001011111111011111100111101100001111000111111111111101111111111000111
01000110101111111101111110111110111110111111110001011000010010001010111110101011
11101111011101011100101101110111111111111111111011011111111110010111111001111100
11101110111110101111101100111011111011001111110110111111110001111111101110001100
