0100100011000101000000100000000100000100111001001110001110000000001000001110001000010111001100001011
1000000001000000100100001000100100000100000100001000000011010000000010010100101000100110101000000100
0000110010000101000010000000010000001000000100000100000001000110000100010001010000000010010110100110
0000101111000110001000000000000000010000000000000101100100000000001010110000110000010000101000000001
1011000110101010010110101010000000001000100110100100100010100001110000000000100001010010100010010001
0010000000000100000010010000000011000000100000100100010100011000000000000000101000000101000100000010
0001000000001000001000100010000110000110101010111000000011000100100000000000100001000000011001000011
0001100000000011000000000100111100001001000001000000001000000110010000000000010010100100001000000000
1011100000000000011101100000010010001010000011000010110010100010000010100000011111000010100100100000
1101000000100000000100010000010010111010000000000100011100000001010100101000000000000000011010001001
0000100001000001000001000000100000010000110001001101000100101010011001100000001000000001000110010100
0000000000000000001000000000100111000000000010000000010000000110000001000000000010000000000100100110
0000101000000011010010100010001000001100000000000000000000011101001100000000110100100001011000000000
1011010000000010100000100000001000001000011000010000000010000100010000000000001110000001001000000000
0001100100001101000110000000001001001010001001010010101111100010001100000100000000111000101110000100
1010000100101010011001100001001000000000100001000000100010000010000010010110000100000000000000100100
0100000000000100000000010100011110010001100110000010001000100100100011010001101000010010010000100100
0000100010001001000000000001001010100000000000000000100010000000100001100000010000001000000000000001
0001001010010001000100000000001000000000000000000100000000000001101110010000000010000000000010001000
0100100011000010001000000110110110000100100000001000011101001000000100001000100001000001000010011001
0010110000001010000001000000100001001001101000000100000100000110011000000000000000100101100000000001
0000000010100001000010001010000000000100101100000110001000100010110101010010100000001000000111000000
1000101010001101000000000001000000110100100010001010001111000001011110010000011111000011000110010010
0000010001000000100000000010000100000001000100000101100000000010010000000000000000001100000100000001
0100100000000000000001000100000010010000000100010110011000100000100010001001000000110001010100001000
0000000100000000100100001001100000010000000100010010110001110000100000000001000010000100000001011000
0000101000001000000101010001000000000000010000000000000101010001010100001000100010000000000000000111
0000000000000001010000100110000001000001000000000010001000000001010000001000000000001100100001000001
0100000100110000000110000100011010000000100000000000101010100110101000000101100000000010010000010101
0010000111000000100100000000100010000100101110100011100001001000000001010000100010000001010001101100
0000000100001111111000000000100100001001000010000000001000000101000001101011101000101110000000000001
1100001100010000100100010000001010000001000110000000000101010010100001101110000000000000110001010000
0000011011010000110100001000110101010011100011000010000000100000000000000011010010001000010101010000
0000010000010010000010000001000010001001000000001000000010000000001001000000010011000110010000100010
0000000001000000010000100000000000000010001000010000010110000101000011000010000010100000000010001000
0001000001100000100000101100000010000110000100000111010011101100000000001000000001010000000001110010
0010100111001110000010000000001001000000010010000000010100110000110000011010000010001000010001000000
1100001000001000000101100000010000010000000000010100100001000110000011010000101100010000001001000100
0000001011000010000000000000000010110000000100111000000000000001110000010101100001000010000101010000
0000000100000000100010010001001111000000011100111000000000010000001000100000000000010000100101001011
1000111000100001100111100000110010000000000101000001111000010001011000000000110101000000010000010010
1000000000100100000000000010000000001001000000000000000010100000011001001000111000101000001110000011
1000001000000110000011000000010000100001000000100100110110000001100000000101000001001010110101000100
0110100000000000100001011100010100010011100000000000010111001100001100010000000000000000000001000100
0000101010010000100000100000011110001000000001001010000010000100100000010001000011000001110011100010
1000000110100011000000000000000010000000100010000001000000010100010000010001110000001001000010001010
0000111000000000000000000000010000000011001000000000000111000000010011100011010100011010000100010001
0000001000000110000000001100000000100111000000000001110100110000010000010000000101000010001000000001
1100001000100000000100100000000001000011000010000010001010000100010000100000001001100001000001000000
1011110001100000001011011000000000010100001000000000000001011001001011001000000010000000010010000100
1000000010000010100001101101010010010000000010001001000000100001000010001000000101100010000101010000
0001000000100000000000010000010000010000100001010010000000000100000001000000010110100010100110000001
0001100010000011010000010100110000000100101000010000001010001010100000100000100010100001001000100000
0000010011010000000100001100000000111000101100010000000000000000000011000100110110010000000010010100
1000000101000010100101101001101000000000100000001000100000000000000001000000000100110010001100000001
1001010001100010000110100010000100101000001100110000000000010011000010000000000010100011010001010001
1100101010000111010000100000100001110000011110101000100000100000001110010101010010000010000000010000
0110001000000010000100100110010100010100000100100100000000101000000101001010000000010100100000010110
0000100010100010100001001100100010011000010000010010000011001000010100100010010100101000010000000100
0100010000001000000000000110000100001001100001010100000100000001100010000010100100100000001001010000
0000010000101000000100000000010000010000000100000100100001100010000000100000001000000011010000100100
0010001100011100100010000000101000110100000111001001000000000010000001011000111000000010000000000111
0010000110110011000011010000100100000100000000000000100100001100000100000001100000101010010010000000
0000100001001000001000100011001000100010101000000110000100010000100100000000100100110100001011010000
0000101000000000111001001100100100001010001010000000100000010001000000000011010110000000110000001001
0000100101100100000011110011000000001010110001111000000000100000000000001101000000000000010100110000
1001000000101010001010100000100001000001110100000100000010000000000000000010000000100011100000011001
0010000001001010001101100010000000000000000100000000000011100011000000000000000000000110001110000000
0101000010000001101000101000000000100100000000100110010110010000000000001011001000000000000000001000
0000000000110000110001000000011101100100010000100101011001000100000000011000000000010010100011100110
0001000011100000010000000000001100000001000000101000100000101000000000000110000000000110000100101000
0111000000000001101001100000010000001110000111010000000010000100000001001000000001000011001000001100
1000000001000000000100001011001100011000010000000110000001000100010011010010000100000001000100010100
1100000000000011000000000000100100000010001000000000010010000000010000100001100010000000000000000000
1000000000000001000001000000001110101000000000100000000001110000101010101000101100000000000100001100
0010000000000000100000001100101010000010001011100000000010000010110010000100100010000001010000001010
0101111000001000100101000010111000000110110001000000110000010111000000000111000000100000100010000100
0011000110001000010000100000000011000000110001100001010010100100100000000000001100000010010001001000
1100010010100100100000100000001000000100010000001000000000001100000010000010010000101110101100000000
0000000010001101000000100000000000000100100000110011011000110001100000001010010000100010000000000011
0000000110010100001000100110010011101000000010000101110110000000100000000101000000010100000000000001
0000101010000000000100100000000001010010101010011010000000000000000000010000000000001000000100000010
0100000100001010000010001000001000100000010000001011101100110011001000000000101100000010100001101001
1001100000000010100000001000000000010101000000100000011001000001000001000000000010001110000000011000
0000000000000010010001010001001010001000011001100000000000100010000000000000001001010000010000011010
1100010100000000000010010101001001000000000000000000000001000001000100100000001010010000101101101000
1110100010000000100000100000101001000010001000110011001110001110001101110000011100110000110010010000
1000010000101100000110101000010000000000000011001000100100001000001000011001000000000000101000000000
0101100010000010000010000001000100000001001010000001000001000000101001000000101000100111000000001100
0010001001001000100000001000110111001000101010000100000100101010110000000001010000001010000000000001
1101001101001110000000000000000000000100010000010000101000010001000100010000001000000101000101010101
1010010010110010000001111000000010000011011000100011001000000000010100101010001001000100001001010001
0010100001100010001101100000000000100000010011000101010000000011000101000000100000000010000000000100
0000001000000000000001000101010110011111001110001010000100010001000001000000010000100100001100110000
0010000010010001100000000000010001010000000010000000100000001000010001100000000000100100000001000110
0000100000100000000100100100100110010010100000100010010111010001011000001000000000011010001101000001
1000000001000000001100001100010000100001000001000000000000000000101010110011010000111100100000000110
0110000000110011100000000010110000000100001100000100010001101100000001011010100000000000101010101011
1010011000010000000000100010000001010001110011000000000001000100000001000001000101001000000000101101
1001101001000000010110010011101000000001010000110001001100000100101000000000000110100000011100010110
