0001001000010011001100100111001100001111010001111110111010100100000000
0010111011110111011110110011111101000011110100100101001111001100010100
0101100101010101110100101111011001000111000011110111010001010101010111
1010111011010010000111110111011010100110001001010001010001011110010110
0111010000000110111000000111010011110101101010110010010100111011001000
0101101000011000001101010011101001000011111111100111001000100101111000
1101010100000110000000010011111100101101101010010110011110010010101010
0010001001011111001101100101110010010101011100111111100010001011000101
0101000000000001001001001011111110000000001010011111100001011110011100
0111000100111010111011011001111010010110111101000001011000110000110011
0100000001011111101101010111110101110110000000010001110001110101101101
1111010101101001010111011100011100001110000110000001000010011011011001
0000010101110110000000101001101101110010001100100000011001010001011101
0110101100101000011001000000111100010100100100000101010111001001011000
1101101101101000010010010100000000100010111100000111100111110000000001
1110000110110000000000111000110011001100001001111111011001010000101010
0010100001100000011111101100100101110110010101011000001010111110101101
0110100001010110101100110101001101001101110101000010111000000110110111
1100110111100100110101011011001111001000001100010111100000101100100110
1111010100110000111011010001000110010000010110111111010101100100101010
0101000001010010100100111100111101100001111010010111000010110110000001
0001010111110100101100100111111001011010001110111010010110011010001111
1111000100001001110011011000011110110111011101011001010111001101110011
0101011001110011011110101001001010011000110001111010101010110001111111
0010000011011001101010110100011010100001000001101010010010011001111011
1011100100110010110011001001001010101111010101000100100000001101000011
1111111010100000001001000000001011110011010001111111000001011011101001
1111111111101000011101010100111101111101000100000000001110001101011110
0100011111101101100011000001000001001101011001001001100010110111101111
0111101111110101000011101001001100110101001100111010000010110110001011
1111011011011100011011111111010110010101101000111000101111110001101001
1100001010111100111110100001011010110001110001011110000001011101110100
0001100111000001001100111110001101000000100110110110110001100011101001
0110110000101001111011000011100010100111010100100010100110010000000000
0001101000101010100010101111010101000010011101111010000101110100010010
0000100101101100100101110011011100001000011010101010010110111001111001
1000001000010001011001010101100000010000100011000010011000111110011011
1011101101110101110000100101111001000010111101001110011001110100100110
1111010001111010100001100110000001100101011011110000100000111010111010
1110111100000000010010101111111101000010000001100101001110011111101101
0100111001000110010010010000001110001100011100111001010101011001010011
1100010101000010110110110110100101110110101111000101010011000001001011
0001111111001011001011100000111000110110110110011011001010111101000100
0100010101011110111101100101010011100100111000110101101000111010111100
0010111010010000000111000000000010011010011001001110111000011010100011
1011010001000001110000111110100100101111010010100001001111110101111011
1110110100001001000101011010011011110011100101010011100110000001110110
1011101110100001101111110010011110100010101100100011000101001001111100
1000000110000001100101111010111100110100101010000100010101001000001101
1110011110000111001110000110000110000101010110001010011101110011011101
1010111110000011011111011010010111111100001010110101001110001111101011
0111010111110111001110100010100000000001111101110010011110001111010010
1000000110100010011000010100101011000010000110100000001111110010101010
1011101001101101010101101000000010011100110010001101001000011000100111
1100011001001001110000010001001000001101001111000111110001111101110000
0100101000000110000101100001001001110001100001111111100011101001000111
1100001100010110100011111001111001010001011001100011100100101010000100
0111000010101111000100100010001110100100110001011100101100010000000100
1000110001100010101110010000111010111110001101000100101110010100011000
0011101011111011100011011010111101111111101111000100111001100100011011
0101100110010100101001101111000100011011101110011011011110000010101110
1111010010100000111110100101110100101101001001000011001000110001111001
0001101110010000110011000010110010001011000110000111100010001001001110
0010110100111100000000111111101110010001111001110111001100000110111010
0000011001100001111100111010101110010111000111110010111000001101010101
0111010011011100010000111001000100111010100101110101001000110101100001
0000111010111101100101011011111010011011010101011110100000111111000011
0111000110101000111001010001100100000101001100111100010111001010100001
0011001001000001011101111101110000101110110011100011110100011011001001
0010000101111010110011111110111010011001110011001110010100010100111110
