0110000000000000000100001000000000001000000000100000010000000000000100001011000011101010001000000000
1000000000100011100100000000000001000000010000100110100000110110000100001100011100010000000100111000
1000000001111011001001110000000000000001101100010000010100010001001100110101001001000010010100000001
0000001110110000101100000000000100110001001000101100010000000000010010101111000001101100001000101110
0000010000000000010000100010111100100011111000101100000000000000101000010101000101011100000001000010
0000100100100000000000000100101000001100100100000011110000101000110010110001000100000010110000000110
0001000000001000100011000010000110101010010001100010100011100001000010010000000000010011000100100000
0001010010110000000000010000001001000010000010001000100001100110100000010001000000000000110101000000
0001000100001001000000010010110000000001000100000000000000001000010110000110000000100100100001000000
0010000000000000100001001001000001100000010000000000100000100101001000110101100000000000100010001010
0111010100000000001000000111000110000000001110100000000010000010111100101010010000000000000001010010
0011000100000000010010000100100000000101100000100000000000010000000010100100011111111000000100000000
0010001010000101101101011001000000010011010010101100100000001000001000000100000000000101000000110000
0000000000001000000001000001000001000000000000000101100011010000000100000100000000010110001000000111
0110000000000000011100010000000011000001100000000000010001010000000010000000010010000100100110000001
0110000010001000001000001010001100100000010110101000010000000000011100000110001000010001000100011000
0101001001001000000001001010000001100100010000010010000100000001010001000000000000000010010000000110
0000100000010010000000000101100010011000100000000001000110001010000101100100001000000110010010100000
0011000000101011000100101010001011000000000000100000100000001100001000000000010100001010000100011000
1101000000001010001000010100000100000010000000011010000111010001000100101000110000000000001000000101
0000001000010000000001100110000000000000100010100000001000111100100101010000000001001000000010010000
0010001001001100100010101100000000001001000100100011000101000000100110100000100000101100100000000111
0010100000000000001011000001001100000100001010001000000010100010110000000000101010010010100000100000
0010000110001010000100001000000001010000001001001000000100001010011100011000110101000010001100101001
1000000001001001101001010000000001100010001000101000000001011000000010000010100010000001110101110100
0000010000110000010111000001000001000001000110000000100000100000100100001101000001001000011101000000
0000101010100001101010000000000000010000000010010010000000000011000010010001011000100000100000001000
0000000001101100010000100100110000010101101100000010100101011000111000110000000011001000000000001000
0000110010010000010000000001011000000000000001110000101000000000000000010100000001000010000110110000
0000100010000000000000000001101010011001000010100001000000000000010000001100000010001000011100000100
0000110100000001001000100000110001000000001011101000000001000100111001000000110100010010000000111000
0001101000100001000100100000000000000101000100001000010010000000000100110000110011110000000101000000
0000001000100010011000000000010000100000000000000100010100100000100010100001010000110000010010000000
0100000101000110101000011100001000100000000100110000100100111011010000000110000000000011000000100000
0001101001000001100000001000000011000111000000010000000000010111000000010000100011000000100000000000
0001000000001000010000010011010000000110001011000100110000010001001000100000000100001001111000001001
1000011000000000010001000000010000000010000101000000110010001100100000000100100010100001100001000100
0000010000010000100000100001000100110011000100000001100100100010010100000111001110010100010101100101
0000101100001000000100001000000000111101001010011010001000000110010001100000000010001010000000000010
0011100010011010000001000101010100100110100100000000000001000000011001000111000100000000100100010100
0010110000010010010010000001000000000001010010000000000100000000101100000000001001000101100000000010
0100101001001001100000000000000000000000100000010001110011101000110000010001000000001000000000000010
0011100000100000000000111001001000010010000100001000000000100000000000110010100110000000001100010100
0010010010100001000001000101000101001101001000000000000010010000101010000100100100100000100000110000
0000000100101001000010100110011000010010100000001010110100000011000001101000100001000100111001100000
0000001000000000000000010000101000011000000000100000000001010000010000001000100000110100001000000000
1101101000111001001011001000111001000000000001011001100001000010000100000000100101010000000101010000
0010000000000000100100000010100001100010010000100010010010010000000100010100100010100100001110110010
0001100100001001000100111000001100000010001010100100010000000101100100100000100010000100000010000000
0101100000001100000000000000000010010000000000001000000111001100000010001000000000000011000010110000
0100011000000000100101000011000000000010000010010000100101010001100100000001000001001100000000011000
0000010000000100010001000000010000000100010000100000010010000100110010000011000100010001010110010001
0100011101001100001000000101100001011100010010100010000100010101000100000000000001000001000000000000
1011010000000011000000000000000110011000010010011001000000000000000001001100000000001000011011000100
0000000000000000000010000000100000000010000000000000000100001000000101110100000010000110000010010001
0010000000000000110101010001000011000100100010000110101010010011110000000000000101000001100000001010
0000001000100100010100100000000100001000010100010101000100100100100101000000110000000010001010110000
0000001100000110000101001001001000000001010001100110000000001000000000000100000001001000100110010001
0100011101000000000010100100000011000100011000000000000010010100100000010100000011000100001010000010
0110000000010110000110001001000001110000000101010010100100100100101101001000011100101000000000000010
0000010010001000011010011001000001001000010000000100001001000000000010000001000000000000100000001100
0100000101000000001010000000001000101010000000001101100010110011000000000100011010010001000001101000
0100000100100000010000110010000001100110000010100000000100000100001000000000000010101001100000000001
0010001001000000100100000010000001110000000010001010100100000100100001000000000000110100001000000000
0000110100100000000011100101001010001000110100001011000110110001000010000000000000100110000000000000
0001010010100001100000110001011001000111010001000001000100000000000000000001100000101100110000010100
0010100001101001001000010001001000010001100100000000000000010010000000000100010000111000000000101000
1110000010100101010111010100000100000100100000111010101010010000000000110000001000000001011000100100
0001011010010010000001001010000010000000000100000101000000001000100000001100000001000001001010100100
0000000000000000110010000000001000000011000010000000011010010001000000010101010011110110000000000000
0011010001110000010101000001000110010010001010001000001000000000000100000001010000000100000001001001
0010111101000000000010010011100100100000011000010000001000100000000101000001100000101100000011010000
1101000000100000000100010100010000000000000011000100010000010000000010000011000111010001000000000001
0111100011011101010000000100110001001101000100010000011001100100001011000011000110001001001000000110
1001000010100001000000001000000001000101001000000001000000000000000000001100000001010000010101100001
1011110101000000000000000110000010000101010000000011000000001000010001111100000000110000000101001000
0000000001000000000101111000001100101000001111111000000010000000010000010000000011100011010100010011
0100000000110010001100010010001110000000000000000000000010010100001001100000000100100000100000100101
0110000000010001010000100010000000000100100000000000000000010100000100000000000000001100000000011001
0100110000010000001000010000001000010101001100100001000100010000000000001100010011100000001000000001
1000000000010010000000101001010100101110001000011000001000100110000001001100100100000000001010000000
1011100000010000000010010101100100100000100010100010100101100000000011001010100100000011000101010010
1001000010010000000001000010000110001000000101010000000000010011111001010001110100000001000001010000
0100101000010101000000100000001110000100000001100001000000000101001001001011000000000100010001001000
1001100000010000001011000101010000010010010000000010010001010010011000010100001000000010001001000000
0001100010001110010001000000000000000100100011011010001000100001110001110000001000010010000000100100
1010011000000100111000110000101001000010000000000100001010000000100001000000100001001101010001010010
0000001000001001000000001000000001011000100000000101100100000110000110001100100001100010101000001101
0000010111000010000001101010000000111001100110000000000101001010010000000000010000000001001011001010
0010010100000000110000001100010010010100000010000001010000000000010100000010100000010010000000011000
1001000000000100000100010100010000010000001011010000010010100001000110000100000110001001100000101011
0110001100010011001000011100110100000101001000110001000001000000000000000011100001000000000010010110
0000000001000010010010000000100010000000000000011101011011100000000010010000000010000000100100010000
0000100110100000000000001100000100001100000010100000010000000100000000110011000001111010100000000001
0101001000001000010000111000101001000100000110010100000010000100001110000010010000000100001000001100
0100000000101001001010001000101000000001001100110111001011000000010000010000101001100010010110000010
0101000001000001001000010011001000010000000000000010000100001100001000100001001000010001111000100000
0001010000000100100101001000010000001101001000000000010000001000010110000100010000000101000100100001
0001110001100100100001000000000000000010110000010000000100110000000000000100100001000010101100010000
0010000000000110000101010000000000010100000000000001001001000010000000101010111100000001001001000100
