01100001100011101000001010010000101000011100000010010000000100000011001010000100101001000000010010000000010000100100111010000000101011111111110011000101100011100001000111010110000000000000001000110000
10001000011100100000001000100000000000000000000000010010010001100001011000000100000101001100100000000000000110000001000000000010100000000101000010000000001000100000010100000010000001000100001001000000
10000100010100100010000010000000100011000000101100001001011011100000100000010000000000001000100010000000000001000001101100000011000000011001000000000100000000000010110000100001000000000000000000000001
00000100010110010000000101000000101001001001000001100000010000101000100010000000100001000101001000000000100000100000011010000000100101000000000101000010101100101000000000100010000000110000110100000101
01000000100000001111010000000010001000010100000000000001010000000100010000100010011111100100000010100000010100100101010000011000000000000000100000010010100010000100001000000100110001000100001000000110
00110001001010000100010000000100000100010010000010000000010100000110000001111110110010010001000001000000000000000000010100010101001100100100101000000010000000100010000000010000010000100001000100010000
00000000000100000100100000010010000000110000000010000110000000000101001010001001000000010000000000001000000010100010000001000011010001001001000000000010010000000000111000100010000000110010000010000000
10000100000000100000110100001000000100000001001000110001000001101000000011110001000010000001000010100000001010010000001101000001000000000000010000100000000000010100000101000100000000100100000001101010
10001000000010001001101000000010101111000000000000100100101001110000000000010001000011101000001000011110100000111000001000000010001010001000101010100000010001000000000000101100100001001000001101100100
01110000000100000100000000001011010000000011001010000010000100100000110000010000000000010100000001011010000101100011000000000110000000101000000010100111100000001010000000001000101000000000000010000001
01000100000000100000011000001001000010011100000010100100000000110000001010000001011000000010001001010000100010000000100001110011101010000101001100000000010000000100000000100100000000000100000011001100
01110010010010001000000010001001100011101011111111100001011011011101010000000000010010001001001110100010000001000000001100110000001010000000010000001010001100011011100000000101100100010000011010001000
10010100100100010000001001001100010000001111000000000100001001000000000010000000000000010011101010100101000001100000110100100000000001011101001000100110000100001111000000011100001100001000111000000000
10000000000000111010011110000000000000000010000000001000000000000110100101000010000000010000011100000000000000100100000000111001000110100000000010100010000100100101000000010100010000101000011100001001
11100001001001000000000000100010000110001000100001000110010100100001100010100000001000001010011100000001011000100100010100000010101100100000001100000011011010100100101000001000100000000000001000000000
00010000000011000000001001000001000000000000110101001000000000011100001000010001000001000000000011100001011011101011010000101010110000100001010011110011000100000000000010000011000100000000011000000000
10001000100101000000000010000000000010011000100011101110000000000100110110001110000001010100000001001000010001100000001011001101100101010010100000000000100000000000100001010000000000000000000000001011
00001110010000000000110000000010001000000000000000100010100001000010001010000000011001001000000100010011110100010000010101010000000000000000100111000000001001010000000001110000000000000100100001000000
00101000000001000001010001100101100000010001000100000110000100001010001000101010000110010000100000000100010101000010011001001000111000000000110011011010010010000000010010010000000110011000001000000010
00001000100000000010011010011011001100000010000000100101110010000000000000000000000001001010000010001000001000001000001000100001101100000001010001000000100001000000010100010000100100010000000001000100
00000011100000000100000000100101100000000001011010000000001000000011100000000001010001010000011010000000010001000100100000000000000111001001001000001000001000010110001101011010000000110001010000110010
00001101001001000111000000000000010000000000100100001001010100000000010011010000000000000101000000001111000000000100111000100000000100010010111100101000000010001010100010001000001000001100000000110000
11000000101011010001000000001000000100001000010000101001000010000000000000011001010000000100010110100110001110110011110000000011000000010001000100001000010010010000001011000000000111000001000000100000
00010001000001000000000000000100000011000100001100110010000000000001100110000010001100110010010100000001010000111000000111000000010010010001010000000001000010000010100110000100011000000111000000000001
10100000000101001001000000000001000100111010110001100110000011010001000000001111000000000010001000000010000001000000010000011101010100100100001100010000001001011011010001011001001101000101100000010000
00010000000010010010000000100000000000100010110100011010000000000101000100111101000010110101001001001010000110000010011000000000000001001110000000000101000001000000010000100000000001000000101111010001
01000000000000100010100001000000001000000000000000001010101010000000100100000101010010000001001000000101000000000110100000100000001001000000000100010001010010000000011010001000101000000111000000011001
10000010000000000001000000000111100001001000000111000110100000011000010101111001000100010000110011010001010000011000000000000100000010111000001000000010100000000010010001000111001010101011000100000101
00000001011110000001001000000000001000000000000000000100001000101000000000000000010000100010001001000100000000000000011000110001000001010000000100100100010001101000000000000000000001000000000000001010
00000100000010000010100100010010100000000000000010010000000001110010010001000100000101000000000000011010000000000010000100000110000001101000010011001010000100100000001100000000000000000000100101000100
00001010110000100101000000010101001010110000100110011001001000000000000011000000001000011000000100000000000001000000001001000011001011001001000010100001010100000000011001010000010000001010100000000001
00000000011100010011100010010010000000100000010000110001101100000100011000011000000000000111000000000000010110001001010000010101000001101110010010110000010000010000110100010000001001000010101001000110
10110000100100000010100000010100000000110000000010000000000100001000100100001001011101101000000001000000000010100000100000100000010000010011000000010000000010101000000000001010001010000000100000111000
00000000010010000000010000000000001000000011000100001000010010000010101100010000100100100000011000000010000000000000000000011100000000100011100000000100010110000000100000000000000001000010000001110000
10011000100000000101000000101010010001000000000010000000010000011111001000101000000100100110110101100000000000100000010000000000000010001000000000100000110000000010000000000000101000101000010100000100
00000101100000100001001010000000000010000100000100100000000010100000001001000100000001000001000010100101110000101001010000001000010100011001010000000000010010101010000000101000000000001000011010100000
00100000101100101000000100000010000100101001001000011001100100011000010101100010100001000010000010100000110000100000011110100000010000100000001010101000010010100100001010011010100000000000100000000100
00110000100100000000000100010000001000000001000001010110000010000101110001001111010111010000000000000000110000000101000100001011100000000000100010000010000000000000010001010000000000000110011101100000
00000010000100000000000011000011100010000000000110000100000000010001000010111001001011001100000010110000000000000001000100000001000100001010000001000000010000010000000000001000000100000000000000001000
10001110001000001010000010000010100000000010000100000001000000000000000000000000000110000010000110000011000100101000101100000100000001010001010001000010110000000010000000011000001010000000000000100000
10010000001110101000001010010000000010000010011100001100101101001111010100111001100001000001100001100000100100010110001000110000001011000000000000010010110111000000100001000000000010011000000001101000
10001000001010000000000100000000000100000001000100000000101110110000001000101000010010000010000100000000010001000000000000000000000000010000000111010010010001001011000001001011000000110001100110100000
00000100010111000001000011000000010000011000100001001110010001010011000000000100001000000100000010010101001010000100100000001000110001000110100100001000000001001000000001000100100000011001100100000001
00010001010110000010100000000000010011000100001001001100110100000001010100000000001101100000101000100000000001010001000001000000000101000110011000000000101010000000001000000100000010010000010000000000
00100000000100111000010011000010000000000010011000001000001000110101010100011001010101001011010100100101000100011001000110000000100000000010000110000000110010000001000000001001000000001000100110110000
00000000000100010000101011000001000000001000100000100001000000001000101101001010011000000110000010011000000010100100100100000001010001000001000100100011001010000110011010010111000101101000100100101000
00100001010100000000100100000000000010001001100000000100001001000000001000000010011010100000111000000100000010000001000001000011010000000101101010000001000000000000010010011000000000001101010001000010
00100000000100010010010101010010010100111100000001000000100100010010000011100000101001110010000000011000010000000000100101000101000000011000010000000001100001000000000010000000110001000001000100000000
10000110011100001000100000010110101000100000000001000000001011000010100100000001000000110000100001000010010000000100010000000001000001010010001100000001100101000000001010100000100000100000001010000000
00010000000100111000000010010000000001000011000110000100000010010000000010000001000000000000001000000010001101011110011010101001000001000101000001000000001000000000000110000010000001000000000001100110
00010001101100001101001110000001000100000000010000000000100100010000000000000110000000100001100111100000000100000000000100110010100000101100100000000000100000110101100111000000100010000001000110000101
11000001000000000000000101000111000011000000000000000001000010010000001000000000011100000001001100000100100000101000001000100110000000010010000010100010010110000000000100000000111011011011000000011110
00100000000001011000011001100010010010001011100000000100001010011000000010100011100000000000000000100000111000001011101000010000100101100000000000101000010000000010000001000001100110010100101100000001
00000010101010101011000010011000000001101011001001001000010001000100000100011001011000100001100000000000000101011000001011000000001010000010000011000010000000000010000011110001000000000111000000000010
01000010010000101110000111110000000001000010000000000000010001000000000000000000110000000001010010000100000000001000010000010000001001010000011000010000110100010010100110001000001111001000101011000100
00101001000100000001011000000011000010010000010000010000010000000110010000011000101100011000000000000011100110000000010010000000000000010000000010000001001100010000111000001100100000011001010000000101
00000000100000000101000000110001000010001101000100100000000010100101100001010000000011000000100000000011101000010010100000000010000010100001010000001100000100010010000010111010001000000001000001000000
01111100000100100001010000000000011000000011000000000111000000000000100010000001011000000000000000001010000000000000010100000000100010100010000000010001010010000011010000000000011001100101111000000001
00100000100110000000100000101011000000001100101010001000000110010100000010000000010011000000000000000110010101011000000000000001010010000000101100001101110001001010100001000011000000000100110000000101
10000100010000100010010000000001100010001101000100100000001000001000000110000000000110100100000000000100001000000101000001000011100110000000101000000100010111101110000001000000100011000000010100000000
00100000000100000001001010100000010101000100000011011000101001011100100000000010100000000000000000100000100100111001000000000000111010000011000010001000001110010010101000000000100000010000111010100000
01100001100110000100000010000100000000001010001010000110000010100000000001010110000100000000010000100111000010111100011000001100000110010100000010110000100000010000100000000000000001100001001010010110
01110001111000100000000000001100000100000100100000000000100001000101010100011100010110000001001101000111000000100010000000010000100110001000001010000011000000100100000000001011000100000110100100001000
00000000101100010000000010010100001010100110100101111000001010001001101000000100110010100010000000000010010100000011010000010000000100010111011010000101001010010000010000010000100101010001000000100100
00010001000100010010000000011000101010001000010000001000000110010111000011011000001000100001100000000100000000000000010010100000000000001100101000001000000011110001111001010000010001001010000000000011
00001110000101011000000001000001001001001000100000000101101010101010101001001011100100100000100010001000001000000001100100001000100010011000000100000100110100000110000001100010000001101011000000000000
10000100000001000110100000000100011000001010000110000001000000001100100100001000000111001010000010010000011010100001100000000000001000000000000001100001010100000000000010110011001000000100000000101010
11000010000100100000100111000000001001101011100000000000100000111000010100100110000101001100000001100000000000001100110000000001000000100001000000001000000100100000100000000001011000010001110001000100
00110000010001101000100100100000110001000000010010000000110010010110010000001000000100001010000011000010000100010001000100000100011010011100000000010011101001110000100001000110000001000000000010000000
01001000010100001000010000010101000011001001100000000001000000100001101001000101001001100001101000001000000010011101001001000001000010000000000001001000000000000000000011110010001100000000001010100100
11000010001000010110000000000001011100000100011000010000000000010100010100100010011000100010100010000000000000000000011101000000101001001110000010100000010010011100000011001000000100100000000000001000
00000000000001001000000101110000110010001001110010000100000100100011001001000111010000000000000100100100010010100011100010000010010010010010100000100000000101000000010101011001000001100101001000010000
10010011001010101100010100000010000000100000000101001000011100001000000001000000110000100010000000011000000000010010000110000000000000100010100101000101010000100001100000001001000000000101001011000001
00000101000001000000010000010110000111000000010100000000100001001100010110000010000101000000101000000000000000000100001001010100000011001100000100000000000000100000000100101100001010000000100000010100
00001101000000100010000001010000001010101100000100001000000000000001001000000000010110000000010000011000010000110000010010000010010000101000000001001101000010000010000000000000000010000100010000000000
00100101110000010000011001010001010000101000100000000101100001101000000000000000000000001001001001001000000100100000100101010000010000011000000011000010000000010001100000101000011100000010010001111000
00000110000000001010001011010001101001101100110000000101000000101110100000000000010101001000010010000101000000000001000000010000100000100101000000101001001000001100000001001111010000001000110011000000
11000100000000001000000011100100000101000010000000100000000001110001010100000001100000110001000001001000000100110000000000001110000000100000000100100000010000000010110000000100110100101010101000000110
00001100000001001010000110000000000011000000011000101000000011000101001101000000011101010010100110101011010000000000000000000000000000000101100000000000000100010000100001000001000010101000010000001100
00000011101000010000101011110000100001101000100011001100010000000100010100000100000000001000001001001100010010110000000011110000000000000100001000101100000000101001001011101010000100010000000000000111
10010100000000000000000000000000010010001000000100001011000010010100000010000100000110000001101001010011000001010100011000100000100000100001001000100000001001001000000001010000100000000000100001000000
00001100001100000100101000101000100001000100111000010110011000110000001110101010000010011001010100000000011010000000010000000000100101000001010000000001100001000001100000000010001110000001000001100000
10001000001000100100000100000010100000100011011100010101010000001000011000000010000000010000100100100100100010000100000010000000011000010000110000000110010000001100100000000000000110000000001100010011
01001000000000000010000100010100111001010001100000010001000101100111100001101010100011000100000100000100100001000100000001100000000000010101100001000010010000000000000010110100000000000100000100111010
00001101100100000010000001100000000001110100001000000000101100110010000000100000110101000010000001001100000001000110000000000101110100001010010001101010000001011000000100000000100000000000010101100000
11011000100000011101100000000100100111101001100100000000101000000011010001001010000110000010000100010000000000001010100000101100000100001001011000000000001011110010110100000000000010010000000100000000
00001000100000000000000101001000111000000001001110100100000100011100011010000100000000010000000100000001000011110000100000010101000000011011000100000011110010000011000000010100010010001000001010000100
00000110010011001010100101010010000001000000000110000001000000000000000000000110011000101000000100001001010000000000010010001000000000010100000000000001001000100000010000000001100001000001000001101100
01100000100100100101000000000010100000100000100000000001000000000011100000011001010000010001000001100000000100000000000000010000010110001010100000000100100011000000000010000100000100000010000000000000
01011000010000001000011001000001001000100010010000000000000100000001000000000000000100000000000000000111000100000100010001010001001111001000001000010010011100110101100000100100010100000100100000010000
00000000001010100001000110001001001010010100110100000000000000010010101010000010000011000000100100110000011001010100000000000001010001010000000000000110000000000101000001101100000000010000110000000000
00010101000110000000010001100001000100001000100000110110000000101000010000010100110000001000100000110000000010000011000100100000000010000000000000000000000100011011100000011111100000010000000000110010
01100000000010000010000000010000001000001001001010100100100000001100011001000010101000000011001000000000000000100101100000100011010000001000001000100110001001101000000011010000010000000100000000000000
10000000000001100000101100010000011000000000101000000010000001000000000000101000010000000000000000010100010000000110001010000000100000000000000000000000000000101000001100011001001000101000000100101000
00010000101111100000100011101000010000000001001001010000000000100000010001010001100000000000100001110110011010000000001000000100000100000000000010010000100000100001000000010100000000000010001010100000
00000000000101100100001100000010001000010100100000110000000000100000000100000010011101110010000000100000010001110010000100100101001100000100001000000010000010010000000000010110001000111010010010010010
10101001000110010001101000010000000110110010010000100010000000000110101000001010000000000000000000000100000010000011100100010100000000100000100101000000101000000101000100000011011000100000000001101100
00000100011000011000000001011000101000001000000010100000000000100001100000010101100010001000001000000110000010100000000010000000000001010001000000000010101001010000000100010000010000000000001001000000
00001001000110010000001000000000001110101001100000101000000011000001000100000010001000001011001100000010010000100000100000000011000101000000010000000010111100011010100100000000011001001110101000000000
00000000111000000100000000010100000000100010010100000000000000000010000010100000100001000011011000000001101000000100001000010000000001001000000010010101000000100110110000000011001000000000000110000001
00000010110000001001010001000100000000000000010100000000010000000100010010110111000010010000000000000001010000011010000000000000100010010001110100100100000000000000001000000101010100000000000000010010
00000000100010000010011000101000000100000010101000010010001101101000000100001001001110000100011011000010110000000110000001000000000000000000010000000000010001010110001000010000000000000010100000000010
00000000110100000100011011000100010000010000000011000001111001110000100000000010100000000100001001100100000010100001000001000110000000000010101000000000000011110000101000011101000001001011011000001000
00000000000010110100010100110000000100010010100000000001100001100000000000001010100000110100000000011000110110101000000100000100100000100001010000000100110000100101110010000010010001101101110000000010
00010000101000000100000000000000000111001000000000011001100010000000000000000000001100000000000000010101000000000100010000100000000100001000000100011001001000011001010110000100010000000000000001010010
10001000000000111110100100010001000111000100000110001000001000010010000100100011010000010010011100101101001001000001000000000100000001010000001000101000110001000010000000000000100000000000000000010010
00000001000000110001001000000000000000000010000001001000100100000110000000000000010000000010001000010000010001001101010000010000000000101010011110110000000001000000010001000000100000010001000010000011
01001000010000000110001001000001000000011000100001100101001010010000100000010100000000001100000000000001000000001110000000010000001000110101001001010000100000000000000010010100000000000000100000001000
01000011001000010000001001000001100000000010011000000001000001000010010100000001011000100001001011000011000001000000011010001000001000011011000000000010000000001010000000000011011110100100101000001010
00100000010110011010100010000010000000000101000001000100001000000000000000000000100110100010000100000000011010100100000000100001010100000011000100000000000110111010010000100100000000000000100010001011
10011010110011111000001100000000101110010000010000010000000011100010000100110101000000100000100101100011000001000001000000110000000000000101001000010001000000000010111100001010101100110010000001000000
00000001100000000100001100010000000000001001100001000100101011000000110010100101100000100010000100001000000000000010000000100010100000101101000111000001010101010001000000000000000000010000000000001100
00000000100000010001000100010001000100010000100001011110001011000001010000000000000001000000000000001001001100000100110001001100000000000000001000000001110000000110011010011110010000000000001100000000
10001000000001100000110000100000000001001010010011000000000101000001010001000000101110000110110000010100101101001001000100100000010001000001010011001000000011100011010000001000000011000101100011000001
00000010010000010010001001100100000000001000000001001000100000110000000110000000000011000001010110001100000100010001110000100001000011000010011100000001010000010010000000000100110010011000110001001000
01101000010000010000001000000001000101100001101000001000000110010110110100001000000000000001100010000010011000100110001100000000010110011000011010000000100011101001000010000010001000000011001001100000
10100000001010000000111000100000100000010010010100001000100000000111000100010000000001100000100010100000000000001010010100000100000001000000000010000010000100010000100000001001010000100000100010010000
10011100000010110110011011001001001110000000000011000011010001011001001000100000110000010100000000000000101010001010100000000000000000000110100000101011000100000000001001000100001001001010000000000000
10110001100100001011010001001010000010011000000001011100000001000000011001000000100000000000011000010000000010000001000010001010010000000010100011000000000101010000101001010000001100100000000000110101
00100101000110100100000100000100000011110000110100100000010000000100101010010000000000000001000110000001000000000101100000011000010100010101001000001011100100010100000001101001000101000111000000000000
10010000000000001000000100000000000010000000100001000101000000001000000110100001001000010000010001000000000010000000001001011001010010001001100000100110110100000000011010000010100000000000001000110000
00000011001000001110000100000010000000000001001100000100000100000000011001010001000100000100000000000110000000001000000010110000101000000100100100000010000010101100001000000001000100000001000100100000
00000000001111010001010000101000100010001000000001110000000000001000000000000001100101000001100100000000100001110110000001000010000000001100000001001001010011100001100001100000010001000000010001000000
00001100001101000100000010001001010000001000000000101010000000110000000001011001000000101100000010010000001100100000000111001000000001000010100000101001001100000001110000010000001000010010000100000100
00001000000001011010000010000000010101000010000001000000000001000100000000000100000001010000000000000000000010001000001110010100000010001101000010000000010111111110000100101000101101010000000000010001
00000100010000001000000010010101010000010000000100010000000001000000100001000100000011100000001110000011010000001000100000001000010000100010011000000001010010000001001000000010000001011001001100000001
01100010111000110000001000000110000001000000001000110000100100000000000100100100000000000000100000100010000000010000001000100001000101010000010010101001100000100000000010000100010000001000000000100100
00100111001001001001001010001011000001100000011111000000001100000001010000000000000010100110100100100000000001000010000010000010101000000000100110000100110100011010000000100110000000010100001110000010
11010000001000111011000000000000000001000010100000101000010110100100001000001000110010000000010000001001000000010000000001000001000000100011100000000001100100100000001100001110010000000000110001110100
00000010000000010010000110000000100110000010011000000000001010000000100100110000001010001010100000000000000001000101001110000100001101000000100001000010111000001100010100000101100001010001010011000010
10000100101100100011000000100010000000001000000000000110000010000010101000000000001000000100000100000000000110000000000001000001010000001100000010000100000010110100011110001000101000000001000010110000
00010100000001101001110010000000000100100001000000001000000101110000000000000000010011001100001100100000100001000001000100000010010000000110101101001000000000000010000000010001000000000110000100100000
10000000101101000000100100010010001000001000000000000100111111100100110101000000000000001101000000001000000000000011000010001000000000010111001100100001000000000000000000000101010100100001000000010000
10010010000010001000100001101111000000011011010011001010000000000000001001000000010000000110000001110000010000000110100000010010010000000001000000110000010000000011001101100000001010000100001100000001
10000100010001110000000010010101010010000000000000101000110000000001000010101100100000000000000010000001001100010000000000000100100000001100000010000000000000001100110000001001101001000010001000000100
10100000000010001000011100011000100100010100000110010011000001010100100100010000001100110010000001001000010110000001000100000010000010000000010010001110001000010010010001111000010100000000000001001000
10100010110010000000100001010111001100100000000100100000000000101100101001110000000011101100100000010000101010010001000010101000001000100000010001011100000000011100010101001100000000100000001000001101
11000100001010000000000011000001000000000011001001100000000001011000101001001011000100010000000100000000000100110000010101101000001110100010000000000010000001000010010010000000001100000011000000000000
10000000000000001000010001000001110000100011100010010100010010010000001110000000000010101000000000000010001011000010011000010100100110000100000000001000000100000010010011011101000000000000010011001000
11100010001010010001101100000010110100010000011001000000100010010001000000001010110101100000000001001001000111110100000110001000100011000000000000000001010101100000101000000000010000010100100000000100
10001100100000001110010000000000010001000010001000100000001100001000000110000010001100001000000010001010000000000000011011010001110100000000000100101101000000001100000000110100000011011001100000000001
10000001000100010011010100000101000100010001000100000010100000010000000000000000011011000000000000101101001000000111000000000110000000011000000000001000010101001010100101010100110000010000010000000011
00000100101010100000110010010000000010000001001010000010001100111000000000000001100001000100100100000010011100101011000100000100000110000000000000001100000010000000000010000100001101100000011101001100
00010000001000100100011010101000000000000110110010000000001000000100000011000100000000100000000010001000101001010010000001000001000110000000100010100000011101100000010010001010010010000001000010100000
11000000110001010110000000000111000011000100101000010101000011110000001000010000000000000000001000010000001000010101101000001011001000110000000101101001011000000111100100100110000000100000111010000000
10010000000000010111000000000100000000110100000001000100000000000010010010110000000110000000000010000000000100010100001000100000010100001000000010000000100011010000101000001010000000011000000010001000
00000001110011010000010000001011001010000000010000011000000001000010001100001101100010000000100000001000011000000000010010010010000011000000100110001010100100000100000010010100001110000011001001100000
00001000000000010010000010100001100000001100000000000010010001000000100000000000000000000100001000010000101100100000000000000000000001001000000000001011000000000011000000000010000000010001111011100100
00000000000100000010111000000100000010000010000000001000101010001001010000101001000010000000000000000000110000000100010100110010000100011010111010110011000110000010101001010100100111000111001001010001
10100000010010000000000001001000010000000000000000000000101100010100000010100001001000001010100000011001000000000000000010000001001000011000101000000000000000000001001010011000111001100100000001101000
00011110010111110010000000010100000001011100010000010100000000100000100000010000001110100110100101100000000010000000110111000000010000010100000000111001011110011101000000010110101000100001101000000110
10000000010000110000000101100010000000000000011110000001011000110010100010101000010000110000000000010000100000111010010100110110100010000001100010011010100001000001010010110010010100000000000001000000
10011000010000001001000000010000001000011001100110100010001001000100100000000000010000101000001011100001010100001001000110000011110000000000000001100001000001000010000001101100000001000000100001010000
00000010101000100010001000101011011110111100100000011010011100000110001010000100001100100100000000100101010000011010000010101101010001000001010110000010000110000000100000001000110100000000000010010010
01010000000100100100100010000000000000000001010001000001000010010000100000001000100001010100100011100000100000000000000000010000010000010000000110000010000000000000100000000001010000111000000001111000
00010000000111010000000000000110010000001000000010010011100110000111000100000010000000000101000000100000000001010000111110011001100000000011010100101010010011010011000000100000000000000001011000001101
10001000000000100010011100100000110110001001110000010000010110011000001000100000000001101000000100000010000001000101000001101100001000000000001001001010010100010000001110000100000000000010000101000010
10000000100000000101000011001000000000001110000110000000001100001000100100000000110011001000100001000110011000010101001000101000000000000101010101000001100100001010000010000010001001000000000011100000
11010100000001100000000000001100100110000000000000100000000100101001100011000001000001010100111000010011000001000101000001101010101000000001000100000000000000000110000001100000101000000001010001001000
00000001000100000100101010000001000000100000000000100011100011011000101000010010000011000101000101100110100001010010101100001001001000011000000001000010000110000010100001000101000000000001101000000000
00010000010110000000010010001000100100000110000000000000001100000000001000001001101010000001110000100000100011000001000001001001010000101000110000000010000001000100001100010000101001100100010000000011
00001001001011100000100000000000000010000000010000100000000100100100001000001000001000000110000010010101000000001000000101001000011000101000100010100010000000101010010000010001000000100001000100010010
00100100010110000000110110010000001100010100010000001110111110000100000000100100000001100001000000110100010011101110000000001001000101010110010010011000100101110101100101000000110000000000100100000010
10000000000111000000000010000000000000000100100000100000010000001000000010010001010000100111001010000001100000010101000000110100000001000000000010010111000100000010000010000000000000100000000001000000
00100010000100101000010100000001010000001000000000100011001011001001100010010110011001000101000000110011000000100000101000110000000000100001010011001000011000010010000110000000000000000000000000001001
01100010000000000011000011110011000001000000011000000001010000011000000100000100000001010000000000010001101001101100000010010000011000111110000100000001000000000100000000001000000000011000001000000001
00001010000000100000101000100110000010000001010010000001000010001000000000000001000000000000010000001110000000101000011011000100101001000001000001001100000010001000000010010010110101001001001011000010
11000001000000000001100100000101000000000000000001110010000000000000000101000000000011000000010011100000100000100000000000001000111001001000010010000000000010001010100000100010001000000001100100000100
10000000000000010010011100100000000010000000011111100110100000000010011000000001000100001000100000000001100100001001000010000010001000000110001100100101000011000001101001000001110000001010001000000001
10000001000000001100101010010010000001001110000000101100001100001100111100001011100000000010100000000000001000000000011100100000000001011010010000001000100000110010000010000100000001010000001000000010
00110010101000000100000001000000000100000000000010000100100000000110010001010001000100000110000000000000000001000000000100101001000001010000100010000001100100100000000100011000000100010000001000000000
10000100000011001111100010000011000011010000011000000100100000011010010100000000100100100001111101000110000100001000001000010000000100010010110000101111000000001100001000100010001101001101010110010101
00000000110010100000110010100000100110110100101000000011100000100000001111011001000000000011010000000010000000101100100100001000101000111010000101000100110000000000010000100011000100000001100000010000
10001001101111000000000100010000000000000011010000000001000000000000100001001100000100101111001100001010100101001010010000000011110010001010111010101010100010010000000001000000001100100000010011000100
11010010000000010000100000010000100010000100010001000000101000100110110000001001010000000001000110010001000010101001000010000101100000000000000111010011000001000000001100011001000001001001000100000000
00100000000100010000000010010000000000000100110000001100001000100011000110001010000000010001010010011010000010000000100101000000010110100010000000000000001000010100000010001010000010000001101111000001
00001000110100100001000000100000001010000010000110111001000110010000000000000100100010010001000000000000011000100010000010001000011000100000010000001110010000101010001010000000010001001000000001000000
00001100000001000000000100000010000000000000000100010000010000001001000000011100000000100100100011101001100010001010100000100010100010010001010100000101011000000010001010000000101100010111000001010100
00000000010010000000010110110001101000010000000000010010110000000011010001010000010000000000010110110000000010100001011000011000001001100100001000100110000001101000000100010100010001000001000000000000
00000000000110010011001010000000000000100000010000001010000000110000011000010101011000001100000000001000000010100000001101001000000010010100001000101001010000000000001000111100010010000000000010010010
00000000000000000010001000010000100000011001000000111010000100000000000001100010011001100000000000000000000010000110000000000000000001000000100100101000000000000000000000000001000100100010101000000000
01001000100000000000001011001001010000000000010101010010010101011100100100000000000000010000000000100011000000000100010100101100010000100000101000001100100001001000001001010010101000010011001000011001
00010111000001000000100000010000001000000100010010000000010001000100001100000110000000000000010110000001000010100000101000000000000010001000001010000110001000001101000000000100000010010101001100100000
00010010000100000011100000000000000000001111000000011001000010010001000000000001000001000011000100000000001000110010000000011101010000000001110001010000001000000000010001100000010001100100000111000000
00000000100011000010010000010010001100001010111000010011000000001100000000001110000000100000010100100011000000000010010000000110000000000000100001000000001000000000011010010010100000000000010000001110
01001001001000000100010110100000000001000000001000001100011000100010000110100000000100000100100000100001000010000100000100000001000101000001000000001100000000001000000000010000010000110000000000000101
00000010000000000000000100110011010001000000000000010100000000101100000000010100000000001000001100100110000000100001010100010000000100100100000000101000000010000000000010000000010011000000000000001000
00000100000000000000101110110000000000000110001100110101110001010101000110000000010000010000000000000011001000000101000101000100011010000100100100111010000100110100001100011011011001100000000101001010
00010000000010000100000011000111100010000110110000001010011010100001000001001100100000000110000000100101000111000110100000000000100000000001100010010010100000010010000100001001000010000000001000000001
00010000000111010000100000000000001101000001001000000001011110000001000000111010000010000010000100000011000000000010000000100000110000000010011010010000000100101000000000010100000000001000001011000010
11001000100111110010000001000001000101000000000010001010010011000000010110000100001000100000001001100010000010001001000010000101000001101000001010111010000100010000011011100001000011100000110000100010
00010100100001000000000001010100001001000110110100101000000100100000000000000000001111000000010000010000000000001000000001010101000101000000001000000000000010000110000100010011000000110001000000001000
00000010011100000000000001000000000100000100100010100010000011000000110010001000000000100000001100010000001001000100100000000001011000000010000111010000010001000000001000010101000100010000010001000000
01000001101000000101000001000101010001001000001001000010100000000001000010011000110010010000000011000000100000100111000000100000110000010010001000111101101011100001001000000101110000010001010010000000
10000001100000000000111000000000110101011100110001000000000010010010010000010000010110010001011010000000000000000001001011000010101100000000000100110100001001000000000000000000000000100000001000010000
10000100000000000000110011100000110000000000100000010000000001000000000101010000001100000101000100001000110000000000101010001000101010000000000000001000111000000100000000011000010101000000000000100100
00000001001101001000000000101000100000101000010000010000000000100010001000010010000100010000010010000010000111010010000000000000000000011010001001000100001100100000100000000000000001001011000100000001
00011000101000000001000000010101001010000000000001110011001001010001010001000111000000110000000010000000000000010000001000010010100000101001001000010010000100000000000100010100010000001100000000010010
00001001000000001010100000001001000000000000001001010100000001001010000000000101001100000001000100001101111011000000000000000001010000000000010000000010010010001110001001000000000100001001011000000100
00110000010001001000000101110010000000000010000000101001011000001000000010000001001000000000000000010000001001000100001000001100000001001000110000001000000100001000110010010001000001000100100000001000
