01110110011111110010111001101111111111011001100111111111111110111110011011101101
10101111010100110111100111111111111111101101110111101111110111110101101001100111
11011010100010101111111111101010001101111111110101111111110101110010111101101101
10100111011111011111101111001101010110011011111111100101111111011101011100111101
01100101111111111111111111111101101111111111110111111111111111111111111101110111
11011010101111001110001110001111111001011111111101111100111111101111110101101100
11110101111111111111101111111110111101111110000010111011111010110100111011111111
01011010111110001011111101111110111101111001011110110111110111111111111111101001
00101111011011010111111111011010111110111011111011111000101100101011011110111110
11011011101111111110110111010011110111100011111111111010111010111111111111011101
10011111110101111110011000010011110111111111101011111111100111011110011110111100
11011111011011110111101001001111111110111111111111111011111111011101111100111111
10111111110100111111010111101111111111101111111111110111111011110111111111111111
10011110111100101110100011111111111111111111101100110010011010101111011101111011
11101010011111010110110111111111011111110101111111011011111011011111011001111100
11011010111110101111111011101011101011001111001110111110101111111111011110111111
00111111011011010001101110101011111111111011101110101111111111100111100111111111
01111110111111110011011101010111011111111111110111111101011111101100111011111011
11111111111111110101111101011011110111001011110110011110001101111100011010111101
01111011100110011110111111101011011000001100100111011101111101011111101111111101
11111011110101111011011011111111111101111111111111111111111111111011001110010111
10101001111010110111100101000111011101101111110010010001100101111010101001110011
10111111101100011111100111111100101111111110011111010111111111100011110110111111
01111111110010101111011011111111100111101011111101111111111111100111110111011110
01111110110011111001101101111111110110111110011110011010101111111110110111011111
11111011110111110111111110110111111111011111111111001111101011111111111101101100
11101011000011111001101111001010010101110001111001111001110111101111110111011110
01001011111001100110101111001001010111111111110111110111101000010111111001111111
11111111100111111011101110110111111110110111110111111111011110000110010100001111
11011111000111100100111111001010111110111111001111000101111110111110111001110101
11100111111111111111110111101101110111111100111110111111111111011110111101101101
11011100011111111111110111011010110010111111001110101011101011101111110110001011
11001111111111011010101111001111011100111111001010011010110110111111111011101111
11010111111111101111110011111111101011111110100111111111001111011111011011001101
11101111100111111101111001001100110011001111110011111100110101101111101111101101
11111011111111101110111111111110100011111111011111111111110100010101011110010111
11011000111111111110001111011111011101101001111111110111111111001110010101111011
11101111011011111110111101110010011110100110110000111111111001111110101111111110
01101011111111101100111110111111110111011110001111111101110111101000111111111111
10111111101101101100101011111111110100101101101101011111101001011111001111111000
11111111101111011111111111010111111110110111111111111011110101011110011111101101
01101110001111110101111011011111111101111011111101101011011101011101111111001110
00111110111111011110111111011101111101101101111101110111011101110111111111011111
11111101111111111110110101111101101110011110010011111110001010111111111111110100
11111100111111101111110101111010011011011110011011110011111111010111111110111110
01111101110110100110111111111010001111001111101111101110110001111110110011111110
00010101111111111000101111100111100110111110110101001111101111111100011110001111
11111101010111111111101111011111010110111110011010101011111110111111101111110011
11011011111110111111111011011111111110101001110101111111111111111111111111101001
11111100111110100101101101111100011110111111111010001011111101101110111111011111
11111111111111011100100100111011011111101111110110010011111110100111000110110111
10101111111111110111111110111010111111111011100010101111111001011110100011111101
11101110111100111111100111101011111101111101011111010111111111100110101111100110
11111101001010011111101101011110011111110011011010011000111111111111011111110111
11101011011111111010101111011011110111011111111111111001010101111110001110111110
11111011001110101101111101111111010111111110101111111010111111101111111101101011
11111111111110111001111111110111101111111000111111111101010111111111110110010011
11111111010111101101101100101110101111101110110111111111101101001110101111110110
10011110110111111111101111011111010011010111101111111101010111111101110111111110
11111101101100011111111110101110111110101110101111101111111011110110111111000111
11011111011111111100101111101111110010100001101110101101101101111110110001110110
01111101001110111111111111100011011011111110111011011111111110101111111100011111
11101111110011011110111111100101101001100011011111101111101111000010101110010100
11111011011110110011110011010110110101011111111110010110101110001111001100101011
10011101111101110111110011100111111011111101011111010111111011010111010010110101
11011111011111111111000111111111111111011111111111111111111111011011110101111111
10101101111011111001111111111111111011011011110111111111110111111100111101111111
01011101110111111001101101110001111100010111100110100101101001011100101001011110
01101111010110001101011111110111101001100111110111011001111111100111010011010110
10111111111111110110001111111111110110101111111011000101101111001110101110100111
11111011111111110111110001010110111101111111101111001111010101110011010110001101
00111101111111011001101111101011001111111111101111101111111101110110011010001110
10000011111010011111101110100001111101111111111111111110111100101000111101010011
11101111010011101101010111110110111011111111010111011101011110000111100010100011
11111111101111111111011001010110101011111001110110111111011010011110010001011101
00011010111111111111111110110100000111110011110101110110111011101111100010100111
10110111111111111111001111111011111011111110111011010011001001010111001100100111
11111110111110111011101111111110111101101111111001111110011111101111111100111000
01001010100111011100111110111001100111100110111101101111111111010111110111011001
11111011010111011111111010011111111110101010001111110101100101011110011011111010
