0111111111101010011011100111110110011111110011111101101111010010110110
1000111111100011001010000101110111010111100101111100101111101111101101
1001110111111011110111111000111101110000111110111100111011110001110010
1010101101101011111101101111011110100111101101111111111110011101110010
1111011111111101110101110011111011110000111111100111111111001111111111
1110100111111110111111100111001100010011110011011111110111101111011111
1101100111111110011101100111010111000101110010111010100111011111101001
1111111010111111011011111111111011101011011010011111111111110111010110
1110111101101110110010111011011011111010111011111110111011111011111111
1111111010111111101011101101110011111000011011111110011111111110101011
1111111111011111101111101111101011000111000110101111111101101011111010
0010111101101101110111111111111111111111101101110111111110111011101111
1011111111110111101011010101000100101111100011000100011010001011111110
0000111111111001101110111011111111111100111011111101111111111111100100
1111011111101000111101101111100001111101111101111111111111111101101010
0111100101111100000111111111011111111111110111011111011111110111011011
0011110011111110011111111101111111011111111101111111111101101111011110
1011111110010010101111111111101010111111011111101111111111011101111100
1101011101101110110111100101111011111101111110111111111011001111110111
0011111000110111111011110111111101011101011000010110111111111111111110
1110010111111101111101101010111001110001101000101111110111011001011111
1011111101111011111110111110101111010001101111111111111110111111110010
1011111111110111111111011110111101111110111111111101011111101100101101
0010100110011101110101101101111111111110001110111111111110011011111111
0011000111110111110011110101111000111111111010111111101110111111101111
1101011101111011111101111011011110111011111011011011111011111111110111
1001111110110111010111100101101101111011111111001101110111110010010111
1101111111111111111100011110111111111111101001011100111111110011111011
1110100101110110111111111011011111011011011101110110111101110110111011
1111101111010101101110111101101101111001101101011111111011010100110101
0011110110110101111111111111110101111111101111110110111011111110101011
1111011000011101100101110111111011101001011111000001110111011100111111
1101101111110101111001010101100101111111111011110111101111111000011011
0110101111110111101111110011111110100111110101111111101111111111111111
0011100111011111011010111111011111001000111101011101111111111111101010
1110110011010111111111111111111010000111011110110111111011111110101111
1000000111011111111100111111111110100110101111101010110111111111110111
1101001000111111111100111001001011011010000111111001110011011100111011
1101010110111001110000111111101011011101111111101011111111010011111111
1101011100111011111111001111111111010010111101001001010110111111001111
1111111010011111101011101111011011101011010110001011110001101110101111
1010111111000111111100101110100111110011101010010011101101110111110100
0011100111010110111111111111111110111011010101011100011111110111101010
0111100000110011111001110010111101111111101000010111011111101101001111
1010111111101101011001111110001110011110110001111101011011110001101111
1101110011011111110001100111111111101111001010110111111111111110111111
1111101011110110111011111000101011011110000011011111110111101011010111
1111011111010111101101111101111011110100011111101111101011111111111010
1111011111100111111011111111010001101111101010110111101111111010111111
1111110111111111111111111011111011110000001111111011010011111110111000
0001111111110011111111011100111011011010110101111101101010011111011111
1001110100110111111011111110010111110111110111111110111110101111110011
1111111110110110111111011111111111111110110001111011011111011111111101
0011110111111111111111110111111100111111101111100101101011001111111101
1111100111111111111101111101111011110010011111011011110111000110110101
1101111101110111110111111011100111101011011101101001101011011110101101
1111111111011111011111111111011111111111001111111111111101001100110011
1110111111100111111110100111111111111110111111111100111110111010111111
0110010111110111100101101111101011111001111111111101000001011101111100
1011001111010111010111011111111111111111011011011110100101101110101111
0101111011111110111111111100001111111101100101111111110111110110011111
0101111101000111111101101100111101111101111101010111111110111011111011
1100111111111101101101011111101001111011111001111111111101011101101111
0111111110111111111111011101000001101011011110110011110000100110011111
1111101011111110011101111101111101111110111011011101111111110110011101
1011110110101001111111010111110111001110010001111111111011101101101111
0100111011111011110110111001101111110111101111011110110101111111110111
1100110110011100111110111110010101011011110111101010111101111011111011
1011110111111011101111011111101111111111101111111011000011011111011101
0100111011010001001010111111111111011111100111101011111111011111111110
