00000011110010001001101000111000110011101101011001
00011001011010010001110011010101011100010001110110
00000010110000000111111011100011100100011011100001
01000100000001101001000001011110110111110100001101
01000001101011001101001011010010101110101011110111
00010001101010001101101110111101101000001010110100
10100001010101010010100110010010110100111101100010
11001110000100110101110110101111110010000000110111
10101100011100111001010001101001000111010100000000
11100010101111011000010011011110101100001110000100
01001100110110101100011010100101010000110011001010
00000011111001001000001000111010001001110110100000
11001100011000010100101100011101101000011111100111
00011010010100101010010001100001010100001111111001
00010001101001000010111001110111000011001011101101
01000011110010000000000001001011011101001100010100
10011100111101000010010001010110100010110010001100
00101101001010000011101110100001011011110010111011
00100010000001101100100111010100001010101101110010
11111101100000000100010111100001111110011011010110
11100111000010100110011110001100101101100101010000
01100001111001101001101101011101101010010100010111
10101100001110100100110110001110011010100111001110
00000111000010000111111010010110111010000101010110
01101111011000000111101101100100000001100011100011
01111000110001111011010010110011111110011100001111
10100101101101100101000011000110100011010110100100
11011110010110101010010101000000111100011101000100
10010101110110010000111000000000000000101000010101
01010101011010101010111110100001101101011001001110
00111011010100111000001101100001010101111001100101
01100101101011110101010001000110010000111010010000
10111111010010001001110101110100011110101100111101
11010011001001010101001101010011100110001001010000
01001100010110010111111101010100100011001100001011
01111010110001010001100001010110110010100011110101
10011001100000101111011101100000111101101000111000
10010000100100110100100010100110001010001011001001
10011010001100001110101010001011100110001010100011
01110010101110001101010001110111000000000000001101
10101110010011110011000001011111111011100100001111
10010010110111010010111101110000101000001010011010
00101100011111101101001010100001000101100101100111
11101010001011100011101110010110010101000010110011
01101111000111100110000010100010100110100011001111
11001101000001010111110100001001110110000101000111
10010000001001101100001001000100101011011100100101
01011101010010111001011101111110100100011010111001
01001011001010000111011111000100001000101111110001
10111001000011100100010011001010101101111011111110
