01111011111010110111111111001110010011101111111111111101111011010110101101110100
10111111101110001100010110101011111110110110001101110111110110010011111101110111
11011111111000110101010011011111010111001110110011111011000101101101101010110111
11100110111110111111011010111111110111111110111111101011011101111111110011111101
11100110101111111111101111110101111101101111111011110101111100111111111110111101
01111011001111110011111111111111010011111111111101101000111111010011100111111111
11111101111111110011110111101111011111011011010110011110111111011011011111111111
11100110011111011110011011110101011111111111111111111111101111111011111111110011
11111010011010011000111011110001111011011111111110110111110010111111111111101111
10110011100101110110111111111111001110100111111011110111011111011001000010111101
11111111100110110111101101101110011011101010111011111001111110110011111111101011
01011111011001011101111011111101111101110110111111101111111111111111110001010111
11011111101001101110111100011110110011111010001100001101101111111111111111011011
00001111010110101100111011111111111011111111011101101111110010011111111110100010
10111110011011011111111011111001101111101111111011001111111111111000111101101111
10111111111100100011111101011001100111101111110111111010010111110110110110101111
01011001100111100111111111110101111101111110111111101111111101111111111101011010
11111001011111101011101101101111110011111111101010111011111101111111111100111101
10011111011010111101111011111100011110111011111111110111010110111111111100001111
10111110001100111110110111110110100000111011110110111110111101011111111111111111
10001110111111111111011111111011111111111111111011101011011101100101100100110111
11110111110111111011100111111011010110111111101100110111110110111111101110111111
10011101111111111110100100111011101111011111110111010110111101100111111111111111
11001110011010011101111011110011010111001111011101111001101111011111111111111011
11111111110101101011110100110111101101011011101011000110011110111111101111111010
10101111111101111111110100111111011111111111111110101111111111111011110111010010
01011111111101101111111111000011111111111011010111110011110101011111111100010111
00111101110111111011111111001001010011110111111111011111101101101111010011111101
11110110011111110110111001010110101011111101101011111101111110111111111011101101
10111111011111001111000011001011111111110110111010101111111110111111101101111101
11110110011011000101111111101101111011111011010011111111111111110110111100111111
01111111110101111100111111110110100111101001001111001101011111100101011111001101
01011000100111111101101010101111011111101111000101111010101100111101010010011111
11111111101111001110110101110110100011111101111111111111011110111110110110101001
01001011111101101010101011101110100011011101110111101111101110111101111110011110
01111011010100111010111111100101100011111101111111111011111001011111111111100110
11110111111011110110111101111111111100110111011010101101101101110110111100100010
10111111101111111100101111111111111100100111101111111111111011011011011101111111
11011101011111111111110001111111110111010101010011111011001110111110011111111111
01010111100111001111111011111110011110101110010111111111111101111111111010100111
10111111101011111111111111101011111100010111111010110100011111100110011111011111
11111101110101111100111101011100111111111011010110111110110111110110111010111111
11111111111111111111111111110110100011011101011011101011111111101011101111101111
10001111110001110111111111111011111111101110111111011011101001111111111111111110
10111101111100111111111011011100011101001001011111111001111111011111001110111101
10111111111101111011101101110110011110111111101111111010111111111111110111111011
11011101111111101110110111011101010111001011110111101011110010111011111110110101
11010111100111011011011101110001111101010101111011101111110111111100110110101111
10111011111100111111101011111111011111111111111100101110111010001011011100101001
11111101011101111010101110111011111101110011111100111110111111110010010101111111
11111101111101011111110101101110111111111110111111001110100110110111000111110111
11101011111000010111011100111010110101111101110001001011000111101011011001011011
10110111001111111101100101011111111111110111111111110011100111111100100110110011
11001011110111101011011011011111011011011100000111100011001000000111000111001110
01110011110101111111111011110110111101110111011111111100111111101001100011111101
11111001111111101110110101111111011111110011101100011100011011011101111111101111
11001111101111101101011101111110101111010111111111101010010111111111111111111111
11011110111101111111111011101111010101011110111111000011101110111110111111100110
10011111011110101101101111011111111111111011110011000111010111111110101111111111
01111111011110111111111111111111111010111110110101111010111011011011110111110001
11000111111111110010010111001111011001101110111111111011111101110011111010111110
10110111010110111101101101110011000111011111110101011011101110110101111101010011
00111001101110111110111011011111111010111111011101111010111011010100111011101110
11011111111111111111010111101110111111110101111101101001111111101011001101111111
00111011110111101111010111111100111101110011111110011011111100010101111010101111
10111000100111011111111110111111111110111101110100101101111001101011101110111101
11011111101111011111011111111110010111111111111011110100111110010101010111011111
01111111111111001111111111111101101101010011111010110111100111011110111111110001
11111101101111111111111111101110011110010111011100001011111111101101001111010011
01011011101111111111001101111011111111111101011111010001110111101011001011111011
11101011101011101111011110101111001111111111101010010001111011111101110010110111
11001111101011111111111111100111011111101011111111101101111101010111100011111001
00111111111011010001011111011001111100111111111100101111111110101111111101100000
11010111101110101001001111011101000101101011010001110111111101110011110110011111
11111111111001110101111110011110010111110111111111101011111110111101011110011111
11111111010110001101111111110110101001101101111001111010101111010111111101101110
00011110111010111111011110011111111001101111110111010111101010111110010101110010
11111110110100110111111000111111101101111111101101100111111010111110001001110011
01100111101111111011111111100010101111111111010101111101111011111010111001111100
01111111111110110111111100111111110001111110111111111011101101011111111101100100
