000000000000000101000101000000
001000000000011000001110100100
010000001000010001000010110100
000000000000100011000000100000
000001111010001000001000000100
000010100010000100000000001001
000011010100000000100000101010
000010100001000000000000001001
001010000101000100000010001001
000000101000010100110110000100
000011000000001100000010000100
000000011000000000101011000000
000100000000011100101000000001
011000000100101000100010100010
010010000010110010000000000100
100001001110100000000001010000
000100000000001001000110000010
101100000000000010000001110000
000000100101110000011100001010
000000000100000000101010110000
010010000001100000110000000000
110000000100000010100001000110
011000001111010010010000000000
100000000001000101000100010001
011100100000010001010000000001
001000000000000101010001000000
000001111000000000100000000100
011010000110001000000100001000
000000100000010010100100000000
000001011000100000000001100000
