0010001000000100000100011010010000000110000011000001101000000110110001
0000100000001000000000010000100100001100000000000001000100010001010010
1000100001100011010001000010000010011011110100000100100000010001001001
0000101000100000001001000000100010010000000010000011010000000101000001
0111000101001000000000010001101100010100010000001000000100001011100000
0000001010101001000000001000010000000000001100010100111000010001110011
1001010100100000000100000000010000011000000000000101010000100000000011
0000101000000111111000000000100010000101000000000000000101000010101111
0000010000010100000001010001001100000100000010010000000000001100000001
0010100000100110000100010000000000100010001000010011000101001000001010
0011011001001001001010000100100000001001000000000000001000001000100100
0000000010000110100100000000000100000000000100001000010000100010000000
0100110000100000011100000000100010000001100000000001100000000000100101
1000000111010000001001000001000000010000001001000100100000010010000000
0010000101010000111000001000010000010110000011000101110010010100010001
0010010100100000101001000001100001011000000000001000100101000001000100
0000000100010011010000010000000001000000000100000000000100000000001111
0010000100001010101000010100000000010110000010001011100100100001000010
0001000100101111010000000001010110000101100000000010100001000000110000
1000001001011000000010000000101001010000000110000000000000000011000010
0000000000100000000101000101010101001010000001100100000001100001000000
0011000010000101000010100100000010110000000001100100000000110100001000
0000000000000000000001000000110100010000010111110000011001111100100000
1100100011000000110000001000101000110001000000010000010000010000010010
1000010000000010000000010001000100000000000000011001000001001010000100
0000000000100000010011000001101000101010111000000000001000000000001000
1010000000000000000000000000000011000100000100100100001001010000101010
0000100010000101001010001100000000111010000001000000000011100000000000
0101100100101001000100110100001000000010000100101100000100100101000001
1000011000000010001010100000000010010000000010000000000001001001000000
0000100010000000000100010100100110001100001000000000010010111001000000
0100100010010000001010101000001000000000000010000000000001110100000000
0011000100001000001001000010011000101010101001011110100101000100100010
0000000000000001100110000010000000001100000011100000000000000000100110
0000000001000000000001010101000010001011100000000101100100000001010110
0011101000000111010101110001010000000011010000000100000101010010000100
0110001000100001000010000101001011100000000001001001010000000001000101
1100100110000010011000000010001001000000001010100111100100101000100000
1010000001000010010010000101100010110000001010000010100110100000001101
0010000100101000001000010000000000110000000001000011000111001001010000
0010000000001000001000000100000010100000011000000110001000010000010110
0010100000000000000000100100000000010000101111001100010001001100000010
0000010001000100000000000100001010000110110001011010000000000110000000
0010010000010000100100100010100000000000010011100000000001000000000100
1001000010000010010100100000010101000110010101000100001100001001000000
1000000000000110000011100001000011001001011110110001000000001000000001
0000000000000000000011100010100001000100000101000101001000001010010010
0000010011000000000000111000000010000000001001000010000001001000010000
0000100000010001010000001000100010001000011000000000001000100000001101
0010011000000110000011000010100010110100110010100000100001010000010000
0001000001000000011000000000000010000111101000010001000001110100111101
1101001001001010010000001000000000101101000001100010000000001100010000
1010010000001111011000000000000010100110000000000100000100000010000000
0001011000010010000000110000001000001000010000000000000011000001000100
1000010000100000000000100110000000000000100010101000000100101000001000
0100100101000001110000000000100010110111000010000000101011000000001000
0000000000000010000000000001001000000011000000000000010101000000001000
0000000101000001001010101011010110010001010100010110010110000001000000
0000001000010000010011100001101100000110000000001010001000000101000100
0110010000000110000001110010001100010000100000000110000000001001001000
0000100011100000000000101000011000000101010011110001001000010100000010
1001000010000010000001100000100110000000011000000011000000101000010010
1000100100010100000100001000000000010000001000100000100000000001010100
0111110000000001010110000000111000101001000010000000010001110010000000
1000110100101000001000100010000011000100000000000010000000000000010000
1100010000000010001000010000000000100001100000110111000000000110100101
0010000101000000100001000110000000000010000000001010001110010000000000
0000000100101001100000001000000001111010100100001010010000100010010010
0100011101000000110100010010000011100000110000100000000000001100000100
1011011110001010100000000000100000001010000001001010000000000000010000
