0100010001000000010000001000010000000101
1001001011001000000000000000011000010001
0001000110110001000000000100001100100010
0110110000101010000001000101000001000010
0001000000000011010001010100000010000001
1001000010001010000000000001111000000011
0100000000001000000010011010100000110101
0010000000010011110000000000000000100110
0110010001000000100010100000100100000010
1100000010010010110111001000111000000000
0011000000000001000000100001010010000000
0010000101000000100010110000000101000000
0101011000000011000010100001000000010100
0000000000000001000010000000100100101000
0001110101001000100000001110000010010000
0010100100101100010000001001110100101100
0000000111010010000000000001001000000010
1000100101000001000001010010001000000000
0000000000000000000010011000010011000000
0000000001000000000000100000000010000100
0000001011011100001000101001010111010110
0001100001000000010000000010010000001000
0000000010111000000110001011000001000101
0000101000010000011000000000001010111000
1000001001000011001010100010001000000000
0011100000000010000000000010110010000000
0000001000000010010001101100000001010100
0001010000101001100010100000001010000000
0000011011000101000000000100000010000101
1100010001100001001011000100001010000010
0110010001000000110000011001010010010000
0010000010010101000010000000000010000100
0000100000100010001110010101111100000010
0001000000010000001010100010000000000110
0010001100000101000000010000000000001000
0100001000001010000010010010001000000000
0000000000000101000001010000000000100100
1000001100001001000110100010100101001010
0011010110000000100010000000010011000100
1100111000000000000000100000100000000000
