00010101100111000000000000000000100110000010111001
00100110100100110000000110000001000000001010010100
01000000000001100001110000001110000010000111010000
10001010001000001000000110000000000001000000011111
00010010000000000100100101000011100000000000110000
11000001001010000010101011000000110000000001000010
01011000001111101000010100100000000000000000001011
10000100000010001010011011100000101000010010110010
11000000001000001100010010010000000000001100000010
00000000000001010111110010000110011000101000010100
00010110100010000000010001100000100000000010010001
11000010000011001000011000001000100100000000010000
10000111001100000100010110000100101000111001000001
10100010010100101100110010000000010010000000011010
01100010000001000001000010000010100000010000000101
01000000010000001001011010000100000100000000100001
00010011100101010000011010000001000000000000000000
00001000110011000001110000100000011100001000000000
00000101010000000000100000000000001110010000000000
00100000010000110100100000000010100000000010110010
00101100010001000111011000000001100011000000000000
00100011111111011100100100010010000000010001000000
00000101000100011000100001101000100010000001000001
01011010000010000000010000100000000000011000010100
01010101110011111000000001001000000100010100000001
00001101001000000000001010010010001011000000011101
00000011001000000100001100000100010000000001110000
00000000100000000000010001000010000100000110011110
00100000000100000000001010000001000000000100101001
00100000010010010000000000100000010111000100011100
00101000010000100001010001010000000000000001000010
01001000000000001000100000001000000100000000001100
10001101001110100001101000000000000000000000000000
00000100010001000100000000100100000000000000100000
00000001010010000110000001000000000000000101000001
10000000000100010110000010010101000000000010101100
10100000000001000010101001000100000001010000110111
00010000000000000000100001000100000010000000000011
00000000010010000000000000000000000000000000000000
00000001000010100010010110000000000010000000000100
01000000110010000100000100000000000000000001001110
00100000100000000000000010011100001000000000100000
11100001001000000001000000010000000100000000000000
00100100000010000000011000100010001000001000100000
10001001000000010001000000101000010110000101001000
11111001011101000001000101110100000010000000000011
10010010000001000000000001011101000100001000100100
01010000010000100000000101010101000110011000001001
00010111100001000001000000010010000011001000010000
10010010001010110000001011001000001011000000010100
