011111111110111111101110110110100111111011101101011110111111
101111111111101111010110101100111111011101111011111011111111
110110111111100110111111111101111111111111111111111111111111
111011110011111110011111111101111110111110101011010101000110
111101101111111100101110011111111111111111111111111111111111
110110101110111011110111111011011111111111111111111100101100
111111001100110110110110110111100111111111111111001010111111
111100000001101111011111111110110101111110111011111111000011
111011100111111111111110011110111110110111111111011111110101
111011101010101111110111111111111100110011101101111011001001
111111001101011111011111110111111110111110111110110110111011
011110011010001111011111111011110111111111101011101111001011
111111111100011001111101111110101111101111111111110011101101
100111101010101101110101111101110111111111111011100011111111
110111011111110110101100001110111001011011111010101110011110
111110111111011011110001111111111111110111100110111010101101
111101111111001101111111101011011110111100001011110010100011
110001011111110110100100110111111101110111101011101101111111
101011101100111111011111111011111111110101011101011111111011
011101111111110110100111111110111111100111011110101011011110
101110011011101010100101111111110111111111111100111101111010
111111111111111011111001110111101111111110111110001011010101
111111111111000010110000111111111111001111011011111110111111
001101010111110110111100111111111011111011110011111101011111
111101110111110111111111011101110011011101101101111110111101
101111111111110101111111101100111111110010111110001111111110
011111011101111110111011110001001011101011011111111001110110
111110111110111101011111110011000110111111111111101111101001
100011111111101111111111000101011110111111011111010111111111
001111100111010111101111101110101111110010111010111111110111
111110111111111101111111110001001110110010011111111110011111
011111011111011111111011110010000011111110111111110111011001
011111001110101111110111011011100111111111111111111101101111
111111111111110111111110010111101011110010111111010111111011
111111101011110110111111111111111101101111111111101111111111
111011110001111101111111111001011110111101011101101111110000
101111111111110111111101011111111111010101100111111111110111
111111111111011111101101110111111101101101111110011001001001
111111110011111010001111101110011011010011111010111101101011
011111111011110111111110100110011011110011110110011111010001
101111111111111101011111011111111110001100011111111111111011
111011101101111101111011101110001011111100010111111111110011
111111111111111101001101110101011110111100010110101010111111
011011111010111000111111011111111111011111100111011111011101
111111111111111011111110111111111111011010000011111110011110
101011101110100100111100111110111111110111110011011001111111
011111111011111111010111011111111110111111111101110110111101
111111111101110011100011101110111111100011011110111111001001
011011010111111111011011101101111011101011101011011111111111
111111011110100110101011101011111100111111011111101111110110
111011111101001101111111111101101011111111111101110111111001
101111011011001001101011110111111111101111011011111010111111
111010111111111110110110110111110111100111111011111101010101
011110011101110001111101011111011111111111010101111010111101
111011101010110111101010111111001111101011100110111101001110
111010101010011001111111111011110111100111111110111111001111
111011100111111101111011110110111110011010111111101101110111
111111101000111101010111111011101010100000111110110111111010
111110110011011011111011011011101110101011101100110100111101
111010111111110111100111100111111110111111110111101111011010
