0111010110010100110100001111001000110100
1000110111100000010000101101001000001110
1001000000111010100110010010110000001000
1010100110011010011000001010101101100101
0101000010101101110101110100100011001000
1100000110101100000011010000100000101011
0000000110111010110101101101001101100110
1101011000101110000001010011010101100101
1101111000001000010101000001010101011000
0100000000000101001010000000000000111100
0110111100010100001010011010011101000100
1011001000101010111100011011101010001011
0011111110010011010110110010010010100111
1000110101100011110111100010101010100010
0011001100011101101010101010010101101111
0000100001001110100111100000100111000101
1010101000010111010001101111001010010010
1101101010011100101000010110001010000011
0001000001110010010101100101001111011011
1010101010011101001001011010110101011001
0010010001101111000001001001010011010010
0000111110000101101110001111001100111011
0100101000001111101000000001011010100101
0010110100111000010100001010101110101001
1101001000110010100111010111011110100000
1100101000000000111001001010110101100011
1011000100111110110101011101010010101101
1100001110010000101011101010111111100011
0011110000010101000100010101011010110101
0010000110101010000110101111100111001011
1101001000110100111001111001100011101110
0001001110100011001101011101010010101111
0000100000011101111010111011111101000101
0001101110100011001110000101011010111000
1001011101001110000001111111101101001101
1000000011000000101111000000100001000001
0110110011010010001101010010011101100000
1101001101101011000000100010101110100010
0100011000011110111011000101011100000100
0001010100011011011101110111110110110000
