0000110100010011100010001000000001000000000100000000001010000011100000
0001110000001100100110001101110100000010000000000010000000110000001000
0000010000000001001100100000010000001000001100000000010100000000100010
0100100110001000101000000000010100110010000100101100111010000010110010
1101000010001000000100000001100000000010100101010000000000000000010000
1110001110010010100001100000000000100011100000010000000000000011101000
0000010000011001100000000000000110000110101000110010001000101001111000
1001010000100001001000000010000010010000010000000110100110010000110000
0001110001001010000100100000000011001100010000000000001100000001010001
0000000010110000001110000000000010000000100001000110001111000011000000
0000000101000010010000100000000000000000000000100001000011001010011000
1000011001000000000000000110000100000000100001100000010010000010011110
0101101010000000100001000110001100000100100000001000000000000011011000
0100000000000010101010000000010001100100000010100000100101000000000000
1000010010100100001100000000100000010011001000000000010000000101101000
1010001100000000001000001001000001100010100000101000000010001000110000
1101011000001100000001100000000000100010000000010000100001010100010111
0000000000100000000010001000110000000001010000100000010000000010000101
0011000101000111000000101011110000101011000000100000010000010100100000
0110100011000010000000000000001010000000101000101000001100000111111000
1100000001000100010000000100000000100100100000100000010000110110000000
0000010000001000100000100111100000000101110000110100000000100001000100
0010010010100000101001000000001010000010001000001111000010010000010110
0000000000000000000000000001010001000010100000010000010010001100010001
1100000000000001011000000000001000000001011101000000001100100001000100
0100000000011000000011000000000000100010010010010001010010000100000101
0000000100011000001001000000011000001001010101001001100000101001100000
0100100000000001001001010000000000000000101010001000001100000100100010
0100100000000010011001000000010000000000000000000010100111100110101000
0111000000000100011000010010100000010100100001001001000100000000011110
0000000000001000000100101010000001100000100011010000001001100011001010
0101001000011000000000000000000000000001000000000100111100000000010110
0000001111000000000100100000000000000000010000000011001000000000100000
1000000010000101000000010000001000100001111010100110010000000000000010
0001010000000101101010000100001001010100100000100100100000000000100010
0001000100000010000000000000010000100010001001100101100100001000100111
0010000010000000001000000010000000000001000101000110000001010101101000
0000001010001100000011000000010000100000000001000110011000000010100001
0101111000000011101000110100000000010001000010001000110000010000100010
0000010000000010011001001010000101001010111000010101000010010111101010
0000111001011001000111010001011001100001001001001010010010001000100011
0000000110000000010001001110000011000001000000000000001101000110010000
0010001000000010000100101001000001010001100000000011100000101001100101
1011100000000000000000001010000000001000000010010000000010010010000001
0000000000000100000000000101001001000010000100000001011000010111010001
0000100001010000000000001010011000011100100000000000001100000000110010
0001001000110101011111000000000001110000000000000000000100010010010100
0000111000000000100001010100001000000001000100000010011000100000101011
0001000000001001000100100011010000000010100000000100001110000000100010
0001000101000000000001100000000101111101000000001000000101100000011000
0100001101000000000000100000100011001100101000010000000000001000001110
0000000000100000000000100110010010010001001010000000000111000010001110
0001000100000100100000000010100100110010001000000000000000000000010000
0011000000010010011010010100000101000110100010010000000000000100000000
1001001011000000000100001001001110000100010011011000000010000010000001
0010000111000100000100001001110100010000010001101101000001000010101000
1001000101110001000000110100100000000001100100001001001001010010000000
0000000001100100100000000000101000001000010000000101000110010000101000
0100001000000000000011001010101000000000001000010100000000001010000010
0100000100000000101010100000000000001011000110100000000011000010000000
0000001000100001000000010010000000010000101000000010000000100000001110
0000000000000010101110010101100000001001010010000000010000000001101000
1001010001111000010110000000101000000101010110100001001110110001001000
1000011011001010000101001010001000001001001010000000000000000110001000
1011011100000011001100000011100010111111101001011000000101000100000000
0001101110111001100100110000010100000000010011100100100000000000001000
0100011000111010000100000000111000001001000000010111000101001111010101
0000000000010000110001101100010100010000001000100011000000001000001000
0011000000010000100000100001011101110011100001011011000000101000000000
0000000010000000110000010100000000010100101110010000001000000000001000
