0010100010101000000000000000111001000000
0001000100100100000110010000001010010000
1000000010110000000000000001000000000000
0100011000010000001011000000100011100010
1000000011000000010000001011000000001010
0001001100011100011001001010001000001000
0001010000010000000000000000010000001000
0100010000000010111100011100000010001001
1010100000000000000001111010000000100100
0000100000110100100111011010000000010001
1110000001010011001010000000010010010100
0011011001101100000100000100001101000000
1000010000010000010010110000001100000000
0100010001010000000000100010000100001000
0000000100100000000110000110000010100000
0000000000100000010001000000000000010110
0000000101000000000000101000010110000000
0000110100001001001001000000000001100001
0001010100100000010000000100001010010000
0100000101010010000010001001000010001010
0101000001101010000100000011010100000001
0001010011000001010000101010010000000001
0000000010001100100001010010000000111110
0100000111001000000000100000001000100000
0000110111000000100101000000000000111010
0000000100010010001000000010000000010000
0000110011000110000011100100000001100111
0010100000000000000110000000000010010001
1001000000000000000000000000000001011000
1000001000100000100011000000000000000000
1100010000011000001000010000000001010000
0000000000011100100010000000000011101101
0101000100100010101100000001000100000000
1001000000010000010000000010101100000010
0001000010000010010000111010000100000000
0100000001100001001000101101101000000000
0000111100000100000100101000100100000110
0000000010100001000000100010000100001000
0001100000000001000100101010000001001001
0000000101000000010011000011000100000010
