011010010111111011011001001001001000100100111001001000001011000001100010011011101101000010111110110010110001110001010000101101110001000000000011010111
101000110010110110111111111000000110111110101010111100010011110111011101011101001100001111010000001011101010001101111110111100110001000000110001001101
110000111100001000010000001110100000110101110100001110110101001010100001000001100001100111110111110111010100111111011001011011110111111111011011110110
000011110001010100101010010100011110111000000101100100100001100000110001000000001001110111100111100110000001110100101111101010011011000000110111100011
100101000001001110110011000001010001011111111011001000100000010100101011001111011100001100100001100101101001111100010011100001000100011001011100010100
000110101011100100011011011000000101001110000111001000001110010111010100000111101100100011101001110101111010001010111111001100111000010000111100011001
011101001100000110100011111001111000010110001010101110000111001010000011111011011101000011110001110000001111110001100100001010101000110111110111011110
111100001100111000110001111111111101111011110000000111111000001001010110000110111011101000111110000000011001011111010110111101000101101010100110110011
001001110001000100101111000100010110100001111001010110011010011000111100101000010101110010001100110010011110011000100010110000010000000101101110010001
101000110011011110110011011110111011111100010110001100011001011001011011100001111100111010000011110000001000001100010000100011110001101110001000100110
110001000100101001111101000000011000101111101011000110110100100000110110000110100011001100011110101001110010010011000011101100011010100000101001001001
100111001100000011100101110010011110001000001000111011110000010100110100110000101010100111100111000001100010100111110011010011100000100100101001010011
110001010010001101010101110100110100110000000000101110001110100101000011010111101111001010111110000001100111011011101111001101000000000100010111110110
110100010100000011100110011111101110101001100000000101101011110100101010001010001011100011001110111100111101101100011010011000001011110110010110011100
101010010110100010001010101101100101101010100111101000110001111111111110001011000011010101110100100011000000110001001010010000011101100101101101000000
010111101100100001111110110111100111001011101011110001001100010100100110011010101101000101000011110001010111010110100111001011100011110110100101000011
110010100101011000100101100001101010000001101111000000100111010011001001101101111000011000001011000001110111001011110110111010111101100001111110110110
100000000011110100100010011000000011001010110100011001000100101011100011111101010000010100110110010011000111111001010111011011100110100001000111010101
010110111111010111010001111101111000001010111100000011000000001100101000000010111111011000010010011101111111011111111011110010000001000110011101011101
111011010110100100100110100011110000001101011110101100011110111001111110011100010100110011000111101011100101001100001010110011001000001111111001110100
110101001010001100000111010000101110000111000101001110101100101111100000101101010111010010001111101011001010100111110101001001001111001110001000101000
010000001011110110011010011000010111011101000101000001110010011100101101100110000101101100100100110010101100001000001110110111101110100001011110110110
010111101100011101011100111100100001011001010001100000001010110001011110100101100011011100000110110000100011101000100000101001010100000000111000011111
110011111111100010101000001110100110100110000001000000010001101101001100001010001011011010010100100101000001100011000101100110101011011110101111010100
010000110001101110110010001001100011100010010110101101101011111100000101110010001100010111111100011111010111000001101111010100000110100011010001110101
010101110101110101101110000110111111010000010001001011001011000101010001001011110110001111101000011110011001111001110011010011111110100101011001110000
111001110100011001100111100001101011001111010101010000010011111000000101101110001011010101011010100010000101000010111101001110010111001100101111010110
001100011100111100100011010001001010111111000100110011001001101101011011000110110111001000110101101110110001100111001001100111000110010111001100001010
001000010101010100010001010001110110111101010110101111100100101010110111110111111011000101100110010000100111100011010010010001011101011110001010010100
100010110000011110110000101110001110001100111111100010111110101011110101000101011001011100101111000011010111100000100111010010011100100000010100111011
001000110100111110111011111010000101111110100101100101100001011111111110000010110000100100110101101110101011011101100000001100111100100010101001011000
000110111111100000110100010010000110010001110010011110000100010111101111111101110010011101110001111000111000110100110110110110000110001010000000011000
100100110111010010101000011101000001011111100101000010111100011100100101101011010101011100000110001111001010111010111101010000111011001111000110110011
010101011001111100001101010011110010100010101110001000001011011110100000101110011101011100101101100010000001111111100011101011110001100100101101010100
010100001101010111001101111111010100001101111000011001010101100101001001011011110100110001010111000100011101110101000000100010001001111010000101100110
000011010100001101000110111000101000011111001001100000111110100011000010110110110011011000100010100111001110111111111110101001011111010100111000111110
111100011110111000000001100110100100001001011100110000011001100000110111011000010111101000000100000111010010101001000010010001110111010100001110000000
011110110100100000000110010110111001001111100000000010000010110001000001001101100111010110111101111110100111110000001111100101111101000110011000110101
010111010111011101110110001111101011110100101110101101000111101001101000100100101100011100010001011111111010101111001110011101010101010101011111110011
111011100110000000011101001111101011011001110010000011111101110011101111010000000101101001001011100110110110011011011110100010110000001010011011000101
010011110010001101101001101100101101010000000100110000011010110111111000010101011001011011010011111100011111100111110011001011101011000101001010010101
001010011010010110011110001110011011110100110001010010110010111110101101111010110100010000011010011101111111011000010011010100000111101010100010110110
111010011010011111100000000001111110011101010101011111101011101000010000010110101110000111010001010110101100111111110010001110010100001011110010101101
101010011100000001110010111011010010100101100110000101110011010100110011110100011101000000101010011010101100110010000100110100101010001000011000111001
110010101011000110110000000001000111101000000111100111000010001111110101011111101001110110101101011110110100011001010111111110111001001110001010110100
001101000100001011111100101111101100101010111000101101100111011000101010001010010110001111110010111101000101000101110001100110110001000011011101001000
010011100110001110010000100011010100001100011001101011110110001001100110110100101111010110010100110111011000000011011011101001111100001010011101100010
100111001010001110001111011001101001000001101010010010101111101010000111100010101011001110001011010000000110101111010100000111011110011011010011011101
010100100001101100010010100111100001101010001110010100111100010111000001000000011110011000010011001000001111101000111101001001011111010111000010011111
010000001001000101000000001100010010100011100001101110001100111110000001110101101111110110000110111000110001001001011100001011100100011100011100101011
111011100101101001011000110010010110001000100110010010111010000111011100111111100011010100001101011111101000110110011100000010010111101101111111010011
011100111110110000011000100010110000001000111100110000010011011101100011101100100111010100000111101011001000100000010100001011000110100001001011000010
001000111011100000101000010111011000010101101011011000101010001111010000101010110110110100100011101100011010011111011000000110110011100110110110011100
000000010001010101100100110110100010001100111110000000101110010100101001110100111100100011010111011100000010011101100100100100010010110100011110011000
001110010011011010001100100011101001000101110111101011010101011000010000001110000110010001000000111011110101111110010010010110111111000011010011010000
011000011111001000010101001001001011100111010010101100101011010100100010010110001110100101010010111001010110100010111101100110011000101011110101001001
100001011100110100011010110101001101100110100001111011010011110101100001100001010001001011100010101100001101111001101011100110110101100111010011001101
001001100010100111011000000011011011001100000111110001100011101111000010110001011101110010010100010111100101001001011001100100000100010000110011010010
110001101000110010010110111001000101011011111111001111011100000110000111001000011011011011111111111010110010110011110000011111000111111111110011100010
111100100100011010000001111100100110101100110101000100111100001001101101000000000110010101100110011100010011010110100010111101001001000010100101010101
010100000010111001011011101111000011111111100001010000001100010111101100110100000100011111000011101111110111100101010101100100001001110000000100010001
010011001101011110010110101000111100010111010100110101111000101111110000111011101111111101000001111010101001001100000110010111100001000100011000101101
001000111100001001111101101111101100001001101111010110100101010011100000110111010101011001001110010101110000010010100011000000111101011001111011011010
010011000001111100101101110100111110000011011000111111011110110000101101000110000110011110010011100011110110010101100101000101110001011001100001100110
011001100000001011001000000011110101000111001001111010000110111000110001100001101111100010101111001111110010100011010111000010101011101101110000110100
110001010100101011011011010101110011011110001010101110001101111000001110001010000110101000111000101011011010010111010010111100000010000011111000010011
101110001011011101111100000011111100101111011110000101011001111110001000010000010111101101110111111001110101001100111001011011001101111110000011001001
010101011111001000010010010111100000100010111000001010100000010010000101001011111100000111001111001010101010111101011000000011011111100010110010111001
010010001100011010110111000100110010001111000100001001000001100101100000001010000100011010001110100001001101000000111010110111101110101010110110001011
010001011011001100010111101011111000100101001011001000000011100101010010010000100101110110001011101010000000110101101101010001111011111001101011001101
100010110110111101010010000110110001100100010111000100010110000001000100001000000110001111001101001001101010101010001110111111001010010111001011101100
011110100100100011000100111111011010110101011001110101001011000110010000001101111100110001110010001000011000101011111001010010101101011111110011010010
000000101101000011001110101010011101001001010011011111001100111010000000001111000001000101001110110011110110010100111100101100011111010011110101110010
110000100001100101010000100010010011100111111010011001010100111000100100001011100101111110000011101011111101011000000110111100110011111010100011011011
110010101000011111011001011000011110110001001100001110100010010001011011110000101010101111111100110000110010010010111110010101111100101100011101010101
010011010010100011011110001111010101011010111010011101110000101100000001100001001101110001001000111101101100000000001011010101001001001000011100010110
100011110010111100100101111110101111000001101101001010110000011101011000110001101111010100110101111111100100101001011100111011110011100000101101000100
111011100100101011001010010011011010010010001000011000001100011010010001110110001010011111001010000101100111001000110111100001101100000011011011110100
101001010111100110100010010110110011011001101011011111000000010010010101011010010100001101110010111100101010110111011010010000001010000010001010100101
000010111100000011111000010111111111100011010100100011001110001000110001000000100110000110111111100100000010111110111101000111111111101010101101011111
110111110101110110100001101011000100001010111011110001010110010010010001001111000010010011000111001111101011010101001111010111010001100011010111110100
110011101100100100111100110100001110111101110110110111110101111111111111010110110011001110100111010000011011000000101011000101111110000001110011100101
000000010011111000101011011110010001110000100111111110110011010111100010001011011101110000110011000000110110111010010111101110110011000101111001110111
101100111010111100101111001111001101110110011011011100001110011010100100110110000110110111101001011000111010100100101010000110001010011000100110000110
001101011101010000010100000000100010100100001000010011010100010011100101011100000011010100101111001011010101000110010011000001001100011000001110101110
000100001100001011111011101001011111011011001010111110100111111100001101010111001011101101111010010101110010001100111010010001011000010100011110001100
010010010110100010100111010101011101101110000101100000001010111101101010011001100100010110001000100110100110011001101111001101011010010101011000101111
011110000011001101000110111011111100011000101111011110010001110100110110111011110101111000010110000010000100000101101101000110011101001111101110011100
111101101101110000011001110000000000010010101111010001001110100110011110011001011101001001001111001110011111100110000000111101110110011000111011110010
011101100001011100010000111010010010000110100100000001111011111000110011101101101001010010101001000010001001111100011011011010101010010000010101001100
101111110001101001000100110111110101010000011100000010001011000011100001001010110111110001010001010111101100110001100010101110011101110011011110011101
111000110010101001100001101100110010011011100110100001010110000101100001001010110010010100100100000110010101000001100101001001001010010010101010010101
100001011010110010001000111001000100010101011001001000000010001011011110101101010001111011000100111110100110010100011011011011100110100010111111001010
101100011011111001011111100111101110110000001010011101000111001010111010101010011100100110011000000110100000110101100111011001101011010000001101101001
101100010111110111111010001011001011000111010101110111011011101110111101110001111110110110000000010111001000100100110111101000000000110110010011101010
001111100101000110011000000101110110011110101001101111000010110110110110010010011111100011100000011011101100101010100000000011100000011010001111100111
101111101110011100011111001100110101010110000110010110111010110101101100111110110000001000001000000001000101110000011100100110010100001001001100011110
101001101100010101100110110010010000011011111111011001110111011000100000101110100101010000101011001101100110111001010110110010101000001100100111110011
010000000010010000111000110100111000011011011100111111111011110011110111010110101001100010001001010111011011000011000101111000100011100011100110010100
001111000000010000100001110100101011111111101110001011001101101010000000000111111000011010111110011000110101110010110110111010011110000001001100001111
111100001000001001011100111101101101111100111010001100100110110111010100110010001000101111111111001000100000010000001111011111010011000000001010011000
011011000011101111111001100001001001101001000110001100110100101111101010110111001000110000100011111000111010111010011000011101111001111100111001001111
110011000011110010110110000110110000011101111000011000100110111110110010111111101011011000101101010111010101011110100100101001001011101000001111010111
101001011010010110100000110101010010101111001010010010110011101111100001111000000111110010010000001101100110011001010010100000100101000110001001001010
010011111100010000101100010000111011001011110010101110001000010001011011010100101101000011100011001001000000000010011000111100001000111011010011010000
001000101000110111110100101011000011010111111101100000111100100100101000110111000010101110111001110100110001001110001111100000000111001000001011101000
010001101011100111101010100011101001111111000001100011010011100111010010101001111111011010001000011001010001100010111110100110001110100111100000100111
100110110000110111110011111111100110010011000100110000101101110000101000010001001100100011010000101100100110110101000100111011110111101011011011000001
101110100001011001001011010111011111111010110001101100111010100010010111000010110011000011100111110101000011001101110110111111000101001001011001010010
101110111010101101100000010000111111010101111000001011101011001101010100111000111010001001101100110111110001000110111100110110100100100000010110110111
011011011100110011110110010000101101101101101001110011101100010000110011010011010010011001000001010001110100100111011000001001011110100100110111101111
011110010101010100111000000100110111001010100101001011100001110101110100100000111001110111001110000000100101111010101011010001110001000101101001011010
001001010011100110101001001110001101001110110011001010110011001011000011001000110010100010000001001101101110011101101101101110010000101110110000000100
111000110011101011101001110110100111101110101111010011001110100111010101000010101000001100110100011000010001101010111000011010111000001001001011111101
010101101001100110101010111001111101000010100100100001011011001100101101101001010101011100110111000100100010110111000100111101000100010010111011010111
111011010101010011101000011010011001000111101111111110110110100011111001101011110010110001001010110101011010111001001110001001110001001000011001110111
011101000000111000110100101100001001011100000010111010011100000000111111101110111101011101001000100011001110011111010011100110110010110111101110001110
010101110000100111001101101001011001011100011001111101010000110110000110111011011010001100010110111110100111110010110001100000001001001011010101110011
010111011011111111110100110011010101111111101010000000101001011011001010011101101111111001101110010110010110100100011001011100000101011010010000010000
001111000011100101101001111101001100010011001110100000011100101110100101000101011110101101011110001010000100000110001110101001100011000110010000001001
110110011110000010110111000100010111010100011110000001011101100001001010110011000010000010100010111100111111110010101101001000111100100110111111001000
011000011001011011110100110011011000101001011000000000100011010001101111011110101000010011001100011111001001110101100010001010110000011010000110000001
111101110010110111001010001000100101001010101010110100000011000001100010110010000010001011111110001111101001101011110011110111101110100101011111111001
110001010010100000000101101100110000011001111101000011111111110101001010111100011111001110100000100011001010110010101010001000000100100011111001010000
001100100101000111110101011101010110000110101101011110111010010010111011000010011011000101101001110110000011110011001000011000000111001100110001000000
101010010101100101011110010110000101111010000011110100000011010100111110001111011100111010011101000011100001101100110001001000111100100100101100011010
111001100101000111000101010000101100110110011110010010101000011110001101011011010110000011001101011001010001010101011001111001000010000111010011110010
111101001110001010000010011011101101111100101111101011111000001100010100111010011110011110100000100111000001001111011000110001001011000011111001110011
000101100010011010011101010011101011010010011011100000110001101010111111101101110101111101110100010101101010001001000100101001010000001000100001001011
001010010000001011001110111111110001111001100011111100101110001000111001101001010100100110101000100100010111111000100010101111000001101100111001000011
001100000010010101001101111100011001100011010001101111100010000011011110110010110111001011011100001110100111001000001001001010110000110101010000000011
111100010100011110101001001010001111111011001100101010101011111110110101110110011010000100100100001011110101100100010111000010010100010010001101010111
001000110111011111000100110001100110000001000000001111011010100010111100011010011000000000101010001001101011011010001000101101000110001010100001000001
001011100000010100000001000110000011101000000001110001000110101100100111110000000001111011110111000001001000000000101010010000000011000011101011101101
001010010100000000011001001010011010000101111011011000010010001110101101011100010001100110000001110001101101100011010110010010001100100000011010011111
001000101101111100111001011110001101111010001000111011001010010010100011001000000010011100000010010001010010001110001001101011100110000011100100110011
001000110100010100111001100110111010010101101111100010111011000001111011110001111000000100111011001000011011000010101111110100110001110100100101100000
001010101000001011010100110100001000001010100101101100111010001111000111100001001110001100100000101100001011100101001100001100110010010100010100000110
010101111011001110010011001000100101000001100000001010010111001111011101110010010111000110011000011001000010001110101000100111011100110110010011000010
011111100000110010110110110001000001011100110111011011111110011011011001101101001110011011101010000001001001111010110111101110110110001001100011000001
001011001111001010111111011110100101111110011110011101000000011001000110001111110010111110111101100111110101100101111000101101010101011000000111111110
000111111000111111100101001101001110101000000110011011010001100000001000101110011001110101101101111100100000011000001100111001000001000111001011000010
101100111000110011000101001010001000101111101001101111101110001000111111010001101101110110111011011010101101011001101000111000100000011000111101001010
111100100011101101110001111000100110001100000111001100111111001100100111111011011110000011001111010001111101101101110100101110111101110010111110010001
001100010100100010011100110001001011011001111010010000000010010110010010100001101110101010000111010000000110011001010100001000110000010110001000010100
101011111001110011110111111011111101011011011001101011100101101011010001111101011010000110110000111010101000110101110110001101110001001100001001100100
010001100010010000101010000101110001000000110101110011011000011000111110010000010000111101101110100111010100001101001001101001001000011000001010000111
111010100100110011110111101010000111010111101001100010001001010110000110001111111111111101110001101101100010011011111000000000000001011001001000111000
101100110101100110000110001101001011001001000010111100000110001101001001110100010011101010001011110101110010111100111100000001111111001101101110001001
110101011011000101100010100001001000011110110001111000011001110001111100011000110110001000110101010101100011011001110101011000011111111100010001001010
