010110111000111011111111110111010110011110111111111101011111111101011111101100110011011110111111011111111100000111101101001111111001111011111101101101
100111111100111111111111111100101101111110001111101011011011101101001100110111111001101111111110001111111110101100111111011110110110011110011111011111
000111110111011111101011101011111101111111111011110110111111011111011111111001011110011111111101101011111101110110011010101111101111001101111111011110
111011101110101101111011011111111111001110111111001110010100001100001110101010111111111110111001101111101111011111111011111011111001101101001110101111
111101111110111110011111111111110110010111111111111110111111001010011111111110101010011111101110111101111111111111110111010111000011011111011111110111
011110010111111111111111101101110111011110101111111011001011110110011111110011010111101110111101111111101100111111100111111110101101111111111001111011
111110011011111011101101110100011111111111111111010111010111101111100110110111101101111001111001111011010101101101110111111101011101011111011111011111
111011100001110111000111111011111011001111011110001111011111111110110001101110111101111111111101101111101111111111011101011111111011101011101110111011
110110100111111101111001110101111011101111011100111110111111010110100011111111110111111110111110001110111111111111111111011110111010111111001001110100
011111001011110110111011111111001110111101110111111111111110101101111111110111011100111101010111101101111011001110110111111101110011110000111011110100
001111101101010101101101111111111111101011011110111011101111011111100110101111111111111111011111111110111011100111111110111111111111111110111101101111
001001111110101011100011111110010011110111011001111100011111110011011111111011110110101111010111111111001111011100001011111111111001011101011101111111
110111111101011110100111010101111111111111011111110111110111111111111111111111111111101001010111101110010111011111111100111111001110011101010100011111
111011111110100111101111111111101010111101111101111011111010110111101110101111111111111010111111101001101111010101110110110110111110101111111111111111
111111101001100111100000001111011111111110111110011111011101101011111011111011101111111010111011110111101110110111111111100011111111101111111111110110
011111011110111000011011010111111011111001111111111011101111011101101111111111011111110011011101111100101010011101111111111110111100001011110110011111
111011110101111001111110111111111110011011011111111100011110111101010000111111111001111111101110111111101000111111101111011011111111111111110110010101
111101111011011010111010011111011111111111101101111111111111111111110100100110010100101111101101111111110111110111110101101111110111111000110110101110
111101101111111011010101011111101101111101111111010110001101011001111111101111111001001100111011110110110011110110111111111111001111111101111111001110
110111001100000111101111111111110110110110011111110010110111011110101011101111111111101101011110101111011011111011111111111000101111111111011111101110
111111101110010111010101111101111110111011110011010011110011011110111111101000001101101101111111111011100101011011111011111111110110111011111011111001
110011110010110010111011101110011110110010111010011111111011010111101111110110111111011100111010100101010010111010011111101111111011011011111101111111
111111010101110111010101011010010011110111101111001110111101110111001101001110111111111110100111111101011110111111110111110111100011111011111011110110
111111111111110100111110111110011100111111011110011111001101101110010110111110010111110011110111010100111111111111110111111111011111001001001101111111
111011111111010010011101011110111110111011111111111010110111110111111011001010101111101111111111100111111100111101111111111110011111011111110101111110
110110111111110111111011101101111111110110111111111111110111111110101001111101011011111010111111011111111010101011110111011011111111011111011111101100
011111010111011011111111110010111110111110100011011110101101111101111111101101011111111110111110101101111111111011011011101011100111111111111011111110
110111101111111111111101110011011011111011011101011011111100001111100101111111011111000111111111110101110000010100011001001111111111111000111111101011
101110010111011111110111101101110101011110101110101110111101101011111110111010110000101110111001100111010110011111111111101111110011001011110011111011
101111011110111111111000010110000110011100011011111101111111010111110110001111011000110111101011111110111111011110001111011100110110111011110011101010
011111011010110110111000111010011111100001001111111101101011100111111111111101110111111111110111110110111101111111111110011110111111111111010011110101
101111111011101111011111111110101101001111001101001100100001101111111000111101111100111111100111011110111111011111001001101110110110000111110110111011
011100111110111111101101111100110101111111111111101100111111111111111001111111111011110110111111111101100110001100011111111010101011011111100111111111
111111100110101011111101111011111001111111111011101111000001111011010001101100101011110111110111110101110111111110111111111110111111111010101111011100
100111111111111111011110111101100001111111111101111100111011111111111111101100111100011101111111111111000011011010111111111111111111111101111111111101
011101111011101101100010010110111110011110111011111110101111111001111010001010111011010001110001111010110101111110110111111100111101111111111111110100
011000101111111101111111111100101110001111011111011110011111110101111111111011011111111100101010111100101011011101111010111111011110111110110101110101
111011100101111111111111111111001111001111001111011101110010111111001110111111111100111011010011111011101110111111011111000111100111101111111001110111
111101111110111111101001101111011111110011111111110110110111000111101111110111111111111111111110111000110011101111111111111010101001111111010100010100
111111111101111001110011011011011111110011110111110111111101111100110111111110011111111111111110100011101110100101101111110000101011011000101011111101
111111111011101011011111111110011111111101011111111111100111110111111110111111011111001101011111110111111111110111111111101111010111000001001011111110
001010111111110111101011100100111110111110111100101111011000011111101001111111111111011010111101110111110101010111100010110010011010110001110011111101
101111100100011101101110111010001111001101011011101110111110011101100101111111101011111111110111011011110110000001111001111111110111111111111110001001
101110111111111110111101110101001111101111101111110111011011111011111111010011111011111011111011110111101110111111101111110110111111101111101111111111
111111111011111111110111110111111111111011110111111000111110011001010011101111110010010110101001011001111111001001111111110101101101111011111110111101
110111111110111111110011110110111010111111011011111100101111100111101000110111110010111111101100111111111101011010010011001111111101111110100001100111
111111110110101110111111111011101101111110111101101110111111110101011110001111011011011111111010100011011011101111101111001111111110111111111001101111
111111100101110111111010111101111111111110111110111100111010111111011111111101101001111111111111010011110111011100100100111111111011001100011111111010
111011001111110111010000110011101111001111111111011111111101101111110111011000110111010111110011111111111111101001111101011111111110110101011110011011
101011101111111111111101111101100011111110011101100111001111011111101110111111111000111111101011111110100110111111111110110001111010111111111111111011
110111011111011111000111111111111111110011101111100111001111101110111111110111110111101111011111101111111111111011111011001111001110111101111111111010
101110111101101011100111011011111111111111110111111010000111111110101101111111101111011011111111111111111111011110111111111111011010101010111111111001
011111111110111101111111111110000101101111110010111101101101101111010111111100010110101110111011111111110101101001110111110111111101110111100111111111
110001110110111101001101010101100100010111010000111010110111010110010101110111101111001100111101101011110011011111101111011101011101110111110111111011
001010001110110101011110111111111011011110101111100011000110011111110111001100110111111111110111111101101010110101110111110101011010111011111011000100
111110111101111011011110110111001010111101111011100001001011110111111111010111011100110110011111111100111110110111111000110111111011010101100000101110
111011011111011111100111001111101011100101111111111010010111111111101111111111010111101110110111111101011011011111110100111111111101111011111110010111
101110111111101111110011111111001001101110101110111111101001111100111111011111011111111101101111111101100111101111111110111111100101110001100101101011
111011111111110111011100110001101011111010111111011101111001000110101100110101111111011111011110010111101011001101110111111000111111101111111111111000
111011111011101101111111111011111111101110010110111111011110101111110011111100101101101110010111110111101111111011100010111110110100111110111010111110
110001110101111011000011111010111111110110010111101110011101001101111110111011111111100110011011000111111111011111001110001111111101100011101111011111
101001011011110111111110111001001111110111111011010101111100000100011111001011111111011011011111111001111110111001111110111111111111111001011111111001
111110110110101111111001011110011111010101111001111110101101100111001110111100101111101111111111011100111001111110100101111111010110111011001111110101
111101111110110111011111111101111010111111100111111111111111111011000110101001111111111111111111010100111111010110110100100011111111100111111110011111
001011111011111001011111110111111110011011010101111111111011001101110111000011000101111110111100011011101011111111010111111101111110111011111111101111
111000100111111111100110101111111111111011111111110010111001101110110001100111110111111110111111110011110100111010011111111111110101101011111111101111
000000111110111101111100111111111011101111110100111100111111100011010011101111011101111100001110111111111111010110110111110111111000011100101111111111
101011010101101011101001101011111111100110011011101011110101110011101100111011011111101101111110111111110111111101101101011001111110111111111110101111
111111000101111100111110111010111011111011010111011100011110111000010111100101111101001111110111101111100111101001111010110010000111001010110011101011
111111100111110101101111001111100010111110110011111111111110111110011011110110110011111100111111110111110111011110111100111111111011110110010110110000
101111101111111100111101101011100011111110011011111010111101111110101101010011111011111101111101111010111111111100101001110111010111100101111101101110
101011011101101100111110111100101110101101111001101111111101010011101110111111111101111111111111110101111110100101010110100000111111110111011111111111
111111111111111111111101011110111110111111101101011111001011101101111101011111111111111101100111111111111101111111111010110111111111110111110100011011
011011101101101110000101010110111000111111110101111111011111101000010111101111101111011001110101111001111111010101101011100010011111111001111100011010
101110011011111110111011111111111111110111101011110110101101111100110001110111001001111101111011111111100101111101100101111111111111011011101010001111
110010111110110111110111011101111110011111101111011111111111001001101101111010110101100101101111111111110110111111101111111111111101111111101111100111
010111111111111111110111100111001001111111111110011101011100110011110111111101011101111110100111011001110111011111111101111100110110110011101110101010
011001101111111110110000011101111000111011111111011101011110110111111011111010000011111011100011111110101111110101111111100001111010101110101011111001
110110111011111010110110100010111111011001111101111101100011111101001111110100010111111111001101111110011111111111011101111111111011011111111011100111
111101011111110111110111011111111011111111011110111010111110110101111111100110101110111110110110101011111100100110011111111000110111010001111101010111
011110110110111110111110111101011111111111110011010101010111111100111011111010010111000110111111111110111101011110110000001101011110111111101100001110
001101111111111101011111101100110010111111000000101111111111111111111001110110111011011111110011111111010111111111110111111111111111111111111111111111
101111001011111100010111111100101101101111111110101111101110111101010110110001111101110111101011110011110111011111111111011011111001110101100011110111
110101111010111110111111111100101101101111110011101101101111111111111111111111101110110011011110111111111111111001010101101111110111011000111011111010
010101111111111111011011111011111100111100110101011010111101101111110111101111110011011111111001111111101110111011111101111111101111101011101000111111
101110111110011110000111011001111111111101111111110100110110010111100111111011110111101011011010111010111101001111111111011110111110110111110011111100
111111111111111011111110111010110010111111110111011111101111011111111111111011110100110010100100011101111101101010111011111111111111101011100111100111
111111011111000011111110101111111110101110101111111011111111101111111111101110111110100011011111111110101111111110110011011001111110111001000111111110
111111011011011111000011111111111100011101111111111110111011111111001001000011111111111101111100111001001111010110011101010111011111111111111101101111
011010110111100111011001100101110111011110110111111100100110011100011011111101100111110110111111001100111011111111100111111110111111111111101111101111
111111111000011011101111111111111111101101111111110111101100001111011111111111011110101011011111101101101111111111111111111100011111111101111101010100
111101111111111100111101111110101111011111110011101111111011111111011111011000011101110111101111011111101001110110111111011011101011011011100111110010
111111111010011111111100111111001010101111011111011111010110111111110111001100101011110111110110101111111111111100101100011001111110101101111101010111
111011011111110111011011111100111110001111100101001101111111011111111111110110111001001111111011111110110011111111111100101111011101101011111010100101
110010001111111010111111111101111110111110110011111110111111111101111101101111011111010101111101111101111010110010011111111111111111110110110111010111
101101110111111101101011110111111111010011111001111111111101111101001111111111101110100101110110101111101111110011110101101100111111110111111111000111
001111110111111111111110101111101111111111010110111111111101010001111111111101111111110110101111001110110111011111111011011111111110011110111000111111
100011100011001111101011010101111111111011111101110110111111011111110111111111101111111110010110001101111011111111001110110100111101111011111100011111
111111111111110111011010011001011011111000101100111111111100011010111010111111111101111111111111110111111111101111111100111111111111101011011011000110
110111011111101111110111111111111110100011010100111110111111101100111101101101101101101101111111111011001111111111000111111111101111110111111111100111
111101111011101011111000110011110011010111110111111111000011100011111110101101111111110100011101101101101011100111000111110110110010110111101110110111
111111110101011011011110111110001110010111111111101111101111110011111101111110010111101010111011011110111101110111100011101110111111111011101111111101
111111011110011111101001111101111101111111111101111111110111111111111111111111011011111101111111111011010011111111011101011010111111111111011110101101
111010101110100001110111111111110101001011101111101111011000111101110111110110111111011001001110111001101111110110110011110010011110111111111110101111
111111011111011110010011111001110000110110011110101100111011111110100011110001111001111111111011011111010111111111110111101111110110101111111111101111
111111111001111001001011101011111101010111111101111110010101110101111111111111111111111110101001101101011000110111111100101111110111111111111101101011
010110011111111101110111011011011110111110111011111101111111110110111111010111100111100111101111111110111000111111111111110101101111110101111111101101
001110111111110001111001001001110111101011001111101111001111101110111110111011101111011111111101111111111000111111111110010011100011011101011011111001
011011111010001011110111111000100101011110010010111010110101011011011011101101110101101101111111011111111111011111101101011111010111111011101111111101
001111011001111111111111101111110111110011010101011101111001111111110110111111101111100111111111110101111111100101110111011111010111111111011101011111
010111111101100110011111111011111111111000011111111111001111111011011110101110101111111101101100111100101011100111001111111101101101011111011111111010
111111111111111111100011100111111101111111010011010101111110101110110111111111111110010111111100111111111111111000111011011111011111101111001101101100
101111011110101011111111011011110111011011010110011101011101101111100100100110111110111111110111111111111111101001110011011011111111011111111101110111
100111111010111111011011111010110000111111111010111011111111110010011001111111100111110001100101111111101111111010111111011110110110111111010101101111
110111101110111111111011110010100111101111111011111111111111011100111110111111001110111101111101101001011111110111001111010110110001011001111101110111
011110111110111101111111111110101111111010101100111110111110010111101101100011111111111110110111101000111111010111001110001101101011011111100110101110
111100011011101110111100101111111110111110111010111101010100110001011110110111110010111010111110111000100111101101110000001001101110100011101111111111
110011111110111111110111110011101111011110011011110111101110111111110101001111110111110011111111011110101111111001110011111111010100111111010101110011
011111101111011110111111111011101111111111011110011111100111110011101001110101010110011101110010110111011011011111110101111011111011010111100101111010
110111111101001111111111111111011111011110111110101111100010001011110010011111110111111111110011100111111010111111100110101101111101111010111011111100
001101100111111101111111101010011111101111111001010110111111011111101111111111110101101001100111011111011110001000000111010101111111101111111111100101
010111111111110110111011110001101111101101111001110111111111011011111110101110110110111111111010111110110011111111100110101100111111111111111111101100
111101111111100111111101111111111111101010100111101101001111111011010100001110111111111101111111101101101100111111011111010111111101111001111010110100
111011111111110101101111100111110111110010111111101111111101111011100110101110101101111011100111111111001110111101110101111011111111101111110110110111
111111011011111111101111111110111110111011110111101110011101111101101110111100100111111011010110101111111101110111100110001101101111110010110110111111
101110110111101011101111011110000010110010101111111111111100111111110110101101101111101110011110101100001111111110011111101110111011111110101111001110
111101011111011111011110011111111111011100111111110010011111110111110101101111110111111101011011111111101111001011111011111111010111000111101101101101
110100111111011111001101110111110111100011110111110111111011111111110111111111111111011111101111111011111100110111100111111101101110011101101101111011
101101111011111110110101110100101111101101011111111111111010110110110101111101101110111111111111111101110010001110011011111111010111111011111111011110
011001100010111111111001111101110111110010111110101011001111111111011011111110011101111111101111111101111110111111001101111110111010101111011111011011
011010011110111011111111111111111110110111110011111100110010011110011111111011111101111111111011101111111111110111011010110111111101111011010111111011
101111110111001011110111111110101111011110111101000011011110110101001111111100110111101011110111011101100111111110110011111111101010101111111110111111
100101011110011011111010001101100111111001111110111111101111111111010111110111001110111111101111011111111110110101001101111111001111011111111111101111
110011101111100011111110111101101111101101101110111011111101011010110101111110111111010111110011110111110111111011110111011011011010101001111110101101
111111111011111111111111111111101111111100111111011100101011011011111000011101101101101111111100111001111101111111110101111101011111110110011110111111
011111101011111010110000111000111011111000110111111011010011000100110111100101101110010011101011100110111111011111010110110101110101101011011111111110
110011111010011110011110111011111101111000111110010111101011101111011101101111101100111011010111111111111100111111011111110111101111101101111110111111
101111111001111110111111111011111011011011111010111011111110111111010011111110111110111111111101011111111111111111111110111100111111110110101100110111
101001010110011111101110101111011111110101111110011111111111100111111010111111111111111011111111110111011110100010111011111111111001110011001101100110
111011100111111111111110111111110011111001101011111101101011010111011111110000110101010010101111111100111111011011100101111110001111111110001111110101
111111111111011000111111011100000111010110111011111100101011111111110011011111111101100011101101111111111111111110101001111001111101111111110111111101
111110110011111111110101110100011111101000111001111111001110111111110111110110011100001111111011010111111110111111111110110111111111111111111011111111
011110110100011111111010011111111111000111111001111111101011111111111101001111100111011101010111001111111011101000011001111111001111111110011101111000
111011101111011000111111111111101111110111010111011111100110111011101011000101110111011111111011001101001111111111101111110001111110100100111110011100
100111011111011001011111111111111011110111011111011111010111011011111111000111100111111111010100100111111111101111111111111110110011111111111110011110
011011111101111110001111101010111111111111011001111111001011111100100101110001010111110100111010110011000001111010101111001110011111001111011111100000
111101110011110101111101111111011110000111111011111111010111110111111011111011001101110111000000110001111111111101011011010011111111111110001111100101
111110101111111111110111111000101111111111011110000010111001101111110011001100111110111111101111111111111010110111111001111111101001111111111101101011
011111110011111101110111101111011000010010010111111011011101100111111011111110111111101111011011111110011100011011111110000111011111101111100100100100
110111110011110110001101000110111010110101111110110111001100111111111001101101110110101011001111110111111111110011101100100110110111111011011100001100
