011111010111111111111111110101011100101111111001111111111111111111111111100111111111010110
101011111111011111111111111111111111111111111101111111011111101110111010111101101111100100
110011111111001011100101111010110010011111101111011100001011111011111110111100111110100111
100010111101110111111111101101101111101110101011111101100011011101101101111111011001101010
111100111111010101111101111000100000111011111111011011001011101110010111001101110011100111
111000111010110101110010011101011011110101011101010101011011111011110111111111101010111011
011111011111111111010110110111001111101111001111000111010111111101111111111011110111011101
111111101101111111011111111011110011011111111011111100111111100111100101111100010011101111
011111110111101010111011101111110101111111100011100111010011111111111111011001011111111011
111110111010111101011101111111111111111100101111110111111111111011111101010111011111111011
111011101101011101110111100111011111010111000111101011110011111011111101101101110101011001
111110111010011101011111110110011011111110010111101111111111010111111111110001100110111111
100101111100010011111111111111111011100110111111111110111101111011100110010011001111111111
110111110111100101111111111011101111001111111110011101111010011101011110111111101110111111
111000111111000111101111111111011001101011111101111111111110101010111101011111111111001111
110111110111011001001111111111110010110111111111111001011111001111111011011010011110111101
111100111000101001111011010011110111111111111111011010010111101001011110111110111000100111
111111110111111110011111110111110011000011110100110011101001111111111010111111110011111111
111111001010111010001110111111110111111111101110110111101111110011111101111101001100011010
110111111111110011001011100100111101101100111011111100111011111011111101110101010110001111
110110011101111111110011111011111011011011111111110111110111111111101111100111111011111111
111110110111111101100011110010101011011111111111001111110011011111111111100100011101111111
110101111011111111111101111111111011111111011111100110111010110101110101101001001111101100
111110011111111111011110110111010110111111111001111111110110111110111011111111111011101101
111110111111111101111111001111111101111111111011101101111111011101111111110101110111111110
111011110101111111101111000111100011111111001101111101011101011001111110111111111111101111
011111011100111100101010100111111011011110110110111101111111111010111011111000111011111111
110101101111101101110011111011111011011111100011111010111011010110110001010111111110111110
011000111111111111101111111101101011001111100100111011110101111110111111000110010100101111
110101111110111111101011111110111101001110111010011110010111111011111101110111011110111110
011110011100110111111110111111010111100110111110111111111111111111011100111001111111100001
111001011111101111111011101101100001011111101110011111111111111011110111011110111010101111
110101100111111000011110101111000111111111110101100101101111101101011011111011111011111110
110100101110010010110001100001101001011011111111101110111011111000011011101101001010010111
011101110111110111101111011110101001111001111011001011110111101111111110011111011011101010
010101111111111011111110111111111110111001101100011111110111100110111110110111111001110100
110111101101101110110011110000101011011110111111111001111111110111111101111101010011110110
011011011111000110101111111100011111101001011110111110111111010111011111111110110011101011
111110111101011010111111111111011111110111110011110110110111111010111111011111011100001111
111101111111110110110111111111111000101011111111001111011000111101010011111101010011110111
111110111011111111101111111111111100101100101101110011100111100100101011101011101011111101
111011111010011111101111110110011111011100111111001111101101011101101010011111110111011111
111110011100111111111101101111111111101111011010011100111111001011110111110110111111100111
110011010001111111011111101001101110111101100111110111101111111111111100101110111111110111
111111110100111110111111110001110111110111100110101111111010111111110111111101111110110011
011011100111111111101110011010111101110111011011100100011111111111010011100110010111111011
001110111111110110111110101101110110111101111101110111101011111111010111110111111101111011
111111111111101110011111110100001110101111010110111000110110110110010111111011011110111101
110100011111101101111011111110101100111010011111011011101001110111011110100001101111011111
111111010100111111111001011111110001111010110011101111111011111011111011110111111011101101
111110010011111110010101111111110111110101101001110011101100111111111111111001111111111111
111101111101111000111111111001111101011101111110010001111111111001111110010111111111111111
110010101111101011101111000111110111011111011010111000111111111111110111011011011001101011
110111101111011101101101111010111011100111011010111100011100111111111110111000111011110111
100100010111111001111111101110111111111011111011111110011011101100111100011111111101110111
110001111111111110011111111111110111111100101101010111101101001111111101111111000011111111
111011010101111101110010111100111100110101111110111111110110011010001010111010001111111110
110000110101101110101001111011111011111011110101001111011010010110101111111111111110011111
111111111111011110111111101101111111111010111111010110101101110110110111111001111011111001
111111111111100111111100111111111111111011110110110110110010101111111110111101101011111011
111011111110101011111011001011111111101110011111111111100011011110111110111111101110110110
101101101111110001111111111111110100111101011111111111001110100110011111110111010111101111
111111101110111111011101111011111110001101111110011111111001100111111101110101111111111111
110110111001010101001111100110101011110111011111101011110111111010111101110111110010011111
111011011111101101111101001111110011111000111111111011011111111100111101111101111111100011
101101111111110111111110110001111010110101111110111111010001001000111110011100111110111111
111101111111101101111111111111010011101011111000011111110111101111011111011110100111111101
111011101111011111110111111111111111111100111111111111110011111111101111010111010111111111
111100101111011111111101111011101111111011010000111101111101111111110111010111111111111111
101111111111111010111110110011110011111000111011101111110111111111111001111000111110111010
111011101001110111001101111010011111011111101111111111001111110001111001111111111101010011
100111111111001100111111101111011100111110101111011010010110011110111110110000101111111110
111101110011010011111111111001101101110110111111111001011111111110000111011111011111001111
011101111101111111110001111101111011111101101011011111111111111111111111101001111101011111
011111111010011111100011011000111110111111011001001011111111100011100110110111000111111011
111111010110011011111101110111010111111101111110010100110101111111111010101011111111111000
100101100100111111001001010111011011011011110111010110111100110100111010101101110100001111
110111101111111001111011110101101111101111001011111110110111111110011010111110011011111111
111011100011011011001001111100111001010011111010111101100111101111101111010110011110111111
101110111110001111011101111111111011111101111111011111100110011111011110110111101101111011
111101001100111110101111011101111111001010111011111111101111101011001111110101110001111111
111000101111111100110110110111100000001001111111101100101100111011111111111110110011001111
111011111101111101011011111101111110110111111101111101011111111111111101101101100101111010
110110111110101001001111111000101011110111110110111111111011011010111011111101011110011110
011111011101110111001111111111111011110110111111011111111011111011111101001101111010000111
100001101111110101101100101101001101100111011111101101111111101101111111011101111011001101
000101111111111101111111111111011010011011000111111110011111011101111101111111111111010111
111010110001111111011111111111011101101111110001111101111100111101111001110011101101111011
101111011101111011111100111111011110111101111110101111111101111111011111111011111111101100
001011111111111111011101011010110100011111111111111111110111011111111010111011111100111100
