010001110000000100000000100000
100001110000000000000010000100
000000000111000110100000001101
000000001000001100010000000010
000000001000001010000000000001
110000000000000100000000000000
110000001000010110111110000000
110000000001010001100010010100
000110100100000000000100101000
001000001011000000100000000100
001000000100011001000001100000
001000010100000000110101000001
000000000000000000100010010000
000000110010000001000101000100
000110000010000000100100000000
101101100000000000000110101001
001010100000000001000011010010
000000010010010010001100010100
001000110101101000000101000000
000100100001000000001001100001
000000100000000001010101010001
000000101001011101101000100101
010000110000100110000000000001
000000000011010010111000100001
100000001010000100010101011000
000000010000100011001000100001
001000001000000100000000100000
011000010100010001000100000000
000100000000000010000000000001
001010000001000100011111010010
