001111010011010000010010010100010010111110000100010101110000100111010010000100100010011111100111101000010110000100001000000010110101100011000001100101
001100010100001111000111100011110110111001010100000100100010010111100001111110110001010000001101111000011001000010100111001110011010101100011110001100
110100000100010101100101011100001100010011010111001010001100000101100010101111010001111110011011111100011010111001100100100101000001010001101000011111
111010010100000001111011011101110010001001000110000010100001110001111010010001101001110111100110001001011011101000000010111111101010110111100111010110
100100010001010100100011001101001010001100001100000000100011100101101101110100111001101111001100101010011010000110100110011100101110100100100101100100
100000010101100110101111010101110011111000010011111110101111011101000000110100011111000011011110101011001011011100101010011010100111011000100001011000
000000011010111100110000101001001000100000101001111110100010101010000110001111110101001001011011010001010110100110101100100011100000111100011111011101
110111100111110011100101111100101010010001011000001100001101101011111010010101010111100100000100101000100100101000100101100000011011010010010000110001
000000100110100111100011110111111010100001001001000111000100100110100010111110111101111110000100101001000111101011001011000011110001001101010000110001
011101011001101110110010100111001001001111000101111101010000011111110001100110001100100001110100110010101110100110110000100010111111100011110010010110
100000111000010101001110010111100000110001110001111010110100010100101011001001101000000110000111010101000111101010010010000101101001000000110010011110
100011010100001001011001010111000000000000100000011100110110011111010110100010110001111000001000111001001110010111101001000010001100111011011010110110
000001111100011001110100100010001110001110101011100010110001110011100001110101000010011101111111100000000101100001011010110111111011111010010111010011
101010110010101101110011110000100001111011101001000000110001000000101001011101000011000101011111101000110110010011000011110101101110101001000101101101
010000100101110001001110101100110001100011111001011010010100111011100111000111010111010110000111000000011101111000011001001011001110110110101011000010
011011101110010011010010110110101110010100000111000100010101110110110110101110010100110000001100010000011111011000010101001010110001011010010110010010
010001011100000100000110101100000101001001100110001111110010100111000011010110111000110110110000010111111111100000011000010001100011101010010011010101
011100011011111100100111110110110011100011100001000001010110110000010100111111000110101000000100000101011001101101110101010100111010110111110100010110
001111111100110001010110111110110111001011110000110111100011100011100111000010111111110011111000001101101101100100001111101100101110100110001011100100
100100100101110100100100110111101010101010001011101110001010011011001100000011100000111101010010101101001010001110001101011111001000101010101101011111
000101000011001000000000111010010110011001001011011100001000111010101110000001001111100000010001011001111000011111011000100110001101010000111110101001
011001010010101011110001100111010011001001010110010011110010000001000110001010100101010011101111011001001100010110111100000110010100000001111110111110
110111001110011111100000001000001100001011111011000011101100010000001110000110101101000100101010001001011111100001000001000110001101000110000000001110
011111011001010001000100010100010010000111011100010101111010100000111011111001010001010010100010001011001101111111001001101010000011100101100010110100
010000111100111111111100000001100011100011100101010101111011011011111000110110100101111000101101000001110111011101011000000110111010110000101010110000
101101011011010101111001000000100100111000100111010110011001100101011010100000100000101011000000100110101111100101111100111000100111010100110110110001
001110110000001010101010000001100101010101101111000000000000001001111001000111010010100101101010001110000101101001111000100011000011010110000110100010
101111011111001111110101000010100110010111000000000010100001001101100010010011000011000111111110011000100000010011010010101010110000011010011010001001
010000001111100101111100000101001010110010100011111001110111011010110010011100010010000110101111110101101010100010010011110111010001001011011001111110
010111101111000000010100101010111011010000011001110010100111000001011101010010111101011010111011111100110001111010111001011100001010101111011001001101
010101011010011101110000111101010111011111011100001100010101101011001100011011110110011110001110010000110111010100110101011010101110111100111010011110
110101001000001001101101000001101010111100001001101110111110111111000000001010011110111110100011010110111100100000100001100100100000100111011011100111
001010111100100100010010000011010110110111111111100110101001100110010100101010100011011001100101001011011000011110011010101000011111110100000001001011
011000000000100110101010011100101000000110100010110101000001000111011001000100011000000111000100111010011100110010101100111001000110000101001111111010
110111011000100101111101100111111000110110100100100111001010010100011001010101101010100011111010101010100011010001011111110110011000010110000000110000
000001000100011011100100101001100000111011110101011011010110000011011101110101111110101001000100101100100101000010001000100001111001000011100100101111
110001101010011001010000110010011011011000111111101111010100011101101011111011101001111100001101111011011111001100000101101111110101101111101011000000
111001010010010100001000011111111011101101011101000000001101110011001110111000101101111110100001111101001000011001010001001000001100001011111001010111
110111000100110010111110010000110001110011111001100010001011010000110111101010001010111101101100110001001000110001101011110000101011100001110000011100
100010000100100100000001001100111110010011011010101010001001010110000010110100010110011101001001000000001101000110010011111001010000100000101000011110
101000000100111001110011100110101111001101001010011001111101001100110010101111101110011011111001011011011101110010010011000001110111110011110000001000
011100011110011011101111101100101001011110101101001011000100001100000011101001110000110111001111010111000100100000001001001111101010101010011010001010
000000100011111011100010111010001111101001000110011100010101010000000001111001100101001000011110111100110001100001001000100101100010101010010101001100
011001010010001000100111000001101001111100001011000001001000001000110101111101010010101001100101111000010011001000010001000001111101101101011011010011
000010111000111000011011001001111000111111010101110110111000100100100100001010011010101111001000000001000100100110111001000000110111110001010100000110
111110000100000110000101111000101011110001101010011100011110000110101011001011000101100101010101010010010110100101110100011111100010000101010000000110
001101000000100110011110011010001100100110110100101011110001100000001001010110110001111011011001110110000110101000110100010110110010001011100111011101
001001101110111101011010111011011001111001011000100111001010001100110111101011111100000110110100110010000001110011000100011011000011000000001000111101
000001100110100000110000000011011110101100001011011011101110011100000010010010000011010111011000100100101111010100101110110000010111111011100011010001
100001100111001000101101110011000101000010101100100101110100110101010011011111011001111101111100000110111011001000001100101011010011011011100111101001
001001110111001010011000000010110001100111100110100010010110111000001000111000100101010000110011011010000101011111010011100011100001110110101010110101
110001111101000110111001110000111110100000101101010000011101110000010111111111010000011000011000011110100111110011101100110101010011000011111010100110
001101101010101010110110010101011011101101001011101000010110001010011010001110101110010100001110001000010100011000110101010001010101111100101011101001
100000001100000011100111100010000111100011010011110000111111001110101010101010011100101100011101111111101101010010010010111110001010000010011100101001
110111100011110010100111100111011000000010001010110001001101000010011101000111010101100011111101010111111000111110010100010011010000100111100100001001
100000000111111111000101110010110001100010101110011111001011110110011010000111010100000000011100110111111100010010010101000011101001010111100010001010
001001010000000000011011110000011010011110011101100101110100001111000101110101001100100011111101000010101001110011111111010100001101001000001000111111
001001011011001101000010000011110001110011100100111111101010001011010001000001001010110010001110011010011110111001110100110011110111010100010001000100
010011100001000011110101100011010011001000000101101011010100001011001001101100011000110000100101110001110010101111000001100100110000000001111011100110
000111010000110100100000110111101100011110100010000101110000101110001000101001010111101101010010111110001000010001001111111011100000011001011001011110
100110111000101111101001010000111000010000001010011100010001001100110100100011110101000011110011001100110101011101010101000100100000100101101011111101
010101000111101101011010100010010010111100100000111100010000001101111110111110001000100110000000011100111001001010101101000100010011010001101011111110
000001110101001000011000101110110000100011010001101011001111110100001000010011111110001000110110110001101011010101110110101000110101111010111101001111
111011001111000110000000010100011110100111001101110001011001111011000100101100001110000000000000001010011010110101111011000011101110100111001010101101
110000111101101110111000100010111101010100000100000011111111000100100001011100110100001011101101000111001110010110000111000100101000000100010110111101
111111010101101010110100111101110101110000000000010000001110010100010100100011101110001101000101011101011000100001000000100111101001100101010000101111
011110011110111100101001101110000000101010011101000001000000110010011111000110101000100011000101100100001010111110111000000011010101110111100010001111
100100010101000101000001111011001111001010010001010110110100110001100010010100010010101000100001011001001100111100001111100110110001011001110110010101
000110010010010000011011111001100111110000000110001011110011011000100000110110101001010011011100010001101110000000101010011110100110100100010100100110
000010100001001101111110000001101001011000011001000100101000110101100010000100011101001011001011011011111010100000001011100111001011100100000011001111
101100111011001110101111010110000000111111000101110111010000010000110100010110111000011010111010010100011101101011010100110010111101000100010011110110
010010000110111010100001001001000111101001110111010100101110000010100000110011111110010101001100010000011000000000010011011110010010111000101000001011
011011001101100101000001110000001001111111110001001101001011110101001001011101100001010101111110101011101000110110101111100101001010001001011001111001
010111011000110011000001100111100011110100110010111100001000011010011011100000000011100111001101111111000100010100111111010111111000000011111110111010
011000101010010101000101000010111000111011111101011111000011010110000000100100010101110110100110010000110000011100010001010110101100111011101101101010
111011111100111111000010101010000111000110010010010110111010010110111110101010101111001100001001011001010100011011010101000101000011010001010111001010
011000101101001111110110101101111000101010001111110111110000111001101011000101010010000100001111011100111011010001101111101001000010100111001111001000
001100110010111001011001001100100011100011110101010100111101101001000001100010110000011110110011010011100111111001001101100111111011011101001101101000
110110101011000010110110110001101011110011100011001010000000101011101011100101000011110100111101110111010101011100001100001100010111001000011110100010
011011111001001110100001001011110101000101011011010101110011101010010111001011000100111101011001010001011100111010010001101011101101010111010010111100
000111001110000010101010000001010111111010001001010011001110011101101111000100000100010101000101001110010100001100011100111010010110111111011000001010
000001111100001101101110100001110001010110100101001011111001101111000101001100011000100010010100001111111100011111101010010011110011110100010100011110
100001010000111001101000001110111011001110011000100010000101001101010001010110100001000000110111011111111010000110101110000110010110110111100010110110
011111111001011000101111100101001000110000100110111000100001100000001100111100100010011111011000001010101111001001111011010001001111111000010001010101
001110011101000111111000111000010011111001011110010001101111010000110000011000110100001101000110011111111011000001100101110010001001010000011110011110
111100001001101110110101100001111000111111000010111110000110000000001011101001111001000110000000001010010110101111010010100100010101111001110110000000
101010101001100001010000110001111001111110111010010101000001001011010110000101010001100101010100101011000001001111110000111011110001001101011001001110
101110011010111010010010001110110100111101001101110011000001010001000001111111111001111011101100010011010111100010101101111010101011110010111000101011
101111001010001010100101010111110110010011001011100000101100110010101110011001000101010100011011001100100000100101000111001001101000110010110100000011
100111100100110000110100011100001111001111011110110000101001100011101101110000011001101100000010000011111010110101000001111101100110110100100111010011
100100000100100010100111101111011010011010010001011000101010101010010010101001100010000100000100001111001100010100111011010101000010001110001100110001
001001100100110010111000000101000010000010100111111101111001101000001010100001110111001010001101110111011101010101000010101000010111110010101110011011
011011100001110100100110101111100010101111101010110111111100000010001111110110110001000110010010101010001100011010010000101010111001001101011101000000
110111011110111101000100100110101101101001110101010011111110001011101001111010101110101100110010110111011100001111111110010111111001110010010010001100
101101100010111000010111001111110010000001100000001010000101101000000110101011000010100011001100011000100100010110011100000000110001111110100011101001
111000100010111000001100100011011000110111010110001001101010100011110100010111111010000010010000001101001100110111110101011010010100110100000010011101
111011011101110000010000010011000111111000110011100001010011001000100000110000100000001000011100000110011011100100010111001100001010010111111011011011
011000100111000110001100000111110100111011110111001101110111011001011111011111110010100100010110000010010111110110010010110111111010101011110111101010
111111011001010000111111001101001111110010110000001111000101110101010100110110001111111010101011000100001111100110011001000111010010010100001110111001
001000000010000011110000011011010001010001100010110101110001110011100010010010101110100010110101101011111110100011111000101011001101110110110101110110
000011000100000010000001011000011110100011000111011101111101000110000100110001101111111101111100110100011001010000111011011111011011100010010101111110
000101101011000011111111100010001000111011001000000001110010001011011100110101110110101101110101000100000101000010000001100111011010110110100110010001
000000010100010010101000110111110011000000100000110101111010111000001100101011000111100011000010000100000000011100100001101100000101111110110111000001
111110100000011111001010100001111100100010110100010010110110110101000111001110111110110101010100110110000100010101000001100001101000100100101111011011
011111000101001111111111010010011100111110000000110001111101011111111111100010010111100001111101101110000100110011011100011100100101100001101100010110
100000111111111110100111111000110101100111001110101111010100100010011010010101111101010100111111011101011000100011101011100010101011001001011011010011
101111101111010110010010110010100010100000010110110100000110001110101100000011000011110101000000111100000000010011100110111000000011001110010110111010
010101001010101111100011111001100011100110110001111101001000111000000010000011100001101100010000111011000000011100110110111011000100110010111101010001
001100111110101011100011011011010100001011101111000100101110000101110110100001010000010111000001111100001100001110101100001101101011010011111010000100
001001000001011100001101100101101110011010000001101111111101101110110000111111110100000001111011010010111011000111000110100111011111110011000000010100
001101011010001101011001101001001000110000010010011010100110110000110010001101111101011000001100000000100001100100000010010101011111111001011000000101
100011100101000001111101110000101000100100001100101000100010101110110000111000101110011011110111111000110001111001010010010101110001111110011100100000
010010101111010000011101000111001101000110001001001101111010010010100010100100010110011100001111011101001110110000100011010000000100111000010101001110
001000001001110001001011111100000010011000100101001100001111101101000010000111000101111011010101000100011110010100101011001011001101011000010111111110
011011110101000001000100011001110100001000001110100110001100011100101000110010000111101100100101000110100111100011000011000001000011010011111001110001
000000000110101111001100111111101010010110011110001011111100101100100011011100011001011000101111111110001001000100000100011001111001100110001101000110
100001101001101010111101111001001111001001101000110100001001010100111100110011101111000100100110001110001100100001000011111011101111101100110000001000
011010110000000101110100010000100110100000000111110110111101111010010010110111101010100110000111100000001011110000010000101000101010111011000011110010
010111001010110000100000000110001010001110000000101001001001001110011101110010000111010010110100110010000111011111101001011001001110100001101000000001
010000011001011101110011000011110010111111011000001010011011110110010101111111010001100111100001101011110100000011101010100101010101110000111111111101
001100110100110000101001011110011111101100100000111101000111001001010110100011011000111101011000010101110111010000001101000010110110011001001011101011
000111000000110011010000010011100110001100000111100111101101000000001011011000001101101101100101010010001011001110011010000001111000101000001100101110
010111000000001100110001010101101100110101000101010001000001001000001001000010111000001111011001100110101011100001011110000100010100011101101011000001
011110000010110001111110100011010010100001100110000101001010110011011101111101100010010001100100111011101000111100000001001000100000100011111100001010
110101101101101100011111101110100010100001000111011001110101000101111111011001011110101100001101011111000101010001001000100001010010001001101011011100
001100101010111010010000001010000101100111110101011110110101000101100100110111010101001011100100011111010001111101111011010010001111011100010100100110
100111101110110111100000110100110001101011111110001000010111101111011010011001010100001111001110010000011100100100011100110100011011001111011001100111
110000011100100101000100100110001011100110011010110110100110011000110011010001101110011000011111011011000000011100010001111010101101011111110101101001
010110010111111001111010100001101011011001010000000001011000000111000110111001010001100110001100110111010100111001011110010001110101000000010100100100
100011000101011000101110010000101100110010011000100010001100001100101010001000111011010001010001000100101001011011001011101001011011010000000000010100
010111010100111011100001111001101100001011101111110101000100010100001101100111101111000101110000111011000110111000101110100011100101000000010100110010
101001011110100110001011011010001001101010011001111110011100011001110110000101110101111100011110000110101110111101111001000001111110101101010011100011
110110100101111011110001100001111000101111111000101010100000101101101101001010001111010111010111010111111001011110011111010100000001001011010011101111
001101110001101101001000111100101010000010001000111010010101011000110001001101011111110111010111101101100001111111100101101001010100001100010000010100
010001101001110110010000000111100000110001110010110010001001001000010001101001101001011000101010010000100110001111001100111011110001110101001000001011
010110101000001001100011011001111110100000010100001010110100100111101110000011011110001001101011101101110010000100011000001001110001011000111000010010
100100010101101111110010001111010011110011100010111101110000001100100000011010011010000110110110110111100011110100110100000100110000100001000100011001
101100001101010001000101000011010101111010011110110100110011110101110000111111011010011000001000110000001100111000100110101110110001101010101001010010
001111000110001001011101110000100001111110000010111110110010111000110001011000000010010111010010110101111001100000101011001110010000000101010000110110
010000111111100111001100010111110000011011111100000101000111001011011010110100111101111110001100110110100111101111101001000101111011110100101001110011
011000100001001000111100100111110100110101010001001111001011111100000001111011101000101100111000101000011101101100110011111110100000001101010001100111
010110100000110101011100011000000101000000101010010001100000001010011000011111100100110011111000011111111011000111010001010101011010000010000000011100
010100100111101110101101111100110100100001010010111110010010110110110110010110110010110001010111111001110110100001000101101010000001100000000001100101
100111100000111010110000000011011100110000110010110010000111111000000110101111000001001001001010110110110101000011110101101010110001100001011010111110
100010011001010000101101111010010111000000000001011111001010110111001010111001110010000100100010011110000010000101100101110001111011100000111011001101
001101111111100111010101110010100110011100010011101000001001110010010010110000010111100001110001101111011111010001100101000010000110010111110101000010
011001100010010000011110000111101101001111100011010011111001111111100101111111011100101100010111111010010010000011001001110110010000101010000101100000
111110100111010011110111000011110001011100101111001100001111111111111110000000010111101000000101000110001000111011010001010011101100110000101111100000
001100000111101101010110001010111101010101011100000100011011011001101111011100101110101111010000110110011110000011010100110101100011101101111001010000
101000111000110010011000010101011001010000010011111011101000101111110101100000000001000111110011101001110101001000100011101000110001101010011010100000
