010010111011110111110111111100
101111111000111000111111111001
010101001110111001100011111111
011011111111011010011101111110
110101111011111111111111110011
011110111001111111011011101111
110111010111110011101011110111
110111101011101111011000111111
111111010011011111110101100110
001100100011111110000111111111
101110111100101100101111111011
100111111100011111101111100011
111011110110001101111111100111
111111101101001111111111101001
011111011111110011100111001111
100011011111110011111111110101
100111111101011101111111111110
101011111001111110111111011001
111010101011111111011101011111
110111011000110111100010100101
010111110011110111100001100011
110110001111111111100010111100
111011100111111111010101111011
111111101111111111101010001011
111111111111110110011110011110
111110110110000111100110101011
111101010110011011100111110111
101101111100101110110100101000
001111111111101010101011111001
011011110111111101111011011010
