0110100110101010000011100010000000100000
1001100100010000000001000000000010000000
1001100010001010010100101001001000000010
0110000000101111100000001000000000000000
1110000000001000101001000010011001010001
0000000000000000011000000010000000001001
0000000100001000000010101000010000010010
1100001000001010000000001010001000000100
1010000000000000000100110000001000000000
0000000000000001110001000000010000000001
1001000000011111100000001000100010000000
0100000000100000001000100000000100100100
1011101100100010000010000000000010001001
0001000000100000010010000001000101110100
1011000100101000101110110010100010000010
0001000001100000001000111000000010011000
0001100001100010000011000010101000010000
0010010001000100000101100000101001000001
0000110000010011000000000010000101001011
0010000010000010010000000000101110000000
1000001000001110100000010000100011010100
1100100001000000110000000010100001000001
1010001010010011010000000001001000000000
0000000010000011000010000000010000000000
0011001100100001000000000000001010100000
0000000000000000000000000000011101110100
1000110100000010101001000000000100000001
0010000000000100000000100000001001101000
0000000000100010110111000000000000110100
0000101001000000000000010100000001001010
0010100110000000110100101101000000110000
0000000000010100001100000110000000000010
0100000000101011000110001000000000110100
0000100000000100011011000101010000001000
1000000000010100000000001101101010000011
0000101000000101100010000100101010001100
0000010000001001001000000001010001010000
0000000100010100000010000100100010010000
0010001000000010001000000000010100100001
0000110001001000011001000010000000100010
