000111001010010101011010010101
001100111010111111001111011100
010011110010011010011101010001
110010010110011110011111001111
101101111000101011010110011011
101010100110101010110011111100
011011011111111000101001010011
011110101110011110100011001011
110010110011000001110110000110
000101110001010110110010010001
111101111001010010111011011000
000000101110000000111011111111
010011100000000101010010010111
111100110110000010000011101011
011111110000000010011111010001
110100010100100010100001101100
011111010110011100101010111001
110010001000100000110110101011
000001111111000111001111000000
101111001111101001000011010000
111100100011001010100010010000
011110001000001001100000111100
110111011111111011111000101111
011101110011011100110000000010
000001000001010111000110010000
111011100111101010011100101011
010111010011010111000110010011
110101001001100100000110000010
000110111001110001000011011101
101110110101111011000010011010
