000000010110010000100010000000001010100000000010000000000000
000001000100101000100100001001000000010010000000010001001000
000100000010000010010000000001001000001101100000000000000000
001000010000000000101010010000000000000011010000000000000000
000000110101100110100010010101001100001001100011000000000001
010000100010001010010100000000000000100000100100010000000000
000011011000000000010010001010001011000000000000001000100001
100110100001000101100000011000100000000000000000100001010100
000000100110011101001010001000000110101000010011110011001000
110010001001111100001000000010000001010000010000001001000000
101001001000110100110010110010001101101000011100000000000111
000010010100001101100000000100000000001010010100010010000010
010010000110001000000110001100000010010011100000010010000100
100000001110000000100000000010000011000000000000000001000100
010001001101100000000000000100101101000000010111000100001010
000010011111000000011101000001101100001001100000000000110001
001011000000000001000000100100000010000000011000010100001001
000000011001000010100010010110000100000000001101010001110000
110110010011010001000001110001000000000100100000101100010000
001001100010000100000000000001110010001110100010111000011001
000100001100000100000000010110000000000000000010000000110010
010001000000100100000000000000010000110101000000000000000001
100110101010100001000000000010001010010000110001010101000010
000000000000000100100000001010010010010011100100100000011001
000000000010000010100000001000000000100100001101000000100000
000110010010000001101000001001000100010100100000000010010000
010000111000100000000001110000000100000100000000000000000010
000010000001101011001000000010110000000100011100000000100111
000000100110010001001011000100100110011010000000100000010110
011010000000000100110000010000000001000011001000000100000000
000000010000001100010000000110000010000100011000010000010001
000000000000000000010101000100001000100110001000000001000101
101010100010001100000010000000010000011000000100100010100000
000010001010001101000000011010000010011100000011000000000000
100000101000110010010011000010100100010110010001001001000000
000000100110011000000000000001000000100000010100000010010000
100001001010000000000100100000010001001010001001000000100000
010000000100100000000111010010001110000000111000000100010000
001010001011000100010000000010001100100001010010000000000101
001000000000000000110100111100110110000000000010101000000001
010100000001100000010001000011010010100001010101001000100000
001110000000100100000101000001000000001010000010000000010011
001011000000100100110011010000000000010000001010100001000001
000100001111001010000010000100100011011010001001001011010100
000000000010000011000000100101110000110000110010001000000000
000001000011001001000001100100001001000010000000000010000100
100010001000001000011000000000000100001101101000100000100001
000010001000001001000010100000000110100010010000000000010100
000000011000000000110001000010001000000100100010001110000000
010001001001100011010010000000100000000000000000000001000000
000000100100000000110000000000000010000110011000100001000110
000000000000001010100010000001000000010000000000100000000000
000000001001100000000000010000001001000000010100100000000011
010000011100010001000010000000010010000000110000011000000010
000000100000000101001000100100001000100010000010000000000000
000000010000000101111001010010100001010001010001000000000010
010000001000001010010001000000000000000000000000000000000100
000000010010110000000000000110010000001000010101001000001000
000000000011001000001010001110000000000001000000001011010000
000010100010000110010101000100110000001101100010000010000000
