011110001110111110010111010111
101111110101111100110111011111
110101110111111110001111010111
111011101110111111111111011111
110101101110100111110110011111
011110111110011011111110101100
011111011111011101111101110101
011001101011111100111100111010
100111110111101101101110111011
111111101011111111110111111111
101111111101111111010111010111
011000111110111001111111111110
111110011111011110111011011111
111101110111101111111110101111
111101111111110111011001111111
111110111110111011111111111111
101111000110111100011101001010
000111101111011100111011111001
010111111101110101011110101011
110111110111111111101111111010
001101111001111111110010011101
111111111111010110110011100111
111111001111110101111100101000
111100100111101111010100111101
000001111101011101110111010011
111110111111101101011001101111
010111011101111111111011010111
111111100111111100001101011011
111110011111111110110100111101
111110101110111101101101111110
