0111111111111110111111010100111011101101011100110101111011110011100100
1011111110110011011101111011111111011100111111111110111011011100111011
1101111101111100111110111111010111111111111000000101101100011001111111
1110101011110111101111111100111101110001101101111101010011111011001111
1111001101001111001110111000110000001100011110111111111111111111110001
1110000110111111111111110001111111111011111111111111111111101111111101
1111100011011011111011011111101111101001111101111111111011111011011111
1110110001111111111110111101111111110110110011011001111101010111111111
1101011001011111101111111100110111001111110100011111011111010111110111
1011101110010011111111111110110110001011110011111111110110110101111111
1111010100001100110100111001111101111011110111110111111111001111100111
1111011111001110111001110111111110111111110001110111111111111101011110
1010111110110111111110111100111100111111011111111110010111110111111111
1011110110111001110011111000101111111111111111101110111101011110111101
1101111111011001001011101111011101011011111110111101110111111111111111
0101111111001110011111011111011111011111111101001110100110111110011110
1011011111111100001111111001111110010110001111010110011001101001110111
1110011101111101000101111101111110100101111111110110110010100111110111
1111111111011011100110111111111011111111111000111111011000011111110101
1111110111101001111001100111100111011011000011111111011011101011110101
1011111111001111101001111001111111011110001111111111010110111100111010
1101011011010111110110110111111111111111111011101111111110110001101111
0111110111111110111111011011111110111111010100011101011001111111111111
1111111111111101111011101101100011000111111111111011100111110110100110
0111101111101111111010110110111111111011110010111111110111010011110011
1011001111011011011101011010011001110101111111111010011111100110001100
0110001001010011001101101100100110111011111111011100111111011110101111
0110011100110011111111110000010111110110111111110111011111111100110111
1101111111111100111111111010011111111111011111111111111111110111101100
1111110111111011111011101101101111011011101010101110110111111110111101
1101011100111111111011101100110101111001111101101101111111001010101111
0111011111111111110111101011111011111111010101011111010111111111111111
1110011111010101111111111011110100111110111111000011110111011110101111
1111011110100111001111011101111100111101111111010111110101011101111100
1011011100111100011001101111101111010101111110111110111100100110011101
0111010100111111101111101111111111100001001110111011101010111100101011
1110111011111111001111101010111111000111111111111111111111111011111001
1110100110011101111011110101100111101011011001110111001110011101001001
0010010111111111101111111011110110001101101111110110110111111110010111
1011011011111111011101111110111101111110111010101011010110010111111111
0111011111110111011001011111011011101011001110111111111101011011111011
1110111111111111011001111111101111101101001111101101111011111001110111
1111111000001111111011010111111011111111110111000100111110111111111011
1101111010101111110010110111101111111010111011101011101000111111101111
0100110101101110110111011111110011111011111101110111111010101011111001
0101011101111101110111010111101111001110011110111101111111101011111101
1101111001111110011111011101111000111111110111011010010100100011101111
1101111111111010111110111111100101111110100011101001101111111110010111
0101111111001111001111111110111100111001110101110111101010010111101100
1111111011111111111111101011111101101110111011001010101111110010110101
0100111011111101111111011101110111111111100110101100110010111100110110
1011111111110010001111111001101111011101110111011000110111011111001111
1110111101110111010001011010111011111010111111011111010000000111110111
1101111111111110111111101111111111101011111011100011100011110111111101
1110111110110100101101100111101000111100111111011100000010100101101100
0010110111111111000011011111111111101111101001110101000011110111011110
1101111011111011010111011111111110011111011011011111011101110110111111
1101111110111110100100111111111111001010110001010101010110010111101111
1001111001011011110111110101110100111010011111110110011110001110111111
1111101111011111001011111011110111011111111100011111010111001001010111
0111111000110111101110100011011111011110111111010011000000110011011010
0100110111111111011010110111110111110111001100011011111111100011111111
1001111110101111011100111110111110101011101111111101110111101100111011
1011111111111010111101101000100101001101111111101001111101011100011011
1110110111101110111111111011111111011001111111101110111011100110011101
0110111111011111111110101001010101101011111011010110110110111111101111
0111011101011111000011100110111111111101101111101001011111101111110111
1011011111111111111101110111111111100011010101111111111111110100111010
0111001111111011110011111011001110010011111100110011100111111111011101
0111111111101110111101101011011110111111111111110101110011110111111010
