00011000100010111110011011010100110100010001010000101011100010011111100111001011
00100010110011011100101010001101101101001111010000010100100000011011100101100110
01000111001110100110110111011001011111010111011001111110011111000100001110010010
10001010111011001001111110000010111101110111001101010001101100010011000011111111
10010100100110010110111111101010100011110101000111100111010101010100000111100000
00101001100110010001011100100011000010001011101110110111010010000100100010001111
01110001011111100101001110111010111100000001110100111101000010110111011101001000
00100110001100001111010010100100110101100001011110100101010111001100011100101000
11011100010111100111101010010011100100100101110000011111101001011010010101001001
01010010101111010001111110010101001110101101111101000000010001010110011010001110
00110011010111100111010101110011011001011101001101110010111000100000010001100100
00101111111011110101100111111001000001000100001101011010011010101101000001101101
11111110111101011110001100111000010110010001110101001111010100011110111011000100
01010010111110000100001111001010101111011001000111011111001011100100000100000000
10100010101100001001001010011110000000011011001100001001111011001100101100001000
11001100010110001010001110011011111100111000010110101110001111011001001011011000
11010001000010110000111010110000100101100100000111000110100101010100011111001010
11101011101111000010101011010000111000001010100100110111110100100011110001110100
10101001101010010101010100100101110101011011111001000111000011110110011111001001
00010111111100100010101111001101100100110001110100111101011100101001101000010110
01111000110100001101000000101100100001010001011101100100011111110111010110111010
10111101011000001010001110011011100000001100110011110101110011001101000000110000
11011110110011111101010110111110001000001010001100000110111100100101101110010101
00111110011111010011011011010001100001000101110110011000101000010101100010011110
11111011110101111101011100011111110110010001001000110101110011110100000110010001
10101000001101000101000100110100001001111111111111111111011101000100100000000001
00001111001110001010101001000110000111001010100001101010100000001111010001010001
10100010111110111100011111000000010011001101010111110101101110001010101111011110
01101010000111110001111010000001111111111010010011101110001110111100010100001010
11000001010000100011101011100011000000010010101011000011100111110000000100111001
00011110101001110000011010100100100010101100100101110001110011011001101111100000
01100100111100010011010110001100001100110011000110110110110101111011101000001001
11011011100001011111110110001010000000111101001110000010011011100111111110110110
10110011001010010110000010011000001110011111100110001100010110111011111110110001
01110010011001010100001001001001010010000000100011000000111111000011000111000000
11110011110011011011000010101001010011010111001111111110000101110111111110101000
00101100010011000000000010111010011101100100010010011100100101001101100100100011
01111001001101001010100101111000000110010001110010000111110111101000000110111110
00011001110000011001000001001011100010011100010001100011101000111011101111001101
10111000001011110011100011001101110101100101110010100001111100001000101101010100
01000100011001110110011001111010110000100001011100001100011111010000011110110001
01111000111100001000010101010010110110110011000101001000100011101001101100011110
01110100000000100110001001101101010100000100010010111101110101001010111100111101
11111111111011100011100111010001110101011100010000101010101101011110101111010011
00000110110010000111010101100110011001010000010011100110011000000101011101011100
11100011110010010011110101011000000011111011100101101010111111011011001110100001
00110101011100100010101011000100100100001000000101001100001110011101011001101100
00011111011111111101101101010011110100001100011000010101111001001111010100110010
00001101000001011000010101011101111111010010100000011011110111101011010110001100
00111000011111001010110001111110001100100100111000001111110001111011000100001001
10101111001000010101110011111011000100110011110000001111101011000001100100111101
01110110101101000101010111010011000110000010000110001111100110010001100100110011
10100010100111110001000101101000010110001111011011110010101010110001111001011011
01101111100011011111111011011001010111001010101101110000100010100000101010001110
10101100101111011110001001101101100101100001110011111000111100000000111010101000
10011111100011100111010011010110000001110010000111110000000111010101011110001001
11010000101000101100011110110111001011110111010111111110000011111001100011000001
00101101011110100101111011000011111001011010110111000010000011100100110011111111
00110000101101110001101101011000101000111001111100101010000100101101011111010110
00111001000010011101101001011101011111011011011010010011001000111010100110010000
10100111000101110010110010011110111001001100011010111101110000111001100110000001
00101001110001111010110011000111101111001111010111100001110000111100101001101011
00000010001101000111101010001101110101100100000011001100111111011101010010101010
11011010110010011010100110001111010100101001011001011001100111100110000101000001
11000001100110110001010000111011010011110111011111000000101111100001101111001000
10101111010111101010111111101000100110000001101100000001011001110000100000110111
11010010110010000110100000110001111100100011010111000000000100010000011001000001
11010010000100010101111100100011111110100100111111111001101010101000000011001110
11000100000010100101001101010011110110110111000000111110110111001100011001001100
00000011111010001110100000101000110100001010101110001011011000100010100100011000
00100011010010111011001000010011110100111111111000001111001001001010100101000101
11101011100001101010101010011110111111111111110111110001001110011000011010100110
10111100010010011010101110010010111101101001010010000111111110101001000100011000
11011010101110011110000000110010001000110001101000001000111001011011101000110011
01011001001100000100110000000110110111001010011100110010010001100100000101001011
00110000000000010101111110110100110001011111100100111000011100000100010011000110
10010111110100111010100100011101000101100110101011101111010001101001110010100011
01010100011110000101001100010000100001110110101010100100011000000101101100010010
11110100010000001001100100011000100011000101000100011100011001100101000101111100
10010100100100000010001011100101010010101011010001111001110011010110001001101000
