00110000010111111101111110110011110111111111110110011001111101110111111111111101111111010000110011011110111111101010111110111101111011111101110101111111111111011101011111111110110111111101010111111111
00110101101111111101101111111011111111111111111001011101010110010110111001011010111100111011110111111010011111111111111111100111001011001011111111010011111111111110101000111110111111101110110110101110
11000011111111110111011101110010100111110101100111000110101111110111101011011101111111111111111111111111111111110111110111010111111111000011101111111110110110111011111011111110101111111110011110111101
11001101010111111101101111110011001111001011111111111111001011110010010110011111110011111011110011101111101101111111101111111111111111110100001011110011111111111101111010001111001010011111011111111110
00010011110111101111001111101111101111111111111111100110111111111101100111011111011111101101110111101100010101111110110011001101100111011101101011110110111110011111111111010011110111111110110111111111
01010001111110010111011110110101101111111110101111111111111001111111111111001011101111111111111111111011011110111011111110110101111110011111011111100110111100110111011111011111101110010111101111101111
00101001111111001011111111111111001101011011111011110111011111111110101111101111111010111011111000111011011111110110111110100111010110110111111111111110001110001111111100101110111101011111110101111110
01111110011110111110001111111011101111011111111111100111011010111011010011011111010011111011110111111011100100011001111100100100111111011111111011011001111011100111001111101111110110111010111111101110
01101110011110111110011111110111111110111111111111111111011111111110111101111111101111011111101100111111101111011011100110110101111011011111110100110011111001010100111011111001011110110101101101010010
10111111101111001001101110001111011111101100111111101111110110111011110111110100111111101101011111111101101111001110111011101100010111111111011011111110111111011100100010001111111010110111101111101111
01100111110110011111111110110011111000110111111000011111011111011111011011111111111101111000101101101011100110111110111011011101011111011011111111111101101111011011001111110111110010111010011111111111
11111111111001111111101111100111111101101111111111011110111010111011111111101110011010111110010111111101011111001100111111111011111110101111110001001000101101110111111111101110111111101011111010111101
11111111111001111001101001111110011111110110111101101111111110011000111001111011101001011111111101010011101111111111111110110110011111111111101110011101101111111111101101111111111011110101111110011010
11111010010110011111111010111001110111111001011101011111111111110111010111111111011011101101111111111111101111111011001110110011110111010101111111111110110111111000111110111110111010001001111111110101
11111001100110011101101111001001011111111101111100111011111110010110111111111111011101110110111111101110100011011110111101111110001111111100010111111011100011111111111111011111111111011011110101011011
11110101101111101001110111110000111110111100011010011110110111101111111101111101011111111111101001000011111110101100110110010110011101110011111000101111101111110101101111110001110011111111101111110101
11011011111111110110110111000111011001110111111001111101111010111111011111001111101011111011111100110011101011111111101111110101011110100011101000011011111111101111101010110110100111111111111001111010
11111101101101101000101011011111100110111001011111111101001111111111111011111110111111111111111011110111111110111111001010111101111111011111011110101111101111110000011111101111000011110111110101001111
00101111101101001001111111001110111011001111111011010111011101110101011010010111111111001110110101101111101111110111111110110011111110111111110100101101111111110111111110010101011111111010110101011110
11111110011111110010001111111011111110111110111001011111111011111101110111100111111010100111011111111011010100001110111111101011101011011110111011100010011011111110101111101100010110101011110110101110
11010010011111111110010011001111110111001111111101111011110111110110111111110111000111010101111101011101111111111111111110101111101111111001110111101110110101011011011101111110111110101100110001011101
10100110101001011010101111111111111111101110111011011011100011000101110111111111010110111011111111111111101101101111111101111101010111110111111111001101111000101111111001110111110111111111110111110110
11111111111111100111010110110011111111111111111011011110110111111011110100101011011101111110111011111111001000111101111111111111000001011011110110001101111011100111011100110010111111111111101101011000
11111111111100111011011011111100110111010011111111111111101111101101111100101110011001111010111101001110111101110101011111111111111110111010101101111101111111011100111101110111111101111101011110011101
11011111111101111111111101111110110000111111111010001000011111010011101011111110011111111111011111001111110111111011011111011111110110101011111100101110111111101111101011011011111101100111100111001111
01111011100110111111110110111101111011111111111111110111110111111101101111011111000111111111111100111111111101111101110111010111110101111111001011101101011111011011110111011110011111111100111111111000
11111111101111010001011111011001100010110111011101001011111100111001001111110111111011011011110100101011101101111101101111011111011110111110111111111111111110111111110111111111101011111100111101001110
11110111101011010101011111101010111110101011101101111110101110111101110111111011010111111110110111111111011110011111111011011111100000111101111011001011000100001101111110111101101011101011111001011011
01001011010011100111110111110111111110111000110011010101110101011101111100101011111100110110111111111101101000110101111010110111001011111111100111011011011011101101110110111110111011111001111111011111
00001110110110001110110111001011111110011011111100101011101110111111111011111110011111100111010101001011111111111111110100111111111011001101011111111111101111101111111101101101111011111111110111110000
11111011111110001111111010011101011111111011111001010011111111101110110111111011011010111011111111111011110111110011011111110111111001111111101111000111111111011111101110110101111111011011110111011100
11011111111101101101111001101110111111011011111111110111011101111111110111010011010101100011111111111111011101111111110111111111111111101111110101111111111111101111111111011111111111011111110110111100
11101101101101010111111111111101011110111110111001111111111111110101111111111010101011111111100111011111100101111010111101111101010111110111011110111111110011011111111110111011110010011110011111011001
11000000111111111011111111011111101111111111111111111101111101001010011011111111111011111011101011111110101111010111000110011101111101111111011011111111110011111111111101111110101011111111111111101111
01011111111110111011011001011111110110111111110101111111111111111101111011101111101101111110111111111111100001111111011111111111011111111011111110010011110111111100101011011111111111101001111111110010
11111111110111110101111100011111111001001100111111111111111100101111111011110101111010100110111110011111011011100111111111100011111101110110111101111101011110011111100111111001111111110101101111110111
11111101110011110111111101111111111001011001111100011011101111111111101011110110111111011111011111010111110011011111011111111111101111101111111111111111111110011111000011111111111101110111001111101011
11111111010111101010111101000011010110111111110001011111111101011111111111111010001011011111001111101111111111100111101110011011011100110011111110011111111101111101110101010111111111101111100111101110
11101100111111111101011011111010111001011110111111111110011110101101100000101110111111111111011011110001110011011101101110111111111101111011101010111010111000011111011111110110111111110111001111011011
11101111101011111101001111101111111011101011111111111111011100011111110110101110111111111001111111111101011010011101111111000111011111101001011111110111110111111111111100010010011111111111100011110100
11011111110101110111111011011111111111110010101111111111111111110001111111111011001011011011101111101110000111111111010110111110111101111101111011111101101001110110101111111001101101111111111110111111
11101101111110111011111011100000111101100011101111101111101110111111110111111110111101111011101101110111101101110111101111111011100111111101101110010111100011111101100101111101111101111111010100111111
11011111101110001011111111110111111001111101110111011110111110111111011101111110101010110110011111110011111111011101100101101111010111111010111100110111110101101111011101011111110110110111111110010010
11111011101101101110101111110111011011010110001101111111001111111101111110101111111111100111111100100101110101111110101110101110000101110111110111111110111011111110101111111111011101111101101111110111
11111111111110101011111111011111111111111110001011111101011101011101110011111111110111011111111110110111010011111101011011111010111011011110111110000101101101111111111111111011101110101111111010111111
11011011111111111111111111101111111111110010001111111011111111101111111101111101101101110101111110100111111111101111000110011111111101001111110011101100110111111111111111101001110000110111100100111111
01011111111111111111111111110111110110111101110111000001010111111111100111110111111101111111111101111111101111101010000111011111111111101011101111111111111011011110111101110101111111111011110111111010
10111101110111100100100101110101011110111111011001110101101100011111111111101110111111100110101010101111111100101011110010111001111110111111111110001111011110101001101001111110101110110111101011011110
10111111110100010110011111001001010100111110111001111110111111111111111110111110110111011110001001111111011111111111111111111011111101011111011111111111010101111011111111111010110011111111011111111101
01111111110111001111111101111011111101111111111110110111111111101010111111001100111111111110111111101111111110111101100011111101110110010011111101111111011111101111111011011111101110010100111101111111
00011111110010101100100101010101111100111101110111011100111101110111111101110110100111110110101111110111000111111010101101111111101111000011001111111001100100111010110111010111111111111111111111011100
11010110101101111111111101011011111111111011110111101111111110111110101101101111111111010111100101011100111010111110110110110010011111011111111001111111111011111111001111111101010111111111101110100111
11010100111111111101111110110100111111111111110010110111101011011110011111111010011111111110011110100110011011111111111110111110110011111111010011111101111111111111111111111011111111001111111111111100
01111111111111011111001101011001111101111111100111111000110111101110111011001111011111111111111111011111011010111111010111111100101100101111101101111100111111111111111111010111111111001101111111110111
00111111111111110011111101110111101111111111010011011000010010111110011101011001111101100111001101011011111011111010100110111101101111110110101110001101111111111111111111100101100111101010111110111111
11010111111011101111110101101111111111011101111101011000011011111011011100101101111100111111001100001111001111110110111101101111111101111100011010011111110111110111110110111111001110010111110111100111
10101100010111111001111101111110111111001110010111111100011010111110010111010011111101111111111111111010110110110101000001101011101101001111101111111111111101011101110101111101111111111011101111101110
11001111111111111011101011101011111101111010111011110111101111111110110011111100101011011111001101111011111011111110111011110011111110111111111110111001111000111101110101111111011011111111110011111111
10111111101111101111000110110111111111111111110111111001110011111101011111100111101110111111110111110111101101110111010111000011111111111100001000111011100011111111011011011111110101111101010111110111
11101010111011110110101111111111111111111111111111110100010011111011111101100101111011111101111110101011111011101110111100110111101101011010111010001111111001001100110101101111111010100111110101101111
01111011111111111101111111010110101010101111011011011111111101111110111111010101110110111111100110000111111011111011111111111011111101101111011110011110100011101111101111111111111111111100111111101111
10111110101001010111111111001011111011001001111011101101011110011111111111111111111011101101000111111110110110001111011111011111111001111110011000111101010111111011111101110110101011010101100010010101
10111111110101011111101101110111101110101111011011110111111110000101111111111111011111111101111111110110000111110111111100110110111111111111111111111111111000111111111011111110110011111111000110111010
11111111111111101111101011111101101011011111101110111011111111001101110101111111001111111010110011011000100111111101101111101101110111110111110011111101111101001111111111111111111011101111101011101001
00001111111110011101001101111111011111110111111111011111111111010110111111111100000111011111111111111010010010010110111111111101111111101110011110111111010011111110101001101111001110010101101111110010
11101110101001111111110101011111101111110111111110111110111011111010001110111010011011111111111011110110101101011111111100111101111101110111110011111111011110110111111111110101101101111011100101111111
11110111111101111100101010000111010111010110011111111111110111001100011110111100010011111110111011101011110111111110011011011111101011111010111000011101101000111111111100110110110111001011001000111111
10101101011101011111011111111101101111111111111110100001001101110000011101010011101011010111111111101101111110111101110101111101110111111111111111101111001011110111011111111111111011111111111101111011
11101110110110110101111111011111101111111101111111110100010111111000011011010110111011001111111101100011011111101011101111101110010111001111111111001111110111101111111111001110110101111111101111111111
11010101111111111111111100011111111101011111110111101111111111111011101101111001110001011111110101111010110111111111110111011011101111110111101111100111101110111111110011111101111011111100110111011011
11100110101110111110100111101100111111001011010111111111001111101111110110111101101101111111100101111111010100110111111011110111111111110111111001100111011110111110101101111111011010111011110111111111
10011110110101111001111101111011100001011111011111111011101111111111011011111111011011000111101110111110111111101111001010111111111001101111100011010010110111011111111101111111011101010110011111000111
10111111011101101111110011110111111111011101101111001100111011101110101101100001111111011111111111101111111011111011111010101011101100111110101101011011111111100110101001111110111001111011111110000011
11101111111111111101110011110111111111001110111101111110111111111001110110111101101011111111111001110101101110001111111111110001110111110111111001111111111101010000110100111110111111111111001111100111
10000010111111110101111110111110111111111111111110111001011101111110011111001110011101101011010110111111111111111110011110110100111111111000000011011111111110111011011010101101111111111111110100100111
11111001111011110110110011110111110111001110111010101010110011111111111101000111111011010111111111001111001011101101100111010111111110111101100101110111101010111011010111101111011111110111111111011111
11111111101111111100011111011110111001111111110111011111010001111110011101100011011011011110010001111111101111001001011111111110111001101001101111111110011011111111111100111001111010110101111011111111
10111011111101111111110111100100011110110111111111110101011111111010101101110011101011111011111111111111110111011111001011111011010011100101111110011100011111010111111001001010110111000111111010011111
01011111101111101111111111111111111011111111101110111100101001110101100100111101101011110111101101100011101011111010111011111111111001011111100110010110111011011111011111111110111000101111101100110111
10111111101011111011111001111011011100001001111000010111101111110001011111011110110111110011101101100110100111011101110110000111001110111110111100110101101011111111111111110010100101001111011110101111
11110110111010001111000000101000111110110111111111110011111111000001111011010111001101111100111001111111111001110101100111011110111010110110111110111111111111011110111011101001111110111111111111111111
11111011011101110111011110111111010110110101101111011111100111100110110110111001001110010011101111111111111010111111101111011010111111111111111011111101100111101111111111111101110001101101101111111111
11101110111111111111001110101110111111111111011101011111111101110101101111111110110011111111111101011011101100110111110101010111011101111111001011111111111011111100110111110010110111110011011111011100
11101100111000110110111011011101001010110101111111111111101010111000001010100001110000111110111111111110010101111111111111110111101111111111101111101101101111010111001011111111111110100011001111111101
10111111110101011111110011110110110111111011100111111100011111111111100111011111011001101111100111101111111111011111111010011101011011111011111100111111101111011111111000101111001111000111111110100101
10111101111011111110101111110101111011111101111111111110110101111111111111111111101010101111100111101101110111111110101101111111110101101011111011110100111110000111111110001111111101011111110110011111
01111111011101111101011111011111111100110111011101101111101111110110001001100111101111011111111101110101101101111011010100110101100110111111101111111111101111001111101110001110110111101111111111111111
11110111101110111100111111111010111011111110111011111101111110111111011011011111111100100111111111111111111111111101111110011101101111010111111011011011000111111101111111111010111011111000110010110101
01111111111111011110011111110010111011111100101011001101111111111110111011101100101111100110111111111111011111101000111011111010110101110111111111101101111110101101110111110111111011111101101111101110
00101100110111110111101011011100101111100011111111111111111111101111111111011010101111111011101011111111111001011111111010111010111101111011111111111111011101111100011111111011011101110101111111111010
01110111100110111111011111111111111111101111101111111111111010011111111111111111011111111101111101110110101111110111111011111101001111011111101011110111111110111110111111111111111111001110111100100011
01111111110011011101110011100111110011111101111000010111111111101101111111110111011011110110101011111100111110100111101111011111100101111001101011110110110110000011111110001110111010110111011111111100
11111111101011111110111101111011111100011101111101110100101110111111111111010111111111111111011101111011001001100101101111110111100111111111111110001110011101011111111111111110001011100110111011111111
11111111010111101111111111111111001110110011111001001100101100111111110011111100101100111010101110011010101101110101110110011011110111111110111111011110010110110111111011111100111111111111011000001111
00100110111011111101111111001011011111111111111111101111110100101111100111010111111100111111110111110101111100011111111110100111110001110111001100010111011111011110000110011111110101001010111111010110
01101101111111101011110111111111101111011111111001111111111111101001111110110111011111111010111011111011101111101101111011111100011110111111111011111101111110111111111111111111110011011111001101101111
11111101010101100101011010011011111111111010110101101100101111111111000110110100010111011101011101010111011101111111010111111010101101111101101101010111011111101100110111111111011100111110110011111111
11111101011111110111111110011111111011111110001011110110111001111111111011011111111111111111101110011101010111101110011110001111001110101101111011100111111111111010111011010010101111011111111111111111
01111111111101101111011001111011011001111111111111101000111101101111111111101111110111111111101100011111011111111110111110000011101111011110110111111110101110111111111111110111001101111011011100110001
11100111110111001101111001011011111110110110101010110110111001111100011101101100111100111111111111101101011110110111111011111001011111001011101111110111111111110111100110001111010000101111011011111101
11111111111101100011111111111111111101011000001111010111110101011011011110111100111111011101110101110111101111110111111111110101011001010110001011111111111101111101011011110101111010111001111100111011
10111000110101100110111111011001111111011101111111111101001011100101001111111101110111111111001011111000111010111110110111111011111111111111111111101111011100110111011110111011111111110101111011011011
11110111101011111111011111110111111111001110111111101111111111101110111110111111111110011110110110101000111111111101110111011101111011111101111010011111110101111111101111101111111111111111011111001111
00110111111111011111111011111111101111110111111111100111011110000011101011111110111011111100101111111000111111111110111111110111001101010111101011011110111111111101011111111111111111101111111011010110
10110001111011111110110111101110111011100111011101010010111111010111010111101111111011110111011100001111011111111101011111111011111011110101110011011111101111101110011111111011101111111110111011110100
11101110000100010101100111010111000111110011110111011110110111001011111110100100110111011101001011110111101110111011111110111000111011100111101111011111111110111111110000111111111110011101101111111001
11110110110111011110111101111101010101010110011111011111011110000101100111111010111010111111111110111111110100011011001011111111110111110111111011011011111100111110111010101110010111111111111111111011
11111111111111010111110111110111110001001111011111100001101001110111111101101101001111111011011111111011111011101011111101011101110101111000011111111001011101101101111110110111010011011110011011111111
11100110111111111110100010010110010111111010111011111111110111111011110111111111010011011011000101111111110101111110110011100011111011110111101001011111011011100100100011011111100111011001111111100111
11111010110111101010110111100111111111101111111010101011011110110110110110111111100111111110110111101011100110100010111111110100101010101111001111111110001111101111101111110101001101101111100110111110
11111110001011011110111111101111101101001101111111111111111110110011111110110010111101111011110111111111110111011111011111111111011111101001011110010111111101011111111011111101100111010101101011001111
01111111101011101110101111111111111010111111100011111111111010111111011010100111111111110110011010111111111010101111111110011110101001111101101111000111110111111111111111111010101101110111110110111111
11011101111111111101111011110101101010111011111111111110010111010111110111111111010111111100001111100111111110110111011101111111101110111000111111111111000111011100111011111011111111010111011101111111
01111010011110111111111101111101011111111111110011011101111101111111011101110101111111010111111111111111100010111011111101011010110111111011111111110111111100111101110000001100011110000111111111110101
11111110111011101111110010010111111111001101011110111111011111101110111111100110011111100111001011111101011111111101111010110011101001111011100110011011110101111111111111101011111111111101111111111001
01110101100011001110111111111111011111111110110111001100101011110101111111011101111110110111111110011010111100111110110111010101101010110111101001101111100001111011010011101011111111110011001110111011
11111111111110111011111001111101100101110111000111111011010110111101111011010011111111011111111100111111010111010111010111111101011001111010110111011111101001111100010111110111111111110100111011100111
11101111011110110011111111011111101110011000100110011101011111101111011011101011001110111110011111111111110111111111100111100111001110111100111111010101111110111111111111001010111111111111111011111111
11010111011111101111111110111010101111110101100010101001010111111110101111101110010111011111101101111001111101111110000111011111101110011111110111111000111111110101011110101011011110101111111111110111
11110111100111111011111111100111111111111111011010111111001111111101110001111001111101110001111011101111110101111101111011111011111110110110011101111111100111100111101111000011111111110110111111111110
11111110111111011111101111111011011111111101111111011110011011011010111111111111110110011111111111111111111011110011111101111111011111111001111111010111110011011011111010110111111111101101110110011110
01111000011100101001011111110011101110010110101011100101111011011011111001011110111101001011100110011111101111101101111110111101111110001010010111111010111011111111011101111111101101101101111101011110
11010111110111101111111100001111101110101111100111111111110110111101101111101110000101101110101110011101111011101010110111001111111110101111111111001100111110110101111111100011101111111110101111111110
10110100101111111110011111111111111011101100111111111110010111101111011101111110111111111111110110011111111101111111101111001111010110101111111111011110101111111100101111111111001101111110011001101111
10011000011100100101111110110101111011101111111111101111100011011111110110001110110011011111010111010110111100111100101111110111011111110101111011001110111111111100101111101110111111111111111000111110
11111111111010111100111111111111111010111011011001101111000101111111101100111011101111110011101101001011001101111001111011111011111111110011001011010110111011101011011111110101100100110010111110111110
01110010000111110011101111111111001111111111111010111001111111100010111110011111111101001101111011100101101010111110011110111101110110111011011101111111010110011101111111011110111110110111101101111111
11111110101101001111111111111111111111110110011111100011111111011111011111010111001111110011111001111111101110101011111111111110111111111011111010111111111111111111101001111111111010111011111111110111
10111101100101000111100111010111010110101100111111101111111111111111011111111010110101111101111010100110111111011111001101100111001110111111101111011011111110110111010001111111111111111011111111001011
10110111111111011110010111100111111101111010111111011001011011111101101101111110111011001100011100011110111110100100100111111111000111011011101111111111111111010101111111111000011110111011111111011111
11110101101110111111100100101111011111111000111110110111111111101110011110111011111110010110000111111111110011111011111111101101100110111111111100101001110011010101011101000111111111001110011011110111
00111111011111111110110111100001111111111111011111110111111110111101111011110001011101111111110111110101001100101100011111111111111000011111111111110111110111101110110111111111011011011101011010111111
11111111111111101111110110101101101010010110101101111010011000111011111001110101110110110010110101110110111011101101011111111111111000111111111111101111011101111011001111110111111011011010110111101111
11111001111011110101111001001111111110111111111010111011101111111111111101101110011111011111111010111111111110110110100010001101010000111111110101111100011010110111111111011110001011110111001111101100
10010010010110111010110111111011111111111111001100001111011011111111011111111101111111101101111111000110111111111111110110111111101011000110011111011111011111111011110110111011111011010110110011101110
10011111111011110111111101111010111101101111100111011011011101110111011011110011111110111111111110101111101110011111111110001111111111001111111000011111111011111000101111011111101110111111111111110111
11001101111110100111101111111111011010111110111110011101111111101011100110111011011111100111110111110110000101111110111011110011111111010111111011110010001101111111111111001111111011110111111111110111
10011111110111100111010001111111110110001101110110011111111011111101111111010111111100111010111111101111111011010001011100111000101111111011011111100001000000100100011011011001111110101111111111101011
01100111111110011111011111101011111111100011111111111110110111111111111111000011111111111110111100111101011011000111101101110111111111111101111111110111011101110011100101111111101011110111011111111100
11101111111111011110111011011111111011111101011111111100110010110101111101011110011111111111101111010111111011110111001010111111111111011110000110011011110111001110001010111111111101111011101111111100
11101011101111011011111110111011001111101111111101010110110100110111111111011111110111111111110111110111111010011111111010111001111111011010011111011011111101111100111011010110111000111110110011111011
11000111111101110111111010110101111111011011110111011001010111111111101001000101110011011100110101100110101100101100111111111011001111111110100010001001011011111011010111101010101111001010011111111011
01111111011011011101010111110110111111111110101111110111111111101011111011001101111111111111111111011111011111111101010110111111111110111110100111111101111111110011110111111101111011111111110111100111
11100110101011100110111110101111101111010111101111100110110010101001110010011111100110101100111010110100010101111110111111110010111111100111101001101100111111111010111111100111111110111101011101011111
01111111011011100101111001111110111011111101111110101011110110111101110100101110111101111111110101111111111101111110111011111101110110101111111000101111111101110100111111111011111110111011101111111111
11111111011101100001110101111111010110011001011011111100100000110101111111111000011101111111010111111101111111011101111111111110110111101110101100111111111000101111111110111111011101111111011110111010
10111110111001110111100111100101110110111011011011111100111001111101011001011001111111101111000101111100000101001101001101000011011111001110001111000111111111101111101101111011100011111101101011110111
11111011111011101000000100101101111111111111001011111101111011111110000111111111111011110111011110111011111111101110111111010111110101111011101001001111111011111110010010111011011011110011111111111101
10100011011111111110111111111101110111101001011111111111111111111111100011101100111110111100110100101111111111001011101101111011111011110001111111010111111010111111101001111001101011010001101011101111
10101110011011010110111111100111110111011111111111011111100111111111111001111111111111101111111111111111110011111101110110111111010111110010001111111010111111111111111001111101100101111110110110100111
11111110110001111101100010111111111011110111001111010001101110101101111111111010101010110111111011111111111011111111100111011111110110111011100011111100000111111001011111111100111111111111111111111011
11010001101010111110011101111111111111011110101111111011111101111111111011110001111110111110001111011110111110111111110110000011111110110111111011111000101101111011111111111111110111111111110101111111
11111101111111111110111110100111111011111111111000111111111110110010110111110011111111101011000101111011111000110111111111111101111100010001101111111101011100111111001101111101111111101110010111111111
11111101110001001011111111101011111111110011011111011111110101111100101111101110101001001111111111011111011110110110011011101111111111110011111111111100101101110101101101101100111111111111011101011111
11011111111110011111011111101111000111101001101101011110110100110111011011111111101111101110101111111101111111100100111001111101110011111010111111111101110001101111111111111111111011001111011111110100
11111110011111011110100111110111001111010010110111101111100001010100111111100100110111111111111111111111111101111110011100111011110110101011101110100111110011101111110111101111111111101100111001110111
11111011011011111111001111101111111110010101011101011111001011001101111110111111111111111011011111110001110011011000011111111111111101110001011100111110000100111011100010111101111111111111110010111111
11010001111111111111101111001111111001011111111011011111101111011001100111001111111110110100101011011011100111111011101111011101011110111011111110110111011100111100010101111111101111111111111011011101
01110101000111111111011010101101011001011111110111111111011011101111111010111001011000011110010111111111111111010111111101111101100111111110111111111111111111000110011111101111111101011111111111100111
11111100111111110111100101100010111111111101111010111111111001101111011101111111101110010110111101111111011000111111111011111011111011111010111110011111110011000111010110100001011101111110111111110111
11111010011011101001110111111111111111110111111111111110111111111010111100111011111010111110101111101011111101111111110011011111000110111001110101111111101111000111111010111101111001101100111001111110
11011111110110111011011110111111111111111111111001011111111110111111111110001111111111111110111110111111111111111110111101111011111101001101100011111100111101111011111011111111111010111111111110110111
01101111001110101011111011100111110110111011111011111111001011111111111110111111110111100011111101110110111001110011010111000101100111101011011101111101101110111101110111010110101110111110001101011101
10111111001110111010111011111111110111110110110111011111111011110111110100111111010111111001110100111111010101110111011111100111111011101010011001101111111110011110111100001110111111111110011101111111
01111010110111111011010111111111111101011101111111101111110111111110111111001101111011111011110111110010011111111110010110111011010101111010101111101101011110001111011010111111011111111001111111111101
10111110100101100110111101111101110001110010111011101111111101110111110101111111111011011111110111101101111100111111111011100110111101101100111111010111001101111111101110111101001101011110110100111111
11111111101111111111111110010111111000111011111111011110001011111111101110101111110111110111110101101111101101111010011111111111011011011101100111101111111000101101110011111011111011110111111111111111
10001111001111110111101101111111110101111111111010111111110111010111101101011011011001111111101110110111100101010010111101111110011111111010011111100011111101110011010011110101111101111111101010100110
10111101111101111111000011111011101110101001110011111111001010110101110000110011111101111111111111111111101111111011111110111110010111111101111111010011001110111110111101111111111101101101011111111011
10101101101110110101110111100101011111101111111111111110111111111101111110010111111100011110110111101011100011111011110101111111111111011110111110101111111101100110001110101111111101000111101111011101
11100011101111011101111100111110110110101101111110011011110111111111011111111011111110011110110110101111111101111011101011111101110110100011011111111111111111111100111111011111101111101111110111110110
11101100101011111010111111111011111111111111101111111101111011110111011111001011011100011110111111101101110111111000100011010111110111110111101011111111101011001110111110100011101011111111110111110111
11110111110111100101100011111101111110001111110111011001111110111001111111111110110111110111111110010111111010111111011001011011110101111111011011111111111111101101111011100110011101111001010111011011
11110111011111101111110101111111011011100111001101110111111111111111111111110010010111101011111110111011011111100100100011011111101111011011101101000111111111101111110111101011001111001111011101111111
11111111011111101100111111101001111011110011100111101101011111111011101111010111001111111111101111110111111110011011111111111011101111111011110111110001001101100111101011111100111011111111011111011001
00011101111010110110010110110111101111001111111001111111111110011101011100111000110111001110001110111111110111101011101111110101101110111111001111111101101111111100111111110100101111110111110111110111
11101111011111111000111110111111111111101110111111101110101111110111110011101111111101111011011101001111110010111011110111101111101010111111111110101111111111101111001111110011010011111011101111111110
11001011111111110011111111001111101111110111011010111100111110110011111111111110111101111111011110011111011100001111111110001011111110101101101111010011111110111101101111001010101111111010011111001100
01110110110111100010101111111111011111111101101101101101110111011101011111111010100111011111110011101111110001011111111111111011111111111111111111011010111111111111111111111111010101111110000011111100
11101111100100101011111111000011001111111111101101111111101010001110100101110101101111100110011011100111111011111111111111111110111000010101010111000111110111110011110111101101011011101111010111111011
11111101111111111111111001111111111101110010101111111111110111111011011001111100101110111011110101001111111110101111111110101011111111111110011110111011111111000111101000110111110101110111100111101111
11101010000110111110011111111111011111111101001010111110111011110111110111110101011011111110111101100111101111111011110111111000101111101011011001111111111111111001111111111111111110111110001111100111
11101001111110011111111111111100011111111111111110110010111110110101111011111010111100111101110010111111101001010011111111111111110001011111101111110111110111011111101110111011111111011101011011101110
10111111111010111110011101101111110110111111011111110001111011101101111111111000101001011101010111101110111110111011110100111111110111111011101111111111010011110111111100011011111011100111001101101110
11111011001101111011111101111111111001011101101010111110111010110111111011100011110001111010011111111011111111000010011011111001111110010101111111100111111111111111110110111110111101100000111111000011
11111110110010011100111111100101110111111111110111111101011111111001110101111111110011101111110111010111111101111110111111111010001101111110101101100111111111111111011111110111001111110010111010000011
01111111011100111111011010010111110011111110111110111011110100110111101111110111101111100011111111110011101101011101011100111111111011111111111011010111111011110111011101110111111111010100110001111110
10010110110111111101011110011111011111111111111110111101111101111111101011111111111111101101010101111111011011111111011011001011110101011111001111111011011011100100101111111111100110110000010011111101
01001111110111111111111011111111011101011011111101111111110111011101111010111110110011111110101011001101111011110110111111101111110010111101101010111111000111111100111101110001100010001110011101111011
11111011001111101111110101111111111000001110101011101111011110000001011110111101101011110111111011111111101110011110111111011101111110111110111101010111111111111101111010111111010100101111101111100011
00110101111111011000001101111000111110101011100111111110100010011011100111011111111110101111111101111111111110101111111101111111111101011111010111111010011101111111101111000110110001111100110111111100
11111111111011110111011111101111111111101111011011111111101110101101111111110011111111101111001101101010011011011111001111100111110011011111011111010111111000110111111011111111110111011000111011010011
11111101011111010001010111001111111111111011101110111111111011111000111111011101111111111101101011010111111111110111111110100101111111111111111011111110101011110100101111111011111111101101011100011111
10011111111001111110111011111110111111110001001111101101111110011101111101011000111100101101101111010111111110101110111101110011111011111111111110111011111101111011101011111111111111111011111100101101
11111111011101011001010001000101011111011101111011011111111110111111101001101011110110111111100111111000111111011111111100111111001111111111111011111111101110111101111110110101101111110011111001011111
10111010101111111010111101011111101100111111111111101110011001101111111000011110111101110101101011111101111101011111011111101111011100011011110111110011111111011111111011111111101100000011101110101001
11111111011110101111101111111011110011101100111111101010110110110111111000011101111101101101110111011110011101111011010111111110110111100111110111011011110011001011111011001110111110110011101011110111
11111111011101010111110110101011010101011101110111111111111111000110101101111111111111111001111111010011100111111100111111111111011111111011001110111101111111111111111101110101111011110011001011101011
11011111111010101111010010111000011111101111111101010111111110101111111111111111110001101110111111001111001111111001111111111111111110111100111111101111110110111101011110111101100111111110110110101101
10101100011101110100100110011000110110101101110011010111011111010111111111111111110111110010110111111110011110111111111000010011111110011100111110111111110111110111111011011111000111001101110111111110
