0100001101100010110110000100100111000001
1000001100101100011110111010101111011110
0000010010111110011001011110000010010010
0000101100111010001010011111101011100011
0001011000101001011101001001010101111100
0010100000001101011111010010000111110110
1101100111101101101010010000100100000100
1101001010010000101111110101000100100011
0010001100011001111011100100010110011001
1000001000001111011100110000011100011100
1111101000010010011000011101010011010011
0011000110100111001010011001110010100010
0111111011000001100001100011001011001100
0110011001010001010000100101100110110001
1011000001110000010101010001110001110010
0000111011011100010100111011100100001011
1000001110001000001110001101100000001111
1110110011100111001010010010011001011001
0111111111110000110010000011110000010100
1100110101000011100010100010100100111101
1101011110010000111101010100100100111110
0010110110001010000010100010010110100011
0100000111001101000101010101010010111101
0111011101110011010010101110101110001110
0111100000110001100000010011001001010000
1011000110100100100010110001001000000000
0111010000001001011101011000001100000101
0001100100111111101000101100100001100010
1101001000010111101110010001011110000111
0000100011110010011001100000101111101000
0101000001001000010000011110110110010110
1100111111000101000111010010111000011011
1111010010111100000001110000111001010011
1101110000101010010000001001010010001111
0001110100010110000111100001010000001110
0110110011100110011110101000001110001100
0100100011001001110110110000010101110010
0100111001001000101110110010101001110011
0111010100110011100011010001101111101100
1001000110100101110101100010100111000100
