0001011000100010101010011100011010010010000001010010101010110101111101111110101010101010011000111101
0001000111110111000011110100010110110100100001101000001101110000100110110110110110011010010011101110
0001101110001001010111011101000001011010011100110101000010111100110110100010000010111110010001110100
1110111011010111101110011010110100100100000111100000111010101000001111000101001000010111101111101100
0011011111110000011110011011101001101000001101001111010101010110110011001000100100100010011101011010
1001101000110100010100100101001000111100111110100001000001101100101101001110001001010101110110110001
1011110100110101111110100010001000011111100011100101100100110000011111100000110000010011110011100000
0110101001100010001101101100101010011101110101101100000010101100000001011010100011110100010111100001
0111100000111100101010101111011000110010111001010100010100100000011101010111001001011101001001110111
0101100100101100001000001111110000110011010001011011111110001000000110010011110110110011101100101011
1100111111000010001001001011111001000000011110000001110101101111011001110110000100111011010100011100
0101111010000011100010011111001101110110010101111100110111100110011000001100001001111101100010110110
0010000011000000100110111110101100010110101011110010010111000100000100000110100100101011110010111111
0101011011000001100100110101100110000000100101011111000001100111101000111100110001001010011100011100
1101000100110001101011011000011110011101110111010111111100101011101100010100001001010001000110100001
0111001000010110110101100001000111110111010101111011101111011101001011000110001010001001010100000110
1001001010011111001101101011111100001011011000011010011100101100000000010011011111101111001100010000
0010111000000001001000000100000010101111010101000100011100100001111110000000010010000100100010000010
1001101111100010110110101111111111000100100000101010110110111000011011001111101010101011110111110100
0011111100001101101000101111100111110110011001000000011011001010011101100101100011100111010000000001
1111101010011010001001000110111101000101000011111111000010011001101000110001001010101010011101100001
0110000100100011100010000111110000011000011111111011111000001100101010001101000001111101100011111010
0100011110001101101100001011000101101000011111010100011001101110100110100001000101000111010011110101
1111100000011110000000001011000000110001101000011000110001001000011111100001110011111101101000011000
1011100111111010101100110011101010110001000101001101010011011010000100111010110100100011001111111100
1110010111011100011111000001000100101000010010111011000001001110000100010001001101110010011101010000
0001101011111000101111111000110110100100001010111011001110110100110001100101111010001000000110101101
0010110011110101101101111100010010111110101110001010110000100101100001010011001001001100110111101000
0001100101101100101111001010001110101010100100000010010000101000111011000101111110110011110111110011
1101000011100010101011000011001111110000110101010011110110101011101100111011111110110110100011000010
1000111110111010101010001000110000111001000110111110111011110010011110100111011011111101100000101101
0101000000011111101110100110110011111100110001001100011100101011101010111011110100111010111010010010
1100000100000111011100001011110101000000010010000110111110111111111100000110101001001011101110100111
0010100000110001001110100000010110111010101001011011001111011000101011100010111101010101001011011111
0101110011010001010100111111111101001100110000000110111111101110110000101000101000110001111010111101
1110011111011011000101011001011101000010100000101011010100111101000100111111010011010000011101100001
0010111100000010110001100101101101100001110010011001011011100000011110110010011001000110001101101110
0101011100011011011110000011000100100010110010111000111010100101101101000111000011101110110010000000
1010001011011001110100000001100001010101100111000100111011011011111010111001000110100100010010100110
0000001101000011110010011000001000001010000101100111010111001000010000010001100101011111101100101110
0100011110001110001000010001110101111110011110111111011000011111100011010001110011011001000110100110
0010010111110011110101100100010110101100100000100100001000010101110011110101010011101111111110101011
0010110010101000100101110011000001000000100111111011011100100000111111000110011000010100100101100001
0011110100110111010001101001111000000011101010110011000101010101101011110010111101101010101000000000
0001011000101010000011100111001010001110101100001000010110000001100111100010001000100111000000001100
1101101111011111010111101000010101000011001000010101110001011011111001101111010100110100101111101101
0111011100011001001011000110001000010101111100011111110000001100111110110100101010101110110011010110
1010000011011111100011110110011001001100101101101010001110000010011010111001010110110101001110100011
0100100101010101101011011111001101011100101010110101101000101101001001010011100001101011101100110001
0010101110010110010010101000001110100011110001101010111001111001110110010001000010011000111001101011
1000100001001111101011000111111011110001101100110100000010010001101010011000101001001010110001001000
0010111001100111000011001110010001011001101101101000000101110010011011111101000110110000111100110000
1001001001110011001001010001011010100110000001101100010100111111000001110010101100110000100110011110
0001100011111010111101111001111110111111101011100100101001001101110000001101011101010000010010110100
1101000001000011110101100010001111101110111000011100010000111010010001101010101101100111111000011001
0100101011111011111000000010010111110001001110010001100010111000001001101111100011111111001110000111
1011000101011001001110001010011011101111000010010010000101100001001110101011111110111010010101111100
0100110000111101000100111100001001101011000101000101010010111000001001111011101101011100000000110111
1111011110110110111000100011111110111100001000001101101111011101110010000011000100011100001101000011
1110101000000001001010001010001011010010110101000111101101100101001000000001100000010101001100100101
0011010101100011101111111100110111110011100001101100111101100111011111001111111101000001010110111001
1010110100111101100001100111000010110100110100101000110000111001100111110111111000000011100101111011
0000100000110110000100101100011110100010100001010001101000001001010011011111011010101000110010111110
1000000000100111010010000001010110010110110111001110110010111110110010011101000101110101100010110100
1110110000000110010011100011110111100110111111100110010000100101001010000001001000111010011011000011
1010101010110000011100010010101010101011011001110101011000101011000001100010101011010011010001000100
1001011010110111011111010000111111001110001101111011000111011000100100100001100111111111110110011011
1111011011001010010100111100011010011100001010100100000010001100001000010110000110111001001111100010
0111101001000001011001110000101101001010111110110111000010101111100000010011111011101001000111110010
1001111110100001001100010011100001000100111111001001101101001110010000100100111110100100000010001010
1110001000100100000110111010011101111010010111110001101111000100011001011110010101111001001100101111
1100000111100110100010001101010100011011110100111111100001000111000110100011100100101010111000011110
1000110100010100001001001000010100110010000001010011011111001011000000100100010110100000000011100010
1101010010111111001101000010101010010100011001100001010100001111000101101001011000001011110111010111
1110010111101001101000001001011111011100001111001000101111101110010110110001011001011001010011011111
0001000011000000101111110111111100010111110001011101010111111111101010010110010000101001010101000011
1100101101001100001100011010110111100001100100101010101111011100011011010000001001101000100101001010
0100001001000100110000011010111101011000111101010000010010001110000011101111000000110101111000011110
1001010010010011101010000111111011101000001110100010111011001110110011000110100110101011010011110110
0100100001101000100000101100110101000011000101010001111011101001001101111000001011010110100000010101
1110000101000001111110010010111000010110110000110101000110000010011111001000001101001110011101101110
0000010110010110100101110101001011011101110100001010011101001001011010100010100110011010001000101000
1010100101111000101111011100111100100110010111111001101110000011101111111001111000010001100110100111
0111011111110010000001010100111101110001101001010101110111110001111100100010010101100001011110011010
1110000010111101101011010011001110000101110100101110000111100010101110110111101011000000010101111001
0011010110010000110101110001011001001111011011110000001101110001001001000000010110000010011101100011
1111101001101100101110101100110110001101010110101010001110000100111000010100001111000101001110101100
0001011011111011101101111000101011100001110010011000001100011101011110100111011000110010010101110100
0001011001011000011001010001111110100101011101101111101000000111001000010100110100100000010101100011
1110111100101101001110100101100100110110010000100111011010001010111000010111011010011101101100101101
1001100011000100100010011100000111111001010101011101001100110000100100110000010011010110010011000111
0001110101100111101010001111100010011001111001011001100110111100001110100101100010111111110000011010
0101011100011010011001101011110111100110110001110000110100001011101111001110001000110010001000110110
0111101110000000001011101101110001011000001001100110000010100100110110001111101010001101101000101011
1111011111011010001011101011101010111011111001011101010011011111000110101000001011101111110011001110
1010110010111100101001111100100101100000000000101001111011001111001010010110011100011001000110001100
1101100001101100000001011011001001101001010011000110101010001110001001110010110011011010010101110110
1111000010111101001000101010001011101011100011100000110111010011010000110110011110100011011010111001
0100100011011001010001000000110111001011110000110100100101100110101111111111111010110100101111101001
1000010111001010000110100010101011110000011001011100001101111100101000100111000100101100111001000110
