01111100111111101111111111100010110100111000110110
10101111111101000101001101010111011101001111111101
11010011010101111111101010111111111110101101111110
10101101000111001101111111011111101111110111110111
11010100010111110101101110110111111111101110111011
11011010111011101101111011111111110110100011101111
01100101111011111010111101001011110101100011110011
01110010111111111101111110011111001110110101111101
11000111011111101101111011111111010111111111100011
11101111100110111111110101011100111101111001101111
11000111100001110110110101101100011111111101111101
11111001110011011111011111101111011000111011111011
10011111110101111111111111100010101110101001111111
11111111101110111111001101101011010110111010101111
10101111111011011101111101110111101111111001101101
00101011011111101111111101111011111011110111001111
10110111110111110110111111101101111101010110111110
11111101111111111011011110111101101101111111111011
10100010011111011101111110011111111001011101001110
11111101110111110110111011111111111111011010111111
10111111111010111011011111001111111110111101111111
10010111111110111111100011110111111011101101111111
11111111100111111111100111111011110110011101111010
11011011011111111110101011011011011110111111110111
10111101100110001111111101101111111011111011111110
11010110111111111001111110001111110101101110110111
10101100101111111101011010011011111111110111111111
01111101110000110111011100101111111001111100000011
00110111111101011111101111110110001111111110101111
01111101111100101111110011011011111111111101000011
11111111100111110011111111111101101111010000111111
01111111100101111111111111110110010111111011111111
10111110010010111111111011110110011110111011101111
11101110111101011011111111110101100110001110111110
01111001011110111111110110111110100111111110111110
11111111111011101101101101101111111011110101111111
00111101101011110001111110101111111101111110100011
01011010111000111111010011111111001110110110110111
10111111111111110100110111111101101111010111101111
10010001111101111111101110111111101111101011000011
11101000111111100111111111011101111010010110110111
01111001101000011110111101111100011111101011111111
01011110100101011101000111101001111011111101011110
01110111111110110110111110100101100100110110111011
11111111111111101101111111101011111111101101011000
11111011001110001101111111100011011101001111101111
01101101011111111111111010101011111100100111110111
11110101011011111011110111101011111101101110011010
10111110110111011111111111111111111111111111011100
01011111111111110101110101111111100111111101011000
