0010100000000010000101101001000000001000000101001000001001000010000100000111000000000001000001000010
0001000100010000000010000000000001100000100001000100001000000101001000010001100100000010000000101000
1001010100000100000000010001011000101011000010101001100100101000000001100100100001100001000000010010
0110000001100010101000000101000110100001000001010000110000000000010000011000000000001001000100010000
1000010011110010001000000000001010000100001100000000000100010000110010000000100000010001101100000001
0010100000100011001001001100010001000100110100000000001000100010101000010001000111000100000000000100
0000000110011000100001100010100000000100100000011000001000000000100001110000100000010001000010100011
0110001000110000000000000100000010000000100010000000100000000000111000100000011010001001000000000001
0000101000000010010000100101001001101000100100000000001000000010000000100011000001011101000000100010
0001100000000010100000100010010000100010000100000000000110100001010000101000001000010110000100001000
0001110100000000000000000001101100000000010011001000010000010001000010010000000100001001011100001010
0100101100000101111101011100010001001000100000000000100110001001001000001000000000010000101010100010
0000001000000001001011001001000001000000000000000001101000010000000000001000001001100100000000000011
0010000000010000000101110100001000100010110001000100010011000010010100000000000000010000110110000000
1001110011000000001000011000000000001000001000010010000010001000000000010100000000001010001000000000
0000010000011000010110110001000000010000000000000000000011000001000101111001010010010000010001000000
0001001001010000010010000000101100001000000010010010100000000001011000000000111001000000100000010010
0000000010010001100000000101000000000000010011000000000001000010001010000000001000000110001000101001
0001110000011010000111001011010010001101000010011000100011000100100000000010100000001001000000001000
1000000000010101001000000000000100010010000000000010011011101000101010100000100010010000011100000000
0100000000001001101001011000101000000001010000000000001010000101100000001011000000100010000100100010
1000011000011100001010000100100101000000100000000100101100010000000100000000100010101000100110000001
1000001011000101000000000010000000001001000100100000110010000000100000000000010000001001000111001000
0010000000010111000010001100000001100000010001000010010100000001111100100000010010001000001001110001
1000010000011010001010010000000000000000000101010000000101011110000110000100100010000000001000000000
0001010110010100010001010000000001100001010000001100010000000000000000000001011110000001010000010000
0000001001000000001000100000000011100010000100000110001100001011001000000100000000000010001100101000
1011000010101001011000000000000010000000110000000000000000001000000001000100110000001000000101010011
0000001000100000100011000000000001000100000100001001000000000100000001100011000101001110010000010000
0010010001010000001000000000001000000000000000000001110000100011000000100000000001001001001000000000
0010100010100100100010000000010010100000010110100100000010000000000001001000101000001001100010101010
0001000000100000100101000000000000100010001100011000011100100000000001100001010000001001000000000000
0001100100000000001000000011001000000101000000000100010000000000010001000100000100010100100011000000
0100010010011000000001010110100000100000000100001000100001111000000000100000000100110000000100000100
0111000011000100000000010110001101000001110100010000000000001000000001110000100000010011100000001011
0000000000000001000100000000000000000000000100001011000011000001000000010100110100000010100001001000
1010000010010010101000100000000000000000100000001000000001000001010100000101010010010000010001101100
0000111000000000001000000000100010000010100000100000110100011000011001100010111010000010000001001010
0010000001000100000100000010000100000100000000000000010100011000100001010100010000001000001100000100
0011000000000000001010100100000010100000101000001000001010001000001000000001100000000001000010100000
0100011110010100000001000001000000101101011000011000001110001010000000010110011100110000001010001001
0000010000100100010010010101001000100000100000000010000000000010000100000000000111010000000100000100
0000100000000010000000000000000100000001100000001000100001000000110001011101100001000011100000110000
1000110011000000000000101010101101110000000011011101000000001000000000101000101000000000000000000100
0010000100100000111000000000001000000000000100000010000000100101000000001001100000010010001101011001
1101000000100100010000011000000000000000000100100000010000111100000111000011010001000010010000011110
0010000000000000000000100000001000000100000001010000000000110110100001000000000001000001011000010000
0001001000000010101000001000000100100000100100100000001010000000001000000000000001010000000000011100
1010001000100000001000000100100101011001101100000000001100000100000010100010110011010000000100000010
0100000000000100000001000110001010000000000100000000010010111000100100000001000000011000000001100000
0000000000000010100100010010000000010000010010000001110100001000000000100001000010001010100101000100
0010000000001000000000000000110000010000000100000010010000110101010100000011101000000101000000101011
0011000100011000101001100000010001000100001000000010000000000100000000101000010000000011001000001011
0001000000100100000100110100010110000110000001000111000001000100000000001001110000100111100010001000
1100011010001000000111000010000100000001100000011000000001100001001000110010010000001100010000000000
0010100001010000000001011010000100000110100000001010000000100000100000010010000100100010000101100010
0000000001010111001110100000001000010001100000010100000000101100011001100001000000000000000101000000
1000000000000101011100001000000001011000001000000000011000000001000100000000001000011001011010000000
0010010001000000000100000000010101000000000011100101001110000000000010000000100010001100000001000001
0000100000101000000001001000000001000110000001100101000000000000100100100000010010000000010000000100
0010000000010010000100001011000001100111100101000110000010000001000000101010011001001001100000000010
0100000000000000001010001000100000000000000011101001110010000000000000001111010000001110010011001000
1000010010000100010000001010010000000000110000100000000000000001001010101100000000000001010011111101
0100000001110001100010010010010000011000000010000001001001001010000001100010000001010100000100010011
0000111100000000001110110000000000000010001000100100000100010000001000100011010100000001001011000100
0001100101000100100000010000000010001100001000000001000010000000000100011000001011000000100110000010
0100010100010000110100010010000000000101000000010000001010000010100100010000000001010100100000101001
1000000000000101000001011000000000001000010001000101000001010000011001000010000000000001000100100000
0000100000100000010100001000000000000000000001001000000000100010000000000110000100110000010001000000
0010001000000001000000000001101110100110001001100000000010000001000100100000010000000101100000000000
0010001111000001000100010000110101100100000100001010101010011011100001010100000001000000000000100011
0101011000100011000000000000000000110010101000000000001100000000011000100001000000000000000010001010
0001000001011001000010000000001000000000001110000000110000001110010000000000000001110000101010010010
1010000000000010000000001011000010011010101000000000000000000110000010100000000100000001000110000100
1000000010000000001010000000100000000100100001001001001100001101100110000000100000110010000000000000
1100010010000001000010000100100100001001001011000111010010000100100000010000000100000100000001011000
0110101000000000101101001001001000110101001110001001010000100000000000000010010000100011000000000110
0000000100000001100000110101000100011110100001001000111000011100100001000000100100001100000110010000
0000000101001000110000000100001000000100100100000001000001001000010000000000000000000101010010000101
0100010000100000000000000100100011010000110000000000000100000000100010000101010010011000001010000110
0000010100000001000101011100000000001100010000001010000000110000010000000000000100000100001000001110
0010010010001000100000000000110000000000011001111000000000001001011000101000000000001111000010000010
0010000000001000000011000000000001000000100000000000010100000000000010001010100000000000100101000110
0000101011010101000100000000000011101000110010011100000001000001001010001010000100000001000010000100
0001000110100010001001110001111100000010000000000110001001101100000000000000010101000110000000000110
0000010011001000010000000000100010000000000000000001011000100101001001000001011011001000011000000000
0100000001000010010010000010100000110100001011000010110100000100000000000010100001001000000001010001
1011101110100000001000100100011100100001001000100001110001001010100101000100101001010000101010000000
0000100000010100100001000000001010110000001000000010010000001000011001001000000000100001000001001100
0000000000100101000100000100100000001000000001100000001001010110000010000000001000000100001000100000
0000100000110010010100011010010000000010100010100000100001000000100000001000000110000101010100001001
0001100001100100000111100011000001000010010010001010000110000001010100000100010000100000001000000100
0000001000010100000001100000001010000001100000000000010001000110110000011100011101010001000000001000
1000000000000001000000110001000010011100000010000110000110100110100010000001000000100010100000000010
0100001010010000010010010010001000001001001000000101000100000010001100100000000000000000010000001100
0011000000000000100000010101100000000000001011110000000000000011000000001001010000000010000000000010
0100000001100000011000100010001000111100100011010001110000000110001000010001000010000000101010100000
0000010000000000000000000000000001001010010101010010000000010010100000000100101110111000100100100000
1010001010111000100010000001001000100100000001001001100100001001010000111000100111101000000001010000
0000101100001000010001010001000000100000100010000001100000100011001000100000001000000010001000000000
