000100010000100010000010111000000000101000001010000000000010000100100000011010000010000011000000001000100100010100000111010110010100000000000101100001
001011001000000000100000001011111000001001011000101001000000100011111010101010010100001010100000000000001110000000000001000000000000000001010100000000
010000101110100111100010110000011000100010100010000000000000010000001000011100101110101000110000000010010010000000010100001000000001011101000000000010
100010101000010000100001000010011110100001010000010001110000011010010000011000000001110011100110000010000011010000010000010000111001000100100011000000
010100000100010000000000100001110001000001100100000000100000110001101000010100000101000110010000000011001001000010010100000100001010100100000010000101
010000000000110001010110000000101000000000100010000000111001111000001000100111000010000001000000010001000110000001010110010000000100110001010101101000
001100000110001001010100000010000110000100000111011000000010001100001000000101101011010001001000110000100001000001110001000000100000100000000110000001
100000000000001100010000111000001000101100010010100010000000000110111000000001000000000011100001010110000000100000001000010010000001100000000000101010
011100000000001010000110010110000000010100000011000000010011001000001001010100000010000010010100001100000000000000000000011000001010000010100000101000
001010100000000000000000001000000101000000000110010000010100000110000011001001001001010000100000000000010000000000000010000001000100010010000000000000
001000100000000101100001100110100000010010000010100011001000000100000000000001000000001000011100100010101101000000011000000100000001101011100100000000
000000000000110000000000000100000000000101000100010001101010010000100000001101110001000001000000110010100000001000000000000000000011110000000000000100
101001000001010000001001001001001100000001010001011001001100000100110010010000000001000001001000101000111010101000100100000100100011110101000000100001
000111000001101000010000000000000100000010010101001000000001000001000000110001000100000000010110000000100010010000000000000011100110011100001100000110
000000111000010001000000010110110100100010010101000000100100100010000010000010101000011010010000101010011100011010101101000000100010001000000000000000
001000010010000000000000001010100000001000000110010000100000100000000010011000010000001100100001101000111000110000011000010000000001100010100110001000
101000001000000000101110100000100001001000101000000010000100000100000000001000001000100100000001000011000000010000000110000000000101011000000011000010
001001100010001000110000001000010001000000000100010000000100001010000000100000110010000000000000010000000010010000011000100001000000000001000101100001
011100000010000011000010010100000001010000000110001000101010000010001000000010111000000100000000000001000001000000000000000101000000100001000110010000
000001110000010001000000110000100100000010001001110000110100100100010000101000000010010010000010101110011001001100000000101001000001100110010000001101
000000000000100010000000000000010100000001011111001010100000000000001001100000000000110000110000100001000000001000000000000110100010000000000000010010
000001101000000010000001000000001000011111001000000010000100110001010011000010010000101010100110000000110000000000001001010000000010000101000101001000
101001001000000010100000000000100011000011000011100000000100100100110001100010001101101110100000000001100000001111001101000010000000000000100100100000
000100000010100000000100110010000110010011010001000000101000000000001000001101100000100101001001100100000010001000011010000100100001000110000001001101
101010010010000010010001011001100000000000001000010111000001000010000100001000010000000000001100000000000010101001000010000110011011010010110000101000
101000011000001000110001100101011000010000010000100000000000000000000110000010000010001001010100010000000001010101010100010000000001000100100001000100
110000010100100101000000100000010101000110101110001100000010000001000110000101000110100000010000100100000101000010000000000100111011010100111000000100
000000001011001000100000010000000000110000010010001000000011010001100000010001010001010100001010000001000100010101001100000110011000100000110000000101
010100101010001100000001000000010000000000000010101010001100100011000101000011000101100000000001001110000000000000100001100000010000000100001000000011
010010000000100000000000110000101000000000000110000000000011110000110100000000101000000000111000010001001110011010000001000011000001000000010100110011
010011000010001110010010100001000000111001000000000000000000000001000000100010010000001000110001000100000001001000110001000100000000000000010001011000
011110000000001001001000011010000000000000010101110010000101010000000000000010100100000011110100100000100000001011000110000000000100100010000010000000
011101010000100000000100010001000100101000010000000001010001001000010000001011010000001110010001000001001010010000100000110000001000000100000100100111
000100100100111000011001001000001000000110010111010000010000110000110100000100010000110011000010110000000000011010101100011110101000000000100100100100
000100100000000000000011000000000000100000100011000000010100000100000000100010100010000100000001000010001000010110100000100000000001000001000000000100
000010000100000011100010001000000000000101000000000000111100010000101000011000100001000001100010000000000000000100010000000000001000110010000100001111
101100010000001000000000000100101010000110000100000000000000000000001011100100000100000100100101000111010111000011000010000001001000100000000010101111
000000001010000000100101010100100000000000100001000011000100100000001011000001011010100000100010000010110001000111000000000001011011101010000000001010
110000010000000110000100000000101000000000001001011000101001000000010000001000000001000001100001000000110100000000110100000000000101000001000000001010
000000111001000000000100001000000101100000000000000001111000011100000000000101001000000100011010000000000000000001001010000000100001000000010110100001
001000000010011000010111001000000100100001110000010100010000000101100110110010100000000000000011001000100010010001000000100011000010010000000000101000
010110000001100000001111000000100001000010001000000001010100011000000011011000001000000000000001000000011000010000000101000010000011001001011100000100
001011000000000010000000001000000010010010001100001100000100000010101011000000110001100010010010000000100000011000100100000011111100010000100000000001
010100010000111000001001010100011100000010001010000001010001000100001001010001000000000000000000000000000110010100000010100000000000100100000100011100
110000000000000010011100101000000000001001110001001000110100000110010001100010101001000101000111000000000001001001000001000000001010110111000010001000
000010100101011101101000001001010100100000100001100100111100001000101000010000100000000000001000100100000100001010100000101010000001001000001000010000
101001111110000100101010001111000110000000010000000010100010000011010000000100001001010100101000011000101010010001000110000000000101010000000000100010
000000101000111000011011000000010110011000001100110000010010000000011000000000000000000000000000000001000011000000000000001010001010000111000100000011
010000010010000000010010010010010000000000000101000010000001010001000000001000100010010111010000100011101101001000001000000110011110001010000100000000
000100100101100101010000100000010100001010000001000000000000000001000010001010000010001010011000001000001000001000000000001000010000000001000000011001
010000100000110000101000001110000000001000101000000111100001100000101000101100000000010000100000000110000100010110000010001000000000000100101000000101
000000000000000000000000101000000000000010100100001001100110000000010000000110100100000001000011101000010000110000000000001110010100000000000000010101
000000010010000010001100100010010000010000000010101001000010000110111100100010010001100100000011100000110011010000000010001001000100000010001000000010
010100000011100000000000100000001000010101010000001110000000011000001001110100001000010000110100100000100000000110101011010010100000001010110001000010
000111000001001100111001000000000001001100001110001100000000000100001001000001001000100100010000001100000010100101001100000101100100001101000010011010
000101001100000000010000000000001111000111011101000000001000000000101001001000000000011110010010110010100010100100000100100000000000001010001001010100
000001000011100000100001000010000001001100000100000000010000010001110110000000000100000100001110000000000000000011000011010001000100000000000100000100
000000000100101011010110000010010011010001101100000100000000100001000010000100000001100000101000000100101100011100100001110000000100110000010000000000
100000101001000000100000001101000000000000000011000110000000001100110000100010001001000010010000000110000100000100000001100100010100010001100101001000
000001001000010000000000100101011000001000010000101000000000110000000010000100001000000100000000001010010100001011010000001001000000010110101000100100
010011000000001100010110000011000100010000000000001000000101011100011011000100001000011000010011001000010010000000100000000001001001000101000111101101
001111000001000000000100000101010101000101000000100001001001100000011101000100111001111000100011000000000110010001110001000010000001010010110100001000
000101101000000001000000000000001000000101000100000001000010100000000000000101100100000000000000001000000000000101100011010000011001001000000001100000
100000110110100010010010000000000010000110011000000010100010100000000001000001100011001011000000101100010000000000001110000010001000110001000110000010
010100010100001001100000100010000000000000101010000010000000000001100001100000000100100010100101100000000010000000101101001000000000010001001000000000
010010000000010000000100001110100000000010000010110000001100000010000010000000110100000000010000001000100000000000001000000100000000000001000100001110
110010010001100000000010000101000101000010100100001010011010000010000000010000000000010001010011101010000000000000010101000001000010011100000001000010
010100010000100000010110000001001100001000001011000110001010110000000010010100010000001001000001100111000100001001010000011000101000101000100100000010
011011111000000000101001000000000001110000110101001011110000110000000010000000010101000000100101000000000000000001000101100001110000100000110000000100
000000000000000000000000111011000100000010000000000010001000010000000001110001010110101101000000001000010100001001100000001000000100000100001100000010
010000000100101100000100011000000000110011100000010000001101100001011001100010000100000000000000000010011001000000000000100000000111000000000000001010
000000001100000000001110000010000000110001111000000001110000110110000110100000000010000010010010000001101001010000001000000000000010011100000000000000
010001000000010001011010000000100010100010001000001011000010000010000111000000011000011000000010000000000110001101000100000001000001000000010110100000
101110001000110100000000000100000001000011010100000001000000000000110100000001000110000000001011001000010100001000010100101111100000000101001111000111
111100000101000110010001100000001001001001000000111000010000000000000000000010000110000000010000100100000000000001010000001000100000010110000000000011
001011101001000000000001001000000100100100000010001101000101111000010000000000000000010000100000100100001010000011111000000100111111000100000000000101
110001000000001000100110010010111010000010001000010110000010000000000010001000101000001010100001011000100100010001000000000101000000101010100101000000
000001110111010000000001001110001000010100010000000000100000001100000100010000001001000001010000100000010000000000001001001010010111000001110011000000
001000100001001001100001000001010011000010101100100100000000011101000000000010010011110100000000100011000000010010000000100011001000010000000001010000
010000000001000101100100100100101100010000100000000010000000010001011100100000101010000001000000000010000010010000000010000000000010101100000010110001
001000100100001010100010000001000000010101001010000001100011110000000000100011010101000010001000011000000001000000000000010000100100000001000000000000
011010000000010000000010001010010000100000000000000100001000001011001110011000001000011100000001000010000000100010000000000010000100001000110100100000
101001101000000001010000011000000010010000000000110000000000000100000101011000110000010000010010001000000000000101010000000000000000001101000000000001
000110100101100000000010000110000001001000101010000010000110010100001000000001101000010000000101000010100111000000000000010000010000001000000000010000
001100000000000010001111001010000100010000100000000010100100010010000100000000100000000101100101000000010110000000111000011101000010001000101110010100
000100100100001000011000000100000100000000000010101001010000110000100000100100100111001100100000000110100000000001010000100110001000011100110000000000
011000000010001100000110010000101000000000000000010000010000110100010100100010000100010001000110000000000001000110011000000000000010010101000100000100
000010000000000110100011000100001010100100001010100010111001000000000100000000100100110000001010010110000000110000010010010000000011100000111000000010
110110011000001000010110000000011100000000100000110000010010000110000001000010001000000001001000000101000010001100010000001011011000000000010100000001
100101110001100000000001010000010101001000001000100100000000000100110100000001010000101010001110011101101000010000000010010100000000000100001000000000
011100010100000100001110000001110001111000000010001001000100010010001000000110000000110000000100000000000000000010010101000000001101000001001111000100
001010001010011000001000011001111000000100100000110001110010100001100001001001000010000000000010010000000010000010000101000100001000000000011110010101
000000100010100000000001100101000000000100000110010000001100000000000000010000001000000111000010000000010000100010000010010001001100000000000000000001
000100001010010000000100110000010000100000001000000001001000000010001000000000000001101001100000000000001110000011101100101000000110101100000011000011
000100000000010000010100000100000101010110101000000110011000110000100001110000000010001101011001010000000001010100100001100101010000000001000000100000
000000010000000110000001000010101010101011001000000110000000110010111000010010000101100000000010000000100010010001000001100000000000110000000001011010
000000100011101100011001001000010100000000000100100111010000000110110000001101100000000000000000010000010101010000000100101000001100100001100000000001
000001110001000001000000010001000100000000000010000000010000000000000000000010001000000101010010100011010110000100000100010001110100010101000001110010
100000001000101100010000000010000000000010000010010100100001101101100100010010001010000001000000000001000011000000110000010100000100000000000111000010
000000011000000000010001001010100000100000000100001000100110000100010000001100000000010111000000000010100010001001000110100000000000000001011100010100
001110010011001010010000000010000010110000000000101000010011000000110010000000110101010100000000010100010000011000000011001101000000100000010100000110
000011000000000010101010000101001000100000000001100000000000000000010001000000100000000011000000011000000101010101010101000010010000100100000000111000
100000100011110100000110000000010000011010100010100011010100000001000001000010000001010001000001000100000000000010000000000100000000001000011001101100
001000000100101100010100000000000000111001000000000110000001100100000110010001000000100000001000110010000000000010000001010000010001000111001000100001
010010000010101100010000000001001010000001000010110000000100000000000011000100000000000001000100000000000000000000000000000100000000010010010000111100
110001000010001000000000001101000000101000010100101000000111010000010100110010000001100000000100110001000000110110010100000010000001100000000101110001
011101000000110001000001100001001000100010010011000010110000110010000000100100010001100010010101011100000000100010000001000010000010000000100001010000
000110100010000000110000011000100000110000001001100010000000000000000011000000001001001000000010101001000000000110011000011000101111100000000000001000
000000010000100100000000100000000000000000000000000100110000000000000000000000000100000100001000000000000110000000011000000100110000101000001010110000
100100000000011111000000010101001110000011110010001110000100010000000001000010110000000101000011100011000100000110000000001000000000000000100001000000
000000000001101000011011100001110100000000101100110000000101000000010100110000000000000010000000000110000000000001010000101010000000000010000011000000
100000000000000000010010010100000011010000010000001001110110001000000000100000000010001010000010010001000101010000000010000000010110000010001010001100
000010000000001000000010001001010110110000000100001001001001000000000000000100100100001000111100000000110111010000000101101100110011000000010011101011
000001100000000000000010110100010000110110001010000000101001011000011100101110000010010000000101000101000000001000000000001011000110000011000000000000
000000100000101000000000000010101110001000100100000001000100111010000100000100000000100000000110001000000000000000000000000011000111000000000000100000
001111100010000101000001010000100001001000000000000000000001010000110000011100000010111110100000001001000101101000000010100000100111000000000011000001
000000010010001101000111000100000100000100000000100001100000000111000001000101000000101000000100000000000001100000000010000000001000000000000000110101
101011000000101010000010010100010100001001100010000000110000000110101000110000000000000000110100110101000100000010000000111111000000010101010011110111
100001000100000010000001100000010000100100010010001011001000001100000000000000010000000101001000000110000000000100011001010000000100000010001001101000
110000100000001000000110000011100000000001001000000001001110011010101000000001000000000000110011000011010010000010000010001010100010000001000100010001
000000000000000001010000000010001010000010010100000000010110000000001010010000100000010000000111100100000000001010010100000000001100000000001000001000
100101011000000100000100010000001100000000000000000001001100001000010000000000001001100101001000011000010001000000000110000101000110010100100000000000
001000001000000000010000000000000100000000000101011110000001000010010100011001000000100010000100100010000001011011000101000111000010110000000100101000
100010000010100000101001101100100100000000000000100100100010000001000000010110000000110001010010001010101000100010000100011001010000000000100000100001
100000010000010000001010100101000100000011100101100101000000010100000000010001100100010010000000000001000110001001100101001000000010110000100000110000
000000000100010001110000000001000000110010100000000010101001100000101000110010100000100010001010010010000000000001100100011100100000010000101000010000
000100100000111000001001001000000100000100100000000001100000000000011000011100001000000000000000010000000001100010010001000001000100000110010001010001
100100000000000000000000101110000000010000100000110100000010001000001000000101000001000010000010010001010000100110000000000100000010001000000000000000
000110001000000000000000101100001101110000101001100000000000101100010000000100100000010010111000100000000001000000001000100000000100000000000100000000
100001000100010010000000000000010000001000100010100110101110000000000110000101001100000000101100111000000001000101110010110000101000000101111001110000
000010001001111000001100101000000000010011001001100000000000000000100011000101010000101100000100000000000011000111110001011010010000100010000000000000
001100010011100110010001111001000010011101000110000000000000111000000010100101000000000100100000000000010101000010110000000000000000001000000000000000
000011110011100100110000000100010001110000011000000000000100000100011000000010010000000100000101100011000101100000000000001010000010001101011110010000
001001000101110010000000101000000001000010101010000000000111010110100001001000100000011000000001010000001000000000000100011011000000000000000001110010
001000000010011010000000000000000000010001000100100001110000001000110001000010010111110000000100000000100000100000000000000000010001100000110011000010
001110000000110000010101011010001000000000011001001000100001100000100101011100010010011001000100010001010000000000000100010000100100100010000000001010
000000001110000100010001100000010001010000001001100011010001010000000000001010000000000000000000000000011000001101000010000000100010000100000000100100
011001000010100001100100000000000010001001001001010000100010100111000000010001001010001000100010110100010000000001000101000000000100100000000010001000
000100001010000100000010111100000100000000100000001001000011010000011000000011000100110100000000100000000010010000000000010111000100001000010001100100
010001000000000000010000101101100000000101000000000001000100010000001000100001000100010110010000000110101000000010000100000000100100101000100000100100
000000000000010000000000001010000000000001000100001010010001000010000100010000000000100101110000000100110000100100000010100001000100100000000000000010
110001100010010101100110000001001101000101010001100000001010110101010100110010000100101010110000001110000100000000000001001000001000100000000000011000
000110100000000110100000000000010000100100001000000000100000100100000000110001010000100000110100001000000000101110010100000000000000101001000000000000
100101000000000011000101010000100000000000000000000001010010101000100000010011100000000000100101011000100110011010010110000000100100011000100000110011
100001011000100001000010100001001100100110000010000000000001101000000000100000010100000000000010010001111100100010101110001110000100010010110001000000
000000000000000000101000000001100000000000010100010100110000000000000000000000110001100000010001010101001110100000001101000011100100110000000101001010
000001011000000100010101100000100001111010011000010000100010110001000010000000000000000000000001000001101001000110000010101000000000000101000100010001
000010000001010000010001011100001111100001010000001100011001100001001000010100000000101000110000000110101000000100001100000000000000000010110000000000
001000010000010010001000000011001001111000000011000011100000000101110110011000000000000100000101011010000000000010000100000000000000011100001001010000
100010100000100001010001000111001001100100100001011100000000100000000000011100010010000010011100100000010100000010011101000100100000000000000001001000
