001111111011100000111100000000000111101100110110011001110000001011100101111100011101100000
000011011100111100101101110111110000101111110000111001100011001011111100011111000100001111
100010011000111000111011001001000101110111001101101001101101010110100110110001001111111011
100010010001001011011111110100011110001110111011110101111011111011100010000011000010100101
111101001100111110101111011011000000011110010011000010011110111010111110111001001000100110
110010001110011100001001100111101011001001100001000011101001010101011011111000000110100011
100000010111011010001001111100010001010011000010000000000110101001001101011100100111010000
111100100000101001000011011100110010100110000010111100110011011000100111010011111000001101
111011000111110001101010100011100010101010110000001100010110101101100000101100111011111010
010011101011000110011001000101101011001101000111101110101101101001110100000001100100011001
100001101100000000000111111110000011011100101100101001111010000111100010010100100111010001
100100101100100101011000100101010011111000111010010001111100011100110111000011111100010000
111010011001010110001100001110100010000010111011100001111101111000111111011000111010111111
011011101000100001101011101000001011011011001100010011010100001111101011100111100101111011
011111110000000100010010011011000011010100110011101001110011111011100001001101001001100101
010011000101101000101010011011111111011010101110000101111111100100101110101101011000000100
000110100100100001100011010010010100011011010010000101101101010111101001101110101110011011
000100011001010010011111100111010010011010101010000011100101110111110100011100111000001101
111010001000010110010111000100011010110100011001101010110101100000001101100111010111011100
101100000101001001100000011101001011000101010001110000000010010001000110011111010000110111
111111101101110101000101101000111101011110110100111101110110011011110001001100001101111111
110110000010100001101011101010011001111111101111001010011100101000000010110000010000100110
001110011010011111100100000010000000100000001010010101000001000111011001010111010000010100
011111110110010011101100110111101000101111100100000000110111011000010010000101110111010100
010101101011010001001101001000011011110101110001110010011010000010101101100010011001100101
010110110010001110010001000111001000100101001110110111100110100010101100101001110101001101
001010110010111100011100100000001100010010100110000110001111011000111000001100011011110001
010101110111100001110001010001000011100000101100001110000110100100100010111100101110001111
010011001010101111000111010000010110011100011101010011000010010110010010111000010001010011
011011001101001101010001010100111100111100111110000110110000100100011100100110001100101000
010001011100100100001001000001010011101000110100100100100101001111000011100110011101100101
010100110001000111101100100011101111101011011010111001000100110111000111001111010000000101
000101000100010100111101111001010111110111110101100001000101111000001111011101110011110010
101100000000000110001000001011011001101011000001101101110110010110000100011001010100110100
100101011111111101110000100110111000110001010111110011001111110110001011101110110110100100
101001100111011100011100100100111100000110011011010111111001111010110111101100101111101010
111000011001000000100111110101111110011011010110111000000111110000111000000001000011000010
001010100011011111101100101011001010100111010010011000101111000101011101010111011110001001
110111001111010111001101000011110100100000111101100000100000110001110100110100101010001101
111110010110001000111101110011001001010010111011000101100001110100110100010111000110011001
011110111000110111001101001000011101110101101010110100111010011001010100101110101110011111
011001100100010010010101110000011110110010110101000001010000101111111001111000000110001101
110101001011101101001101101101101000001111011110011000010010001110110100110000100101011010
110110001001101010111000100011111011111101100001111011011111100100001010000010111000110001
001100000011110101100110010111010001001110100011011001101000011010011001001000000001011111
101000000110010100001101011111101010101001100011101001111011000101000111101110010110000100
100110110101101111000110011001010011110110101101110110110111111011111000101011111100111111
001111000100101000110100100010001111001101011110101110111110001101011110010000000110100010
011100010110101000111000110000111110101010010111010101000110010101010111000011101100000001
110100010001010000011010110010010011110010111010101100110100110101010100011110101010101111
111000011110001000101100000100010100110000111101010011000110111101110111110010101011110111
000100011100000110001010011101100101000110000011110000111010111100011001000111001000001111
000011000100010001100100111111000011000000010011001001001101100100100001010011010100100000
111101000011111111001010010010011111000101011100101010001001100011010111111101001000101110
111101010111101111101001010001100101011110001111010100010101010101010111100000010000111010
100110011011111100101101100001000101000011110111010100100110000011001101100000000100000001
001111000111100110000100101000000011010010011101000111000011110110011101100110101110100001
001010101101110111101101011100111110110000010011111010110001000111100100001101001100111111
010110111010001100011001111110000110110010110111101100011001110111001001001011111011101111
011101010100101111100011001000101011110100010110000011101110010110110000110010000100001001
000110101100101101100100010101011011101101010010011111001010001111001000001111011101101010
001111010001101011011001001010011111101110001010111100101011001010011111010001000000010001
110110111101111000001101001000101001000011101011001100000000110010011010000001000100100000
001001001011010111000010000111110110010101110101111110101111100001010101110010001100001100
111110000010011011001010110010110111000001101010000001011111111001110001010110000101001101
110101101110011011011010000000110000011011000111111001110110100110011011101100110001101000
111110011111111111001000111100000001101101100010001010000101000010010001000011110101111111
010011000101100001001011001011000001111111101011111101101001011111101000011100111110110111
010011100000110110100010111001001010110001011011000100011010111001010000010110011101010101
111010110101100101110000110001011101011110100101111001111100010100000001000110111111101010
001111010011110100010101000110111011000000010101101001100000011001000000111110101110001110
100001110001111010101010100000111011010001001100101111111010010111100100001111100111100011
101011001000010110100100110111100011001011100110001001111001000101000010000010110101110010
111011110010100001010110000110001100011101100001011011000001010110011010000010110010111101
110011101000101111011000011110011111000011001110010001000110100001010011000001000000111000
110000101010011111111011001101111011011110000100010101001100100011011111000010011100100100
010100010001010010110010100001110010010110010110111110001011100110101111110100010000100110
011110010101011100110011010000011100110100000010100111000110111000100001001000111101101001
000000111111110011000001010100001011001010110010111000001010000001110111110001000011101100
100000011001100101110111111010111110010000010110000010100010100001111100110111001111011010
101010011001101111001000101101100001011010010010111101001110100100011110000101010101100010
111001100111010010101001010101100111010111100111100010011101101110111111100101011010110011
001101101010100010100001001100001011111111000101011000001010000000010111010000110100110100
101000101010011000101001111010101001100000101000001000000010100011101101100001111000010001
101111001000111000011100101001101111000000010011011011101110101001110101111111101110011111
001000101111110010111011001010001100000110111010001000100100010000111000111000010111101110
011000011100110011101000010101000001011111101010010101100111100111100110011001110000110101
010110010000101101111111110100110110001011001110011101000110000110111010010110100010111001
011011001000110010011100000110001001100010101011011101100110100000110111100010011100110001
011101010110111011011000111110110000011111011010111100011111010010111001010001000101101110
