00100000000000000010000110000001101011000000011100100000100000101010000101011000
00001000000000010110011011000100001001101000010000100101000001100010101000000110
10010110101000110100000101000000010100000011000001000000100000001010001000010001
00100001000010011101000000000000110110000000000000000001011001001100000001000000
01000000100000000001011010000001100001000010100001000100110000000010110010000100
00100001001000100000010000100111101000010010000110000001000010000011011000000000
00100000100100000000110000010100001001010000001000000001100000001001001000010000
00010100000000001100000001000011010100000000000101011000001000010000000001011010
00101010001100000001011010001000000001101110001010000100010100001001000001000000
00000000000100000000001100000011000001000101011000001000000100101001100100000011
00100100100000010110001110011000100001100100000000000000000000000010000010000000
00000010110000100000001000000000001110111010010100001100000000010000001000000100
00010000000000000100010000000000010000000010000010001100101111000000111000010001
00000000000000010000000000101110001110101000000010100000100100101011101010000010
00100100000100010011000001100000001000000001000000010100100010010000110010000000
01110000001001100000000001001100000010100001000011100010010000000010110000000001
00010001000000000000100000010000100100110100001000010000000001001011110101000110
01110001001010000000000000010000000001010000010010000000110001110000000000101000
11000000001000100000101010001010010000000000000000000100001100100000010110000010
00011000100000100000110100000010000100000110110000000000110010100000000000100100
00000010000000001011000100100000011000000010110110000001110000000011100000000000
01001110100010000001000000010010000001100101001000100101000000000000100000010001
01001000111100000010000000000010000001010001011111001110000000011000001000000000
10100000011000000001100000110100010101000001000000010010100110100111110010010110
11001000101000000010000000000010010000000101000000001000000000101111000000110100
01100001000000110000000000100010010000010010100001000001010010001010001000000000
00000100000001100000100101010000011011100100100110001100000000000001010010110000
00000010001000001100010100100000001101100011000000110000010101001000000000000000
00000000101001010010000000000000000000100001000000000001000000100010000001010000
01000110000001010000000100000001000101010000010111001010000010001000001100000000
00000101010001000011011011000000110000011100000100101010100010000010111000100100
10001101010000000000000000000100100000000100100000101000010001000100100001110000
10011100001000001000000000000011000001000000000000000000000000101100000000100010
00110001000010000010100111100010000000011010100100110100000010100001000000010000
11000110000101100000100000110000000000010000000010010001001010011001001000100110
00110001000101001001000100010100000000000000000001110010011000111001000000011100
10010000000101010000000000100000000001001000000100010010100000100011100000001001
11001010111000000100011100110100100010010000001001011010001010000000001001000000
01000000101101011000010000111000000000001011100011001100000010000010000001000100
00000110000100001100001001000110011001000101100000001000010100100010101101001000
01000000100101000000000000000010010010100010000010000101000001100110100000000001
00000000111000001001010010100011000000010000111000001001000000010001000100000110
00101100100110000001100001010000010000101000000001000000010000000010010000011000
00100000010000110000011110011000000000110000000000000001001000100001011100010000
00001000000000000001100001100001010000110100001001001000011100001001010001000011
11000000010100000101101000000100000000000100000010001011000000101010001000111000
10000010110000001000011000000000000001000100100010000000001000000100000000010001
10000101000100000000101000100110010010000000000011000000000100000000000010000000
00000100100011010100101000100100001000101000011100000000001000000110000101000000
00101001000000010000001001000100000101100010100100000100000010110100010101000000
11000000000001010000010000010011010100000000000000000001000100010010000000100011
00000001000000101000000100010000011111000000000000000000000000010110100011010000
00000001010110000000001010100111000001110100110000000000000101000100001001000110
01001000100110100010011000100000010000101000000001000010001000010100001000001000
00000000000000010000001100000110000111000000010000000100011000010001000000000000
01010110000000000000110001001000001000001101010000100000110000001100001000010011
10101010000011100101100100000010000010000000000000000001000010010010010010100000
00011000100000010101100001010001000100010010100000000011000001000100000000100010
00010001000010000010000000000000001101000001101010000110000100000010000101000101
00000000110011000010000100010000000000010000100100101000001000010101000000101010
00000100000010100001000101000110011001100000000001000000100000001010100000000100
01010000000010001100000000010001000000001000000000001000010000011000000000010101
11000000010001000111000110001000110110011001010001000000000000001000001100000000
00000001000100100100001000000000001100000100000001110110100101001000000001101010
10110010110001001000001011010100101100000000110000000001000011110100000000000000
00010000000000000000000110000001100000001000001011011101010100001010010000010010
11101100001001011000100111001010000010111010010010110000101010000100101001010010
00000110110001001000100110100000011110000101100000000010000100000000100000000000
01001000010011111000110100000011000010011000000000010000000010000011000000000010
00001100000010111010000100100010000000000011100001000000100000000100000100000010
01100110000111000000001001000110001001010001010000001101000000100010000000000111
10000000010000001010000000000100000000010101000011000000001000100000010011000000
00001000001001100010000100100000000000000000000100010000100000000000000100011010
10010001100000001000000000001001000001110000100011011000001000010010000100001000
00000000000000000101000010100011101000000000010000100000110100010000000000000000
10100011000010000000010110101001010100000011011000010001000001000110000010000101
10000001000000000100000000000000000110010010010000000100000100010000000011000000
01001000000100001001000110000010001100100100000000001000001011000000001000010000
01000001010001001010000100000000101000000100100000101001010100010110111010000001
00100000010010010000010000000000000010001000101000100001001001000000001000010010
