01110110101111010110111111111110101111111101110011
10110110111111011101011001111110101111111110011011
11011011010010011111111111111100111111110011010100
11100111011111111111111111010101110110011101011010
00100110111010110110001111110011111100111101111001
11011011011110111011111011011110011110010111010110
11111101001001011100011110110001111111011111110101
00110110111111111110110110011111110101101001111011
11001001001111111001101011111110111111111000111111
01111101000111111110111001010001111011111110111101
11011111100101011111111001001110010111110111111111
11010101111001111001100111111011001011111100111011
11111101110000111101111100111110001111011111101111
11010011111100101100101110011101111101101101000111
00011101110111010011100101111101111011111101111111
11111111111110100001001111010001011110101100111111
01110111111111000111101110011100110011111110011111
11111011011011001010111011111111110111111111001110
10111101011000101100100101101111101110111011011100
01110100101110111000110111011101101111100011011010
10110101111111101111011011111111111100111111010111
11110111011010000101100110111101101110101111000101
11111110111011011100100111010110001101111111011111
10111011000111111011011001111111111111101111111110
10111111100101011101111001111110111111111110111111
11111100111100110111101110111001110110000111110111
11101010100110100110110111000111011101101011111110
11111111110111111101111111001111110011100110110111
11100101101111101111110111010011110111111011010110
11110101101011101111111110110011101111011111101111
11001101101110000110101110111101110111111111110001
00011011010101110111110101111110111111011001011011
11111011110001101111110111011111011111101101111001
00111111111001111100100111111011101111100011101001
11101110110111110011111110100101110011111111100111
11111111101011010111111111101111110011111011100100
11110110111110111111010111011111111101011101111011
11100011111111101101001110111111111110110100111111
11101001111101111111111110111010111101011011011110
11111110111110101110101010001111001111101111101101
11011011110111111110111110101111101110110110110111
11011110011111111100111111010110101011011001111101
01100110011010001111111111111110011100111000000111
10111111001011100111111101101111111110110100110110
10001011111110110000000111110110111111011101011111
11111111111100111011101111111011100011101101101011
01011001111110111111001110100101110011110100110011
00100110111011111110111111111100001101111111100011
11010101101111111101101111111101001011101011111101
11001011111111111000111011010111111011011110111110
