000000000100000100011000110000
000110000110100001001000110000
000000110000000001000100000000
010000001000100110000010000000
010000110000000000000000000011
000000010110001110100101110100
001010000111011000010000000100
001011000001000000010110101010
000100000010100110000001001000
110001100000100010101000011011
010001101000000000000000100110
000000110000100100010100001010
010100001101000000100001000010
000000100000001000001000100100
000001100000010100100001000000
100101001001001010100000010100
000101001100000100000100111001
011000000000000000000000001010
000001000100101100001111000000
100000110001000000000000010000
110000000100010000100000000110
001001010001000010100000000000
000100010000000000100000000100
000001001000101000100000100010
110001010010010010000001000001
110001000100000110010000000100
000000011101000011000000000001
000001100010010100001010010000
000010010111100001001001000000
000010000100000010000000101000
