01100010001000000110001010000110001111000000000000110100011000000010101101001001000100110100000110000000100000100001100101000011000100011000010000010000000010011100100000101100000011010000000110000000
10100001000001010000000100101101010000000000010000000110010011000100000011000001001010000000001011010000100000001000000000000000010010000001101010010011100000110010011000011010000000000000101011000010
11000010100111000110110000010000110000000000000000000001000000010100000010001101101011001000000000000011001011000010000010100101000100001000000110101000000001000010100100100010011010111000000001100001
00000001000011000101000001000011001110001000000000001011000001000001100110101001000000000010000000110111000010100100000000001000001101011100010001000100001000000000000010000000100000000011110000000100
00000001000100100000010000010001000010000110001010000100110001110001001001000100000101001001000000110001000000100100001000000100010100001100000111110000100000000101000000000000000000000001000000000000
00000010000001001000000101000101100000000000010100010100000000010010011110100001001100000000000001000010100010010100100010000101000101000001000110001010000100000100001001000000000010000011001101100001
10100100000000000000000000000110001001000000000010000000000001010010000000000000110000100100000001010000011100001100000000100000100000000001100010000100001000100000010011001011001000000010110101001011
01011000000000000010100010000001000000001000000001010000001000001100001001000000000110001010000001011000010011100000010010001000101000000110001101100001010000010011000000001000001001100011000000101110
00100000001000000000100100100000001000110110000001011000100000100101000010010001011010100010100000100000000100110000000001001100000000000000000001000000000000010000100000100001010000000011010001000010
00000000000010000100100010100000101000100000000100010000100000000000001011010001110000000100000000000000000000100000110000100010000000010000000101000001011100000010001010100000000100000000000010101010
10000000100010000000000001001001001000011000100000000000000110000100000000011001110001000000001100000000011100000000010000000010011000100100001000000011010100100001010000010010101001001000110000001010
00101000000001000001010001001001000010001000000000110101010000001100001000100101000001100001110000100010001000110100101000100010101000100000000100000000101000100100000110001000001000100010110110001000
00110000011000000110000110011100100101010000111110000001001001010000000000010010000000000000000001010000010010000001000000000001100000000100011000000101000110000001100010001000010000000000001011010001
01110100000100101100000000010110100000000100001100100000001001010000010100001000000100000000000110110011101000101010000001000000011000000011000001000010000001000010010000000001000010011001010001000100
00001000000001000000100010100000000100000000011000101000000000101010000110100101100000100000011000110000000010010001100000101111100000011000001001000100100010010010001010100001000101000000001010000110
01000000000000000010110000000000000010001110100011000010100000010010100000110001110000010000100100000000000001000010000010000010000000101011000000000100000011000011000001001100000000000000000110010100
00000100000001000000110000100100010000001000100010000000010100000000110000010000000010010100000010100010000000010100011001111010000011010000000000001000000100100000000100000001000110010010001010100000
10110000010011000000000100000010000011100001100000000110000100001001100010000000101010001000001000101010000010101001100000000010100000110100010000100000010001000000100000000000011011100000000000100101
10100001000010010000000000000000000001010100100001000000001000000011100000110000000000101011000001110001101010000100000000000100000000100001000000011000010100000010000010000001000110000010000010000100
00010000000100000000001100010100010001101100100000010000001001000000011000110100000001000100000100001010000000000000001011000000111111000000010000100000000000001100001000001000000000000000000010010000
00100001110000111000000100000000010001000000001000101000110110000001000100100001001001110000110010100001100000000100000001110000000000000000010011000100000000000001000010001010100000000000000100000100
00101000000100011000001010100010000000000000000000000000001100000001000101010000101100000100001000000100100100000000001011000001000000001000010100011101110110001000010000001000000000000000001000001000
10000000000000000001010000010100000010100100001000000010000000010000010000111000000000000010010000001110100100010100011000000011001101001001000010000100001000001000000011000101001100011000011100001001
01000100100010000101100000000000010000000000100000100011010000000001100000100000100001001010001010000101000101000000000000000000100000000100010010010000010010000010100000010000000000100100010001100000
10000001010010100000010001000110000000010000000000100011110000000000000000010100111000000000010010000000011000111100001000100110100001000110000100001000000000000000000000000000001001000100111000100010
00010100001100000000000010000110110111000010000001100100101100000100011011010000000000101010001000000100110100100010000000100010000010010000110001001001010001000000100000000000000001000100000000001100
01000000110000101000010000001100000000000100100000010000000000001001110101000111110010000100000100011001000010000000000101001101010000100000110000000011000100001001010100000000000000110111010001001000
00101000000011000001001000000000100100000100000000000001000000000000000101010010000000001000010000000000001001101001000010010100100000011000100011010000010100011110100000001000000010000110000100100010
01000000001110000000000000100000000001010010000110110000001000010110100000100000000000100000010001000000100100001010000010100011000000000011000110101001101000000100110100010101100001000110000100000011
11000110000011001001001011100010001010010000000001111100000000000111000011101000000001000100000001001000001100011000100010000000100010001010000000000110011000000000000000000100010000010010100110010101
10010010000001000100010011000100010001001001000000000100001011101000000001100111010000001000001100001110000010000100010010001000000100100001000011011000010100011000000011010100000100001111010000001111
01011101001100000000000000000000100000000100101000000010010000000000000001000000000001000100101001111101000100000001000111011000100000100001000000000001100110100000000001010011010010100000000100000011
00100100010011000000000001010001000100101000101000000010000000010001000010000000010011001010101000001100100100000100010001000001000000000100000000010000000100010010010000010100001010100000100110010100
01100000000000001001100101000010001001000000000010001101101000001100001000100011011001000100100000001001000001001110011000000000001000110000100000101010000110000000100000111100101110000010000000111000
10010010111000000000000000000100010011010010100000110001111001000001000000010000010110010000101010001001100100000000111100111100000011010001110000100000000010000010000111110000000010000000100000000000
10010000000010100000000001010000100001000000010000100010011000001000100001100010100100000000000110001000001001100111110010101000000001000011000000000100000011000010000000001000001000000000001000100010
10011000000100010100001001000100001001000010010000000001010000000001011000000111110000000010000010011100000010001110000000000100000000000000000010000000001100100011000000100010101000110100001100000000
10000010000010000111100001001010011110000000000110000000100000000000110011000001000010000010100001010001100000000010000000100100000010000000000000100000000000000010000001001000001000000001010011100000
00000000110000000101001000000000100000001000001000000000000100010001101000010101000000010100000000010000100000001000000000100110110000000000000111000010010110001000000000101100100110100001000000001001
00000000101010000010000010001100001000000000011100000001011000000010101000001011010100110101011000011001000001010000101000000000010000101000100100000000010100010001100001101000001100000111000000000000
00010001001100011001000000000010100000100000000000000011000010000100001101000101000000011101000011000100000001001101000000010000000010101100000000110001001101010000100100010100000100110000100001000110
00001000100001010011001000110001000000000010000000011001001100000010100000000000010110001110100000000100000110000100001000011000011100010010011010110001010000110001000101001100100000100100100010001110
00001000100000010000000001001000001010000101000001000110000000000000001010100000010110001001010110010000010000000000000010101000000100001000000001000001010000000000111000101011000001101100001001001110
00000000000000000100000000000010000000000010011100001000000010000011100001000010000011000010000010011000100110010000001000001100110001000010000100101010110000000001001011000000000011001000000111000110
00000000001010011111000100100001101000000000000000100001000100001000000101000000001000000000001100000010000110000010000010000100001100001000100101000101000111000000000001000000001000000000000001111000
01000100000010100000000000000000000110010001001001000001000010000101010100000100100010010101000000110011100000001001101010000010000010001000010011001001011000100010001101010001000000000000100000000001
00001000000011100000101000000001100000110001010011000000000000001000000000010101001001000000000010110000100000000001111000010100100001101010100001010000000000011000000010011100000110000110000000000000
00000100010011000000000000001000000001010001000011101000100000011100001000000000001000000000000000000000000101000001000110000000000000001100100010001100000001000101000000000000000001111101010010000000
00001010000010011000000000001000010001000000001100010101010100001000011101000000001110000101000100011001000010001000100100010000010100001100000000001000000011100000010000001000000001101011000011001101
00000001100000010010000001000100000000000010011100010000010010000101001010000100010001010010001000000000000000000000111100000100000000110000000000111000000001110000110001001010010000001000000001000001
10000000000101100000100111001100001100000000100100000010000010000001000000000010010000110000000000101010011111000110000000100011010000011000100010000001001101001001101100100000000000000001001000011111
10000101110100000001000000101100001000000100000011000101000000000100101000010101000100000000111001000000010100000000001010000000000000011100100001100101100001000000000100100000000000011100000000000101
00010000100000100000100000000100010000000101000100000000001010000000001000000101000001000111000000110101110000100000100000001100000100100110000100100010000000011100000101001010000000000010100010000010
11001100000100000100000001000110010000000010000010010010001001000100000100011100100100000110110000000010100010000000100000000100001010010100000010101000001000001100110000000101000010000000100000100000
01010000000000010100001110000001100100001010000000100100001110000001000010011000000010000000000000001000011010101000101000000000001001001000110000000000000110001110000000010110000101000100010000100001
00110000000110000000000110010000011010011100110010010000010011000000010010010001010000000010000001000000001010000010101000110010000100010111100000100010000100011001010001000000111101000100000110000100
00001000110000010000100011000000011001000000000100000000000000010100010001001000100100001000000000000000010110000000101100000001000000001001000100010000000000000000110000000001100001000100000000001110
11001000000100001000100110000001001110010000000011000001001000000010001011000000001011010101001000100000001000100100100010001000001001000100110000000001000000000000100000010000010001010101101001101001
10000001000011000011010001001010011100010100000000001110010001111010100001110111011000010010000000100000000010000010000100101000010100110001011111000010000100001100110000000000001010001000000000000011
00000000001000001100110001000000000000100100100010000010000010000111001000000000001000100000001000000111100001000000000000000001010010110000000100100010001100101010000001001000000010101001000101000110
01000000001000000000100000000010000000001001010001101011000100100000000100100100000010000001000101100001001000010010000000000011000000100100100000000101110010000000100101010010000010000100000000110010
01011010000011000001000000000010001000000000000000000101001000011010010100110000000000000001000000000101001110010001100010110001000000000001001100010100010000000000110000000101001000000100101101000101
00001000100000100000000000000010000000000000000000000000001010010000000000000100100000100100000000100101100100000000001000000000100000100000101000100100110000000000010000001011100000000001010010010101
00101110000011010000001000001000100000100000000100000000101001100000000000010000100010100000100101010000000001000001001000000001001011101101101001001010100100011100000001000001010001110011000110101000
00000001000100100100000000100010010100000000101110000000001001000000010000000000001010000000100101000000010000000010001110101001000010000010110000001000000000000100111001000000001001010000001000000000
01100001101100000000000001001100010000001000010101010100100100000011011100001000010000001100101000001000010010000100111000000110100000000001110000001000000011100001011101000001001100011000000000100011
10000110000000110010000000001100000000010101000000000000011101000100000101001010110010000100111001000000010100000010000010100100000010000000000110111001010000100110010000010000000000000010000100001000
00011000100000000110110100100100101010100001010001100010000100000100100000001001100011001000010000100000001000000000000110010000000000100011000100000000000110010101100100000010000011010100100000000010
10010000000000011110000100101000000101110101000000010000001000000001010000000001000000000001011001101001000100000001010000000000011001010000100000001000000000000010110010001000000110000001011100100100
00000100000001001001001001100000000011000000010010000001100001001100100000010000000000100000000100000010000000001000001000000100001000101100100000101010010000000100000001000000011001110110000100100010
10001101010100000001000001000000010010111010000111011000010100000100000000010100000010100100000011000001000100000000011011000000000000000100100001010001000000001010100100110111100001001000000010010000
10010100000001100000110000110000000000001000110010000100000011000110000010001010101101101000010000000010110000000000010000010000010000100010010011000100100010011010010110000010100000010001000000100100
01110100110000100100000001000100100001000010000001000011010000000000000100001000000100000000010110010010001000010000000000000000100000000100001000000000011000001000001111010010010010110010100000000000
11001001010000000000010001110111000101001001100010000000111000000010000000010000010100011010010100001000000100001000001010000011000100100010000001000000011000110010100100110000000010001110100010010000
00010100000100110011101100001110010100000010000000000000001011000000000000001011001000000100000001000001000001010000100101000100001100101000100000100001001000001110100000000000010001000000000000000000
00000000111010011011011011010000001000100000001000010111001001010000011001000000010100000110000000000000000000000000101000100000001101001010110001000100100001001100100000011100000101000010001000100100
10110000001001000000001000000100000000010000000000000110100000000111000110100001000000000001001000010100000000100101000000000010001010000001100100011000100011000000010010100001001000000001000100100000
00101000000100100001000010100010000010101000011001011100001010100000001000000000100010001100000101010100000001001000010100110000000011100001001000100100000010000000001000000000001001010000101000011000
00000000000010000000000000110010010110010001000000100000001000000010000100100000000000000100101001000010001100001000100001001000000000010010001000000010011001000100000000000000010001010001110001000000
11110100111100110000100000100010010011111000001000011001001000000001100000101000011000000000011000000001000101000001000010100000000010000011101010101100000000100000010001100001100000000111101010010110
00100010011000110100010110100000000110000000010000000100100000110011000100000100000000010001000000100110000000100101001000001000110001000010110100000000010001001110000101101001000001000011000010001000
00000010111000010000000010100010111010010110000001100001001000000110000001010001000000110000100101000000010110000001010000001010000000011000000000000010100010000000000001011000000000100000000001000101
01100100100000000100110010000000010000000000101110000000011100001000000100100001000010000001100000000001000000100001100000100001100001000100011000011010000010101100000010011000000001100000000010010100
10001101000001000000010000000000001100010110000010010100100000000000000111010000000001001000101001001000001000010011010010100010010000001010001100101100001110000101000110011010000000010001001100000000
01100001100000001100000000100000101001000111010010000010010010011011001000000100001000000000000001100010001000001000000010110000100000000001000000000010010101000111000000000001101000100001001100000000
00101000001100000001100100000101110000000001001001001000010000000001000100000000000100101000011101000000010010010000111010000101110101101000000001100000010000011110100000101000000000010000000000010000
10000010100100100010100001001000000000010000000000100000000100110000011100000000010001000011000110000000000100000000000001101110001000001101000000000010010000000001000010000011000010000000100000000000
10000000000000011000100000000000001000111000010001100000011000000000000001000000110000000100000010001000001001000000110000010000001000100101000000000000000111000010000010001000001011000011010010101001
00101001000000000110000101010010100000001110000000000000100000000101000101000100000101000000010011000001010000010110000000110000000000010111000010000000000000010000110010010100010001000000100000001010
10000010010000001001010000100101010000111100010010001100010000100110001000110110000000010010001001110010001000000110001010000000000000011100000001000000011010000010001100000001000000010010011101011001
00010001100000000010001101000000100011000101000001001101001000000000000001010000000000100100001000100000000000000011001000100110000101000100001100011010001010001000000100010100000000000111000100110000
00001000000100000010000000000000000000011010010010001000010011000000100000001000101000100000101001010101000000000010001100000000100010100000000100000011000001001001000000000100000010010000100000100100
00000000100100010000100000000001111001000100000000010100000000011110000000000010011100000001011000000101010000000000000000110000011011010000010010000010001100010000000100000100100001000100000000000010
00000000000100100000101010011000000000010010000000010100000000000011100111000001000001001000100001010000111000001000000011001001001000001001010000100010000000001100000011001000000011010010010000010000
01000000001000100100010101000011101000010000100001010000010100000110100000001011000101000111100001010100000000101100000000000010100010000000101000000010010000000000101000000101000001000100100100010001
10000000001001010001000000100010000100000010100010000000000010011000010011000100010001100000000000001100000010000011000110000100100001000000000010100010010001100000100011000110001001001101000000001011
11000000000001001000100110000000001110001011001000000000000000000000001010000000000000111000000001011001001000000000100000001100000001000000000000010000011110011001110000000000010000100100010100010000
01000111000010000010000000001101000001001000000000010001000010011010101000100110010111001101011010100100001100000000100101100000000010000100000000000000100010000000000000000100000001010000010000001100
00011000100101101110100000000001000000000000011000101000011010100001100000000000100010000110000001000100001100000000000001000000000100110111000001000010100000101100110000001110000110000000000000010010
01011011000011100010000000100001000011110011011010001000000000010000000010001100000000000101011010001000000000100100010010101000000010000001001011001100100100000011001011100000000000000011000000100001
00000001000000000101001000100111111110010001000010100010000000000100100001000000000100010000000110010001100100001000100010101100001001010110101100000000000010010100001000010000110000001000000000001011
00010000000000000000011101000011100010001100000000001000000101100000000000001100100000000001101101100000000000010100000000100001100000001110100000011100000001000010000100001000000000001100000110000110
00110100000101001101001000000010000000000000110000100100000100000000010110000010100010000100000000000000001010000001000100000001000010011000000100000101000000100101010001100000110010000100001000101000
00111000000001000010100100100001011001010000010010001000000111100000101000100001001000001001100010001000000000000000000010000100100000100100100010101010001100000000111000000100000000010011000010000000
11000100000001000010111001001000101001100001011000001100000100100000000100000000000000000000010000001000000010000000100010000000001100000010000010000101010110000000010010111000000001000000000000000010
00000011001010000000000011000000000000000010000000111010100000001110000100000000010001001000110000000000000001000011000011000010010000001000110000010100100000010001010000000000010010100001110000010001
00100010001101000010000010010100000100000000000000100011010011000001000010000010000110010100010011100010000000010100001000000010000000100000100011000001000000101000010100000000001000100000000000100001
00000010101000000000011101001101101000000101100100110000100001100010101001000011010000100000000001101000000010000000000100001100000110010000000000001010010101100010000000100000010001001000000100001101
00110101000010100110000000100010000010000101100010100111101001000100000000000000010001000000000100000010100100000001001000011000000000011000100010000000010001000010110100110000110001010101001001000010
00100001000000010000000100010000010100011000000100100000000100010000000000100101000000010000000000000000010000010100000001000000000000000110000000000001000000010000000010010010100000000001001000010000
10011001110101000100000011010000000100000000000000001010010000000000000000001000101000000000001000010000000000010110000000100000010100011000001001000010010000011001001001010010000000010100101011001011
00000100100100101000001010000100000000010001000000000000000011000000000010100000000101001000000000000100001001100011000000000000100000100010110000010110000001011001001110100001010010010011000000000000
01000010000001000100000010011100010010101000010010000010000000000000010001000110000010000000011000001000000000000101000111011000001000000000000001001001010000000001000000000100000000001010010000000000
00011110000100001010101010000010110110001100000000100000010000000100000000001000100000001100001000010100001001101000001010000001111010000000000010100010000000000000000000000000100000100000000101010000
00100000000001010000000001001000010111000000100000100001001010001010000000000000000100001111000100000000010000110001000100000100011010010100001101100010100000001001000000000001000010001011111000000000
10000000000010100100000000010001000100001000011100000000000001010000100000001001111100000010000100000010010010011010000000000110010000100000000101010010000000000000000000100100000010001010101000001100
10000100010100100100000000000100001100010000011011001111110001000100000000110010001001010000000011001000100000000000010000101100100000000000010000000001000000000000000000001101010000000000110001000001
00000001011000001000001000000010111100000000001001000000000000000100101100000100010101010000000000010000000000000000100001000010101100000010100011100010000000010010111001000010000100000000000011000000
00001000000100001001011010000000011000010101011001010011100000111100011001010000100001000111000000000000001010000100000001001000100011000111000110100000010000001000000000000000100000010001000110100010
10000000000000000000000000100001001000000000000111000000101000001001000000100100000000000001000101000010000100001010000000001000001000000100001000101001000010000001010001000001000101100010000010001101
00100101000000010001010000011111000100000010110100010000010001001011001001000001000111000100010100011001110000001100000000000001011011000000010000010010001010001000000101000111100111010000000000100000
10000000100001001001110000100001100000000000000000000000000000000000001000100010000000100000010001100000010001001000011000110000000000000000011000000001001110000000000000100000000000000000000010111100
00100010010100101000100011001000001101100010000000100001001001001010000000010101001110101010100001011100000000100000100001011011101010010001000000100001100110010001011000100100110011000000101101110000
00000000000000001000100000010001001000001100001010000001000001000001000100000100000010011000100000000000000010001000000001100011000101000001100000000000000000000100000100110111000000100101000111001110
00010001100000101000000000100011001100000111000000001000011000001000000000000010110000100000010010011000000110001000101100100001001101000000100010011100110010001001100010110101001000001010000101000011
00101100100000100010000010110000001011100001101001001100000000000110010000100000000001100010000110001001000100000011100000000000100110011000111000001100110000011100000100001000000000111000001000010100
10000000011100111100001011001000000000100000010000100001000010000100000001001000010100100010001000000000011000000001010000110001101010000000010000000000000001010000001000100000000000101000001000001000
10100100000010100000011000101000100000000000000000100000100111011000000001000000001001000000010000000110000000000100000010111010100010100000100000000100010000101010001000000000100010010000010000000000
00000011000110100101000110010101000000100001001000000000000000100100000010000000101011000001001100000101000000010100111000100111010000011011000101001000100000000000110000000010100000101000000101000000
01001000001001000001000000100000000000110101000010100000001100000000100100000000100101000000100000000000010000100111000010000000100100000010000011001000000000010000010010100110011000010100010000100000
00010001001101000001001000000000010000000100100000000110010000010000110000111000000000110000110000001000100000001110010110101010000010000001000000110000000000000001100100000010001000000000001001001000
10111100000000000001001000000010000000000110100010001001001000000000000001110000000001000010000000100000100100100000010000011100010000011000100100001000110000011001000000011110000001000011101000001010
01000000000000001001000001000100001001001000010000000100000100011010000000001101000000000001101001010010000100000110001010100111001000100010011001001100001011000001010010011100100100011000110010100010
00010100000000001001001010000000001100000001001000000010010000010000100000010100101001000010100110001000000000000000001010011000000000110000000010000010000001100001000001000110000100000001100001000000
00000000001100010110000000100011010000011000001001001000001110110001010101100100000001010001000000100001001000010001000000000001000011000010110100001000010001010110000000110000000000100101010000110010
10010000010000101100000001010000011000000100000001110101001100000000100000000010010000001100100000101010000110100010000000100100100101001000000000100000010110000100000010000010000000100000000110000100
10111000000000110000011000010100000000011010111110110010100000010000010000110000010101100100010000000110010010100000000000000100100100010100001010010001000001000000000100000001010100011000011110000010
00011001001010000100000110000000100000001000000110011101010010010000011010000000001000111110000001101101000001000010001100000000000000001000000001010100111000010010000001000011000010001010001000010100
00000001000001010000000010001100000100000101001000001001000000001001000101010011100100001000000000101100100001010000011000000000110010100000000001000000100000000000000000010001000101100000000111001100
01000110000001010010001000001011001100000000000000000001101001010101000000001101000010111000010000110000000000000000001000110000101000000000000001001010000100000001111100111000001101000010000010000100
01000010000000000000000001110000011000010000101100110011010010111100111000111001100000000000001000001101011010010000010000011101000100100000001001101001101110100000100000000111010111000001011000000010
10010000000010000101110101100000001000000100010000000010011000001100000100010000101000000000110000000000010000010000100011000110000010100000000011000000000010001010001000011000010011000010010010000000
01000001001010100000000000000000000000000100000000000000001001110000000010000111001100000010001000011000000000100010000101000100000010001000100000101000011000000101001101000000000110001000100110000000
00101101010100000000010010001000000000110001100000001000101101000011000000001000100100000011000000001010000000000011001000000000100100100000000001111011010000010000100000011000010011000101000000001010
01101110000000000000101100011010000010100100010100100100001000000010000100000001000000001000100100010001101010000100011000001000010001001000010000000100100001001000011100000000000010000001001011000110
00011001110001100000100001010010000000100010111000010000001000010000001101010000000001000100000000110000001000101011010000000000110010000111110100001000000000100100100100000000001000000000000000011011
00101001000000000101000000001000011001001101000001011101000100100010010000100101000101000000010100000001000000000110011100100000001000010000101100010000000000010000001000000000000101100000010011100100
11001000000000000010010100010010100000001100001001000000100001000010001000001000001000000010000010000100010000010001000010001000001000001100000100101100000110100000011000010001000000100101000001010001
00100100000000001010010011001010010000000001010111000100000000011110110000001001001100000010000000010101000100001000000100001100110110100001101101010111010000101000000000000000000000110100000000000000
00010010000010110000111000000100000100000000100100010000000011100000000100010101000100000000000000010110110000010000000000001101000010000100000010011000000000100100000000000110010100000000010001000100
01000100001001000000000000100100010000100001000000001001001100010000010000000010011010100011111100100001000100110111010010000000000001000001000100001000000010000100001000001010001000000101000100100010
01000001011010000000010001101001000000001110110000110000010010000010001000100000000000000001000000000010101001001000100101100000000000001000100100001000010100100001010000100001001000001010000000001001
01001000000100100000010000001001000000000001000000010000000010110000000100011000010000000000000001110000010000000010000000101100100100000110100010000000000000100101000100000010110000010001000000000010
00000001011000000110010101010110000000110111010000000000000011100010010011000010100011100100001110000000100110101000001000001101000100110100001100001001000000010001000001011000011100010000000010000000
00010010010100000000001000001100000010001000010000100100000100000000000011100010000100000110100010000001000000000000000011000000000010000100101000000000000011100010000000000001100100010010010000000000
00000100011010001010010000110011110010111000100000100011001100010001000000000000000110010000100010010001100100000000000001100000000000010001100000010001000000000001001001010000000110110000000100000010
10000000000010110000010100000001011100100000100010000010000010000101000100001100011100010110000011001000100000000000000111101000000010010000110000010010001001000101101001001101000000000000100010000000
00100000000001010100000001000000000100001000100111110000000000000100000000011010100010010001000100000100000110010000000000000010000011101000000010000000001010010100000000000010000001000000000001010000
01000010001100001000000000000001000010000100010011000000000100000110000001000001001000000000000100100010001100000000000000000001000001000000100001011101101000000100000110010000000001000000100100001100
11000001100000100000000000010010100000011100001001001001000000010001000101000000000001001000100010001000010001110000010000100110010100100100000100100000010001000010000100010111000101100001000010010010
10000000000000000001011000110010000000100000001000101111001100010000001110110000101001000011010010100000001000110010001010001101000100000000010010001000000000000110100001001011001000000100000000000000
10001100000100000001000000011000000000000000000100001110001000011011010000110010101111000000010000101010000000000000000000010100000000110000001001000110100011101000000000011010000000101110001000000001
01100001010001110010000100010000101111000000010000000010000100000010101101100000100011010100000000010100000110000000010000000001000000100100010000000000001000011000001010111000100001101001000001000000
00001001001010010000100000100000000010010101000100100001000000000101000000000000000110100001000010010010010000111010000100101000001111000001001000000001110110000000001100010100110011100010110001010000
10100000100010000100000101011000010000011010000001100100111011001001101001110000000001001000001110100001000010000000010000001000101000000001100101000000000010001000000110000010010010000110000100000101
01000010001001000000010000101000100000000010000011000101101001101110100100001001000000001000000010100011111010000000010100100000110010000001000010010001000000000000000100001011100000100100010000010001
01000100010000100001000000000000000000000011010000100000000000001100000010000100000000000100001000011001000000110000010000100011000000000001011010110010000110000011000001101100000000000000010001100010
00100000000100001000000000101000001000001100010000111000000010000101001111000000100100000110100000000100001010010000000010010100001000001001001011000000100000110001110011010000100101010001010110001111
00010010010110100010101000000010001000000001001000000000000000000000100110001000001100111000010100010000100001010000000000001000010010010000000000000000000000100010100100011010010000000010001000100001
00000110000000010000001000000011001001010101110001001001000110011100010010000001110000000000010100010010000000100000010110000000000001000100001000000000010110001000001100110010001000010001100000000000
10100000110000100000000000000000011010110010000000110000000000000000001001001001100001000000000000010010100110010001000001111010010000100001000000000001000000000010001001001101000011100110000000101000
01000000001000000000000100001011111000001000011000000010010010000010001011010000011100001010000000001000100011100000000000011000000110100011010100010000010100110111000111000000000001000011000000000101
11000011000110010001110000010000010101110110001011001000000100100000100000010000111101010000010000100100100000000000100000000100000110000001010100000010010010001110011010100000111000000001000101001000
10000000000000010000001000001110110000101100001000000110000001000000001000010000000000001011101101100001000000001001100010111000010111000000100000000100000010010001001000100000000101001101011001010101
01100010001000000000100000000001000010000010000001001010000010100001001110000000000100100000000100100000000001100000010010010000111101010100100000000110100001011100110011000000000000101000100010000000
00000010100001101010001000001001000000000010010000000100100001110100001000001001100010100100001000000000000000010010100110011000000000001110100000010001001010011000010000100000010110100000000010000001
00010000001000000000100000001000010010100100000000000001100000100000001100000001000010000000100000001010000011000100001010100001100010000000000000000000101000000011010100001000000101100000000000011000
00100000100010000100000000000101000000000000000001000001010000010000010010100010000000001000000010001010010110010000100000100000010000001000110100000100110000000001100010001001000010100010000000001100
00100011001100000100001010000000110111010000100000000001001001001100010000001100000010010000000100000000001000000000000000001000011000000001000001000011010000001000000001001000000000000101100110100000
00000000010000101010001000000010010000111000001000000011000000000100100000010000000000000000000000100000000000000000010110000000000011001011101000100100011100010000000100000101100011001001001000000100
10100100000001001110000000010001111000100001001000000100001110000001100011000000000000110001010000100010010000010011000010100001000000000100111110000000000100000001100000100001010100101011000110100000
10000001001000100100000011001000000000000011000110000011110000011001011000110110101000011000111101000000100110000000000110100000000100000011110100100000000001110011000100110100100100000010000010100010
00100001000100000100000100100001100010101110000110000000000100010000010010000000011010000000000010000000011000000100000100010110100000110010000000111000000100010111010000100011110010010000001100001000
10100000000001001000001000100100000010001000000100010000010000011101010110000110000101000101010001000001000010110000001010000101010010001000000000001000111100000000000101000000000000100000000000100100
00100000001001000000001000000010000000000011000111010000001100000100001001000000000000000000000100001100000100001011000000001110100010001100001000000001000000000110000000000110000110000001010000010010
00000000000000000000000111111010000010010110001100010011110011000001010001000001000000000010101110000110000010100000000000010000010000100000000100011010000000001100110000100100001000000000100100011100
00010111100100001010000000111110010000010000001010001000000000010010010011010001100000010110010000010001000000011011000100001000000100000101010000000001001000000101100010110000010011000001000000110110
00011101100001000000000000100010000001110000000110100000010100110000100100001011100110010010000100010001010011010010001000010000000101100000100110010010100000010010000101011100001110001010000010000000
01010010001100000000000010000100101000001100010000001100010001000001000011000111000000101001001000000000010000100011100000100000000111000000001000000000000010100001000001000010001000000100000000000001
00010010101101000000001110100010000001000000000100000010000000100000100000000010000000010100010011000000010000001010100000000001010010101000110000100100001000000001011100000100000000001000000000001001
01000100000010101000011010000000000110000010000000100000010001001000100000010101000110000100000000000010000011100011000000100110001100001100100010000000000000000100000010000100000100100000000001100001
10000110000100010000101000011101100010000001000000000001000101010010110000001000000110000110001010000100000100000100001000111000100000011010001000000010000100100000100100001000001010100100000001110000
11000000010110111011000000000100100001000101000110001001000000110000001001000001101000010000000000000101000000100000011101010000000010011011011010100000010010010000000100000011001011000001000000001101
01100110100011000000000100100000000001001011100011000000010101000000000000000010010000000100000000000000000010100100110000111000101001000010000010110100000001000011001000001100000000000000001100000011
00100101010000001100000110010000010101000000100000000110010010010100110100011000000000010011000000010010001000000000001011100000010010100000000000100010000000000000001010100000001011010010001100000010
00000000000010010001000000000100110000000000100000100000000010100000001001000101001001000110011010100000010001000100000001100100000000100100000001010000000001010001010000000100100000001110000100001000
00000011011100000000011001100010010000100110100010100000110000010010000000000100100000011100000101001010000100100001000101010010001100000010000101000001000000100000000100101000110000100100010010010010
00010001000001110110100001000110100000001111000010110001100101100000100100010001011000000001000001000100000100000001000101010100000000010111000010100100000000100000100100010100010100010110000010000000
01000011111000100000000010011011000100001111000000101000101110000101010000000001000000001000100100101100100010100000001000011000000110101000100111000010100100010000001100000000000001001010000001101000
00100110000010000100001000001111000000100000010011110010011001100100000000000000010000010100001100011000011100100000100100001000000000000000000001010001000000000100110110010101000000000000111011000000
