01110001101110100001010100101101110101110011100110
10101111001110110100001100011111100111100011111111
11011011110110110110110011010000111110001100100110
10100100001000000111101101100110110001100001101110
01100101101101000110110010001010111001110110100111
01011000010101001000101110010111000000101111000101
01100001111101100000110010111000101101110111010110
11101010001100100001000000000100100000111100010111
10101010010100111110111011111100100001000111111110
00100110101110100100001010011101010010010010001001
11011011010011010000011101010010011111011110011010
11101111110011110101010100101100111011001101110001
11100000011101101100001101000111110011110100010001
00001110001110111000001011011011001011110101111110
11100011110111010010110100111101010100110100010110
01100000101101101010001001010110111101111110011101
00000100100011010111001101110011110000100111111111
01111000110110001010110010110011110001101001010001
00111000100000111101010011100101001000100000111000
10010001000100001010100001010110001101000100000110
00111110100000100101011001001001011000000100011010
10101010101100100110101111100000011011001100011001
01010100111011011000110000010000100011111000111111
11010100001110101000010011100110001110010100011100
00101110110001000110010101000010010111011011011101
00110000101011011011110110010010111100010001100011
10010010100100101110010100000000110000001000011011
01100110111001111101001001000000111110111101010010
11001010110101100000100000000100101001111101111100
11010101110110110011000100001010000001011110011000
01011100001011011101000111000101001000101100101001
11000100010011101110100000000010010011011001011001
11111011100110011100001001111000010101010110000101
10111000011110111100110011110001101101001111110011
00101010001101010011110101011010010011010110010110
11100010001000110001000111010000110011011010010101
01100000011111000000011110010001001101000101111001
11011010101111010101011010001101111110110100001111
11011111000011111110001000011010000001010011110100
10001011011011110000001111011101101101100000100100
00100101001100010100011010111111010100000010111000
00101111101111111001110100011110111011000010100001
11001110111000011000000010000100111100101101101010
11010110100101001100000011011001010010100010000001
11111000100101001010001001001010010010111110010111
01000011101111111110111110111101011110101000100111
01010000111001011010111110101111000011001010000111
11111111100001111001001110001000101101110000111010
11111011101001101001101001110000011001000010111100
01001101010110011100011011100011110111000101111000
