01101101011111110111111111111001111110101110111100101111101011110111010111110000111111101101111110111111010010111111001011111111011110111100011111111110111111001111111110101111111101110100011110111110
10011111100001111111111101011011110001111111011011011111101011111111101101111111111010101111111001001111010101001110111110111111101110100101110111111111111110010101011110111110111110100101011010111111
10011011110110100101111100111011111111111011110111011111110110101010111101001011101101110011001011110011111010111110110111111101000111111110111000110111111111100011101111110110111110111100111111110101
01100111110111101001011110011010101110111101110110101011101010010010110111111110101101110111101101101111111011100001100111111111111111011011011101111111110111111011010111111101111011111111011100011001
11100101111011111111111111001111111110111110110111101111110111101111010111111111111000111111111001101111111010101100111111100001110111111111101100111000101111111111111010100011100111111110011001111111
11011011111001110111111011111111001011101111111100001111111111111011101011110111110011011111011101111110011111111111100001110111111011111010111111101111110111011111111110001101111111111101111111111011
01110101101111101011111110001011111011011111111111111010110110111111010111010110101111111100111011110110110101110001111101110111011111001101010111111111011010111111111101111100111111111011101110111110
11111110110111011101001010110100111111101111110101110010111110100010011100110111011111111000011011001111111011111101111111110111101111011111110001101111011011111111111110111111011011111111111111111111
01111111011010011101110101010111111111111101011111110101111110011011011111011111010110011111101101111101100011011111110111111111110011110011111111111111110101011110001111111011101101111111100110111011
10111101101111111110111111111111111011111111011111111101111111011111110101101111111011001111111101111111111111001111111011101111011101100111110101110111111111001101011011111110011111111101111111111101
10001110110111111111111011011111011111111101111100111111100011101101111110101101111011001111011011111100111101111110111001111111111111011101111101111011101100110100110011111111101101111101010111011100
10110011011001011111001111111011101110101111111111111111111111100001111010111110111111010100011011111111111001011011011101011101110111111010111001011110111111111111111100001111011010111011100111111111
10111011111000111111110110101111111001110101101011111110111110111111010101101111110111000110010111000111111111111101110111111111101110101111111111111111011011111101110001011011111111101111111011111000
11011111011100000110101010110001110111011010101110011101111101111010111111111110111111011011111011111011101111011111110110111001011011011001111100110101111111011010111110111101101101010111101111110000
11111110011010011101111111110101111101110111111110011111011111111111110011010100110010110101111011111101111101110001111110111111111111111111111111100111111111111101101111011110111101010010111110101111
11001101111110100101111000111110111111011101111100111110010101010011111011111110100111010101110110011111111111011111110111111111001111101111111111110101101111011100111100011111111111011111101111111111
01011011111110100101111101111110111101110111011101101111111101110101011011110111111011111111101111111111111101111111011111011111111101111111111111010011110111111110111101011111100111111101011001101111
11101101111111111010110111101001011111101011111110111111111111001111110111011111111111111101010111101010110110100111110101111111101101011110001101001111101001111101100111111011110110101101011010111010
11001110011111000101111111101111111101111010111101110111110001010111111111111110111110111011011111111110101111111111111111001111111111010011111101110111011001111111111100011111101100110000110110010011
11111111101110111010101111111101111111011011110011111111110111111110011110111111111101101011110101110011101101111101101111111011110111010010011001111111011010111111100111101101111011100111110101111111
11101110111011111111011011110110111101111110110111101111011111110010011101011110111101111111001111001111011110011110101100011110111111110111111111111110010010010111010001011101101101101110111111111110
11111110111010111110101111111111111011111111100101111111011101011011111011111010100111111111111011111110101110111011110100111011111011101111111111111011111001110011101111110111111111100111010110101010
11111111011101111011110110111111101100111011111010111100110111001101111111011011111111101111111101111011001101011101001000100001111111101101110011111101111100010000010111111100010111010111111010101010
11111010110110101111011011011110110110110111111111001111011011001011010101110111101111111101110011111101111111011111101110011111011111111100111101111011110101011100111111111101111101110110111101011111
10011111011111100111111101101111011110111111111111101011111110111110111111100101111111111110101011011110110111111100111111111101001110111100011101110101010110110111010001100111110101110111001111011011
11001100111100101111110110010010011111111111111101110001011101010101111110111111111100110001011101010110111111111000111101111111100010111111111101010111101111111110111111101001111111101111011110111111
10100101010111111111111010001101101011111011111001101101111111101110101111101011111100011101111111110111010011111010111011111100011111101000111111111011100111110111011111011111101110101110100110111100
11110101111101111001111101000001101111101101111101110110101011110111110110011111100111110011011110111101111111111111111111110111111111010101101111110011111110110011101011110110100111010111010101111011
11111110011110011111011110100110111101111101111111110110111101111111111110101111011101111011111111011111111111111111111111110111100111111000100110100101001111011111111111101000101101010100111011101011
00001101111010111011111110101011001111111111111111111110111010111011111101011101111111101101011111111100010011011010011111101111111110111010110111111111011111110111111011010011111111110110111111111101
01111110111110011010111111001101110010111111110110111001101110110111011111111111110000111111111111011111110111101111111110101101111011011010011011111111111100111111111001100100111111110011100011011111
11101110111111100111011010110110111111110110011111001000010100111111001111111111010111101111111011111110110111111111101110111111101111111111110110100111110111100010110111110111101011110111111011101111
11111011110111111011111100111011011111111011011111101101111011101111111101101101110111010111110111101111110111011111001111111001111011111110111001101100011110010111001110110111110111111101001101111011
11101011111011111111110111001011101111111011011101111111101011111111100011111111100111111011111111011100010101011110110111101111111111110111111110000001111111111111111111000111011111110111111111011110
10111111111110111111111011111101110011011111111111110111111011000011111001101111110111111101101011111101111011111011111000110111111110010011011101111011110011111111111111111101101111111110101111101111
10111001101101111111101111011101110011111111110111111110111011110111110111101111111111001011101110111101101001100111011111111000011110011111011110111111011111010111111101010110111101110110111101011111
10111111111101010101010111110111111101101111111101111111100010110110111110111101100011010110001110111101110111111101110100111110111111111100111111110111100101111001111111110111011110110111101111001101
01100111111011111111110001111101111110000100001100111111101101110110101110101101110111000100110111101001111101101111111111111011110011110110111000011101011100111001110010111011111001101011111111111111
11111101111110101110111111111111110110011111111111111100111111001011110110001011110111110101111111111111111010100111101111111111110011111011000111011110111101111011101101111101010011011001011111100100
01111010111011111011111111101111111100100111110111011001111011110101111101111101100100110111110001011111110111010001101111011111111111011110101000010111111101100111100111111111111110100100101111111111
11111111111101010111111011111110111110100111111111100111100101111101011001111111100111111100011110001101110101001101011110000111111100000000110011111111101000001110111111110101111110101101001011111111
11011111111110111000110111011111001111111011111111011111111111111011111011111110111110111011011010101001101011101001111100111010001110111111100111110101110110010110111001111111111111111111111011110100
11101111010101101111111111100111111110111101110111011110010111011011011111011101111111111110110111011111000101111011111111111111010111111111111111111111111111110110110011111010111111111011011101110111
01110111111110111101011111111110111110111110100001001111111101111110111111101111111110111010011110111110101111011110111111000111001111011111100001111111111110111111111110110111110011111111001111111111
10111111001111110111111111111110001110111111000011111111010011001101000011011111110101101001111110110111011111110110011111111011110110111111111111111011101011111010111111111100101111010111110111111100
11111111111100111111101111111111111110111110001100100111110011111001011111011111111111111100000111111111000010101001101011100111110111101011010111111110011101110111111001111010001111111110110111010000
11000110111111111110001111111101111011101100010101111111111011011011011111101101111011110110111101111010110111001111110101100111111101100001011111101011101100100111011111111110011101101111111111111111
10111111111101111110110111011111111111111110011000111111111010111011111110111111111101000111111110011101111111001101100111100111111110101111001100111110101111011111111011000111111111000101110101011111
01111010110111100101101110001111101100111110100000111110111110111010110111111100110011111110001111110111111101111011110011110111111110011110110001111111101111101110011101011011111011111111011110101111
01101011110110001011110111111101111110111111101000101101010011011111111011011101100101010001111101111111111100111001100111101010101111101101110111101110111110000011011111111010101110001110110110100111
10011011111110011111111011111110111111101000111111001101111110111110111111111111011111111111111111111001011111011101101110111111111010110101110101010111111010101110111111111101011100001001111111011101
01100011111111110111011001011110011111110110101110000110111001111111100111101100111111101110011111011110011111111111101100110111111111010010111010111111110111011111011110110000111010011110101110011011
11111110011111111101111110100111110111110111101111100111110111011111111111011111110101101111110110111011011011111010010111111111100011011011101111011011111101111111110011101111111110111111101011110111
11101100111111111111111100111100111111101111111111111011011111011100101111111111111011100000111101101011101111101111111101110100101111101111001111111011100111110111111111010101011011111100101100101111
11111111001110111111110110011100011111001111111110011101110111111111101100100111110111010111111111111011011001110110111111111111110001011000101011111111111101001001111110111110101101111111011011010110
11111100111101101111110111100010111011011101111101101110011111111111011111111101011111111001000111101010110111101111001111110101011111110111101011111100010101111111111111111111111111010011111111110111
11111111111111001111001010111110111111111101011110111010000000010111011100011110110011111001111111111111101011111110110111111111101111111111111101001101001111101111111111111111111011110011111001101101
00101111110111111111111111101101101100110111111111111111000101111111111111011011101100011110111001111111011101111011101101010011011110011110001111101111111111010111011111111110011011101110111111111101
11010101110111101100110111111110111101110101001110110101000110110101011101010111110101111101110101010110011110101111101111111111100111111111111111111111111011101111100011111011010101110111011010110111
00101111110111111101111011101011000001101111000010101111011011011111111111110101111111111111101011111100101111011111111111110111001111100101010111111111111111111111111111101111111111011110010111001111
11111111111110100101101110110110111110110110111111101111001101101111001111011101010011001111110100101101011111011111111110111011101110110111011010010111111101111110111100111111111110110010011111111110
11001100011101111111111101111000111101111111111001011111010110101001111100001111111111110101111111111111111110111111101101111111110110111111111100011001110111100011111110110111111101111111110111111101
11101111001111101001100010111111110111011101010110110011011011001010110111111111111111111111111111111111000111011111111101110010011111111111101111101111111101111011000000111011010011111101001011111110
11010110110011111011110011011111010111011111011111111111111100001110111110011011110100111111001011111001011011010110101111101011011111111111111111111100110111011111111111110111111111111101111101111011
01101110111011100101011110101101110000101111111111111111010111110110011101110110111011100111111111111110111011100111111111110111011011001110001111111111101111110011101111110111101111101111110111101100
11001010011010101111001011111011110111011001100001111111111110011001111110111010111111111111111111110101011110111111111101111010110011111110111110011111011111111111111100111111111111110010111101111010
11111111110011110111110110111111111111100111001111111011110110111001111111011111101111111111101111111101111001111111011111010111110110110100110001111001111110111100001011110111111000110100111111111011
11001110111110111110011101011111111100111110111101011011111111000110011011001111111011111111111111011110111101101011001111110010111100101001111101101111111111011110110110001111111001111001111111111111
01110100011101110110011011111100111111110101000111111110010101110110001001111111100111010011011011111110011010111111111010111111111100101011111111011011110110111111011110110011111011111100100011011101
10111011111111111111111111011110101110111111011111101001111101111111000011011111101111111111110101001010101111001011101111100011101110001111011011111010101010111111101011111111111101111101011111010111
01100101101101011011111011101111101011011111011101101111111111011111100011101101001111111111010111010001100111111011111011111111110111101001111111101101111111011111100011111011110101111101101111011101
11111011111011000111101111111111100111110011011110111111111111111110000011111110111111100111111110110111011010011110011011110110001101011011011011111101111101110100111101111101110000010101111111111101
10011110101101111111011011111011010111100111111111111101010110110111011101111111010010011100011111100101111111111011111100101101011011011100010101001111010111101101110111110111111110110001011110111101
11111110110011111110111110100111111100011111111011111101011110101011111110110111011110111101110111010111011111110101101101111110001101110111111101111110111111111111111111110011111101101010110111111100
11011101011111011011010111101011111111011101001110110111000100101100101111011000011110110111111111111011110110001101111111111110111011111001101111111111111110000001111110111111011100111010000111111001
11011111100101111111111101010111010010011110110111101101111110111110110111101111111111000101111111101111100111111101111111111111001000000101011101111111111011011111111011101111011111101001011101101110
01111000111111010111111001111111111111111111111111111101110011110111111110110101001111110111111110111000111111110011111110011101111110111111100111111110111110100110001101111110110010110111101110101011
01011111111111111111100111011111111111011111111111111111101111101011111111011011111110111101111110111110101101111111111111011011111011011110110111111110111110110101111101111111011111000111111011111010
01111111110111011111111101111011011100101101110100101110111001111111110111010101010111111111100111111011111110101111111001111011111111100101101011010111111100001111111111111111111111111101010100101110
01101101111010001101001111111111111111111011111101101111011111110011111011011110111111011111011100111111110110011111110011101110010101111111111111111011111100100111001111111011111110010101110110111101
11111110011111111111111111110110111111111111111111011110111101111111110100010101000110110111011100111111101011111101110011111111111101110111111111111111111001110111111110101100100011111111101010011111
11001101111111101111101011101111101101100111111110111111101111111101000111110111000111101101111110101111101011110010011111111111100011110111110110111110110100111011101101111110111011101111111110110111
11111011011101001111101111101100000100000111011100110101010101101111011101111101000110110110111001111011111101111111101101111101010110111111101011111111111011111110111111011101101001111111111111100110
10110011100111010111111111111101111101111111110101111011011101110110111101111111111011111111100111111001111111001011101111111111111101111110111111010001100111111001111011110111111101100011111010101111
11000111111111111110011110010101111111101111011010110111100111101111111111111111111101111011101101110110110111111010110101100001111111011111111101111111111101111101011111011111000110111101110111111011
10110111011111011101111110011101111111101010111111111111101111101111111100011011010110001111010101111011110111100110101000011011010111101111010011111101111111111011101111110110111111011111111110111111
11111011000000101111111111011111011000111111111010111101101101111111011101101110111110010010110100101110110110000101101110011111010011100111101111111110010111001111111011101101110100101011011111011111
00111111100101111110110111111010111010111111011011100011111101110111111011101111101110100011011101010101111111111111001010111001111110111111111100111100111111110111111111111111111111111101110110110110
11001111111001001111111110101111011100001111110010111001111110110111011011000111010111000100111111111101111111111111110110101110111010000111101001111111000111111111111111111101000110011111001111101110
11011110111110111100111110100111101011111010011110111010011111111111011111111111111101001001101001001111111111110111111110110111110101101111011001111111111111111011101001111111101101011111011100111011
01111100111011001011111010011011110110010111001110111010010110111111111100101011101111110001111101101111111111111100110111111101111001111011111011101111010100111101001101011111111111010011110111101111
11111100111001111111111101111111111100110100100101101011101111111111111101111111110111010110011001111011111111111011010111111011111111000111011011101111110100111011111011101101001111100110101011111111
11011010110001111001011110101011111101110010101101101110111111101111010101111110011110101110011111111111110111110110111011111111111110110000011010111110111011101000101111010111011111011011111100111101
11001111011111110111011101111111110001111111101101111110111011101101111111111101111001111011100001111111011110111000000111011111011110111111101101011111101010111111101111100010111011011101111111100110
11111111111101101010111011111111011110101101101111110110110101111111100110111101111010011111100110011110111110011111111111111011111101101101111110110100111101101110011110011100101011111111101110011111
10010100110010011111101001111110110111101011111111111111101011101111011111111111110111111010101001101100000110110101101111111110110001011101111110101111101111111110101101101011101111011101110101101001
10100011001111111110110110111111111111101111110110111011100101111111101111111110010100001000101001011101111101111111111100111111101111011111110111010110111010111111001110100111100110111101001111111111
01111111111111101111111111101111111001110010011011110111111101111111111011110010001111011111110110011101110010111111011110011111111111011111110100101111110011011110111010111111111010010011011111111110
10111110111101101111011100110101101111100101111011101111110111111110100110111111111111101011110100011101110101110001110111111101111111001101111100111111100010110111111001111011110101011001110111111010
10100110111101111011011111111111011110110011111111111010111101111111101101101111101111011001111011101111110101100111110111111111011111111111000110111100111111111111110011101101111011111111111110111101
11011101111101111110111110011111111111111111011101111111110111111011110000111111111101101111111111110101110101011111110101111111110101111110111101111111111101111111111011011101111101101110111111011111
11011111111110111010110111111111111110111011110111010000111111101111100111010101110010111110111111111011011101011101011001111100011110111111111111110111111101111001011101111010111111011111111111001100
11111111010111011111111011101011100000110011111011011111111001101001110101110111111011100111111000010101110111111011111100101111010111101111111111101001101100100111011111111110100111111011110001011011
11111001110111111001101100111010101111111110110111101110110011110110001111110011111101011111110011111110111111010001111011111111111001011111110000100110011011001100101111101111101111101101110110111111
00111011111111111111010111011011101111111101001111000101100101001011011010111111111111111111101011111011011111011111111001101110111111010011011111110011011111110111101111111111111011001000101101100110
11111111011110111100100111111111111011111000101111111011011011011111100111101011001111111111111011111111101111111110110011011000101101010011111111101111101101100111001111101101110100111111110110111111
00111101011111111011111101011000001101100101100111111110111111011111110111001110111100011111011010000101110011101111111111111111111010101111101101110111111010101111110110011111100101101111001000011111
01000110011011111111111111011011110011011011101111110101011111100101011011111111001111111111111110111111110011110111101101111111111110011010011011110111111111111011010111110011111111011111011011110111
10111101110011010110110111111111101010110101111100111101101111111100111111111011110111111111111101000011111100010111111101111111100111010111110111111111111111010111111111011010011111100000101110011111
01010111111111111011001111111111111111011111101110111111110110111011011011011100111111011111100010111111111100110111011011110101111011111111101101110101111111101111111101101111111010111111100010101111
10111111001010101111010011111011001111100110110011011111111001001111101011011110111011011111110111110010011101001111110010011010010111100101011111100111111111001010100111111110111111111011111011101100
10100111101111111011111111111101111010010011100011111010110111110110101111011101111010011111111111101111110111001111000110110100101101101011011110001110111011101111110101111101111110110111111111111111
11101101111111011011111111111111111011001111011111111101111111100111111110110111101110011011011011001110111000110101011111101011000010111111101100110111010110011101111110111110011111100111100111111101
11101101111011011111101110011011110111101001101100110111101111111110100101110111101001111110101111011100111111111010101011011011100011111111111110111011101111111011111111010111011101110010101011010111
11100100111101011110110100111111111101100011101010011111111111111111111110001111011111011101101011011010111111110100111101101111111111110011110010011011111100010111111101110111111111101110001101101110
10010111110111111111011100011011101111111110011111110101011111101111111011111111101100111101001111111111101111111000010011111011110111110101111101110110100110111111111011011011011110111111110110100101
01111111111011110111110111111011011011110111011111110110111111111100111011111111101111101110101110111011111110100110001011011011100110011111111011111111110101111111100111111011111011101111101111011011
01101011111111111110010011111110011111001111101010001110100110101110101110111111110010001111101011111111111011101011000110011101010101111111110110111111110001011010111111100111101111101001111100100100
11001011011100101011101111111111101101111111110000110111011111111111111111111110011101110100101111000111101111001110100110101011011010110111111111111001111100101110111110110101101010100001110101111001
01111011100111111111110111011111110111111111101101111111111111111111010011111100011110101111011111111010001110011010011010011111111111101101111111001111111111111100111101110101111111111111110010011110
11111001110011111011000110111111110101111011110111101011101110011011111100111101110100111111111101110001011001111101111101101101101011111111111010111110011101110111110111111111110111001110111101111100
10111111111110011111000011111100110101110011111111001111111101111111011101110111111110000011111100111101111111001111100010101111111111101111111111110011010110001111111101100100111110111110110001110001
11111111111011110101011011111111111111100110111111111111101111111101111111110011111110011111101110111111101111011011001011011111110001111011111101110111111111111111111010001110111100101111110101111011
11110111101111111101110111111001101111110110100010111111111111101111101101111110111101110111111111111101011111110101110100101111100011011010111101110110110011111111110111011100101101111111100111000110
11110000111111111111110111100111110111110110100001101010101011010100101011111111111101111011111111111111111110101111111111110111011100110111010011101111100010110011001111011101011111111111111100011111
11110111111110111110100111111111011010111011011110111111101101001010101111111001111100101110110111111111101111010010010111111011111111111101011111010000111111111011110101101111010111110111101011001011
11010111111010111111110101011101011011111111111111111010111111111111111101110111110101101101111111011011101110101111101101111101101110110010110111110111011111111011111111111111011010110111110110111100
11111111111111111111011111011111111001111011111110111011111111011010111010011110111111110111111011111011001111001111111111111110111111010111111011110011111110111101101011110111111111111001011111110011
01011101101110101111111001011111111011111000111111111110101011000111111000101110110110011111101111101001111111010111100111110111000110011111111000101101010010111111111101011111110011111000110110111001
10011110111101101011111100110110111111111010111110110011010001111111101010101111101111111111111101111111101101100011011101101101000110101001110010011111111111111111110001111111101111011011101111001110
11010111011011111110111110110111111110011101001111110101110110111001110111111110100110011011111011110101111101010010001111001111000111101111111111111111111010110100011111010101111111111100001100110000
11111011011110111111101110111101011110011111111111010101111111110011111101001011101111010101111011111110110110110011110101001111111010111011111011111110111011011111101111111111011111110101111111101001
11111111101111110011111111111111111111110111110111111101111111111110011010101110011011111001110011110110101111101111101111010111111101101010111111010111011111011111111111111011111111101111011010001010
00111111111101111111111100111011110011110011011001011111101100111100001111100111110111100111001111111011110011110111010111110101001010101101011111111111100010110111111111101111111011001111110011001101
11101100110110111000111111101101110011100110111101100101101111110111101001101011111101110110111000011110001001111111011111101110011111011011010110110111011111011011011111011111011111111000100111011111
10111101101101101111100111011111111111110111100010111011111011110110000111101101111110010010110111011101110111001111111010111111100100101011010011111111110111101110111001110111011011010011000011000111
10111111001111111100011111101111100110110111110111001110111001111101111110101101001111010110011111111111001101011100110111110100111111110000011111011010111110111101110000111111011110010101111111110010
11101011011010111100111111010001110111010111100111100101111111111110010011011111111111111101011111111111001011101101111111001101101001000011111111011110111101111111010111011111111111001110111101111110
00111101110110111111110001000111111101110111110110011101111011111100110101001101111111111111010011011111111111011110111011111011101110110101111101011111101110111111010101101111101111111110111011110111
01011011111011111010111001010001011100100111111101101101101111110001111101111011111011111111011111110111111011111111111111101101111101110110100110011111111101101110110111111011011100111110111110100101
01101101111111111010111101111101110011011111100011111011101001110111101001101111111110111010011111101111011011001111111111110011111110000111010111111111111001010111111111111110011111001001101101101111
11110111111111111011111111100111111111001010111011110000101111010111111111010101110111010111101111101111110110110111111111111111111111111110100110010110011111011111011101100111111001101101001000111111
10111100101111111111110111110010111111010010101100011111111011111101111101110011101110111111111100101110111101111101101111110101101111001110000111101111111111101111101111111111110111101110101111110110
11011110111011111110110111111101011110100110111101101100111101111101101011111101110110110000011111111110111011111101011101110110001011101111111011011111111111101101011111111110110001111011111110100111
11000110100010111000111000111111010110101110111001011111011110111100111100101111111101100011101110010110110110110110111111001111011111111101111101110111111101111100111100111110111111111100011111001111
11010111111110111111111111110110101010101111111011101111111100111011111111111111101111101111010010001110111111100001101101111111001111011110101110100111011011111110111111111010111111110101100010101111
11111111111011110011111110111111101110001111111111010111011100111011011101111101111011111111101101111111111111101101111011111011101101110000101011011111111011110110101010101110111101101101110111111111
11111010111111011011111111110110001111111111110110111111001111011110110101111111111111111100111010111100101111001111111011110111011111111111110110101111111110110111111100101110101110011101011010110101
11011111101110000101111100100110101101101011111111011111111101111111111111111101111011111111110101111010010010010110111110001000111101011111101100110011100111111101010011111011010111101011101110101101
11110111110111110111101011001111100111111111010111110011111110111101001111111110111011111111111111111101011111111001110110111010111111110111111111110001101111111111011111111101111010100111111101011111
11110111111110101111110101110111001110111011111111111110011110101101110011111111111010101111110111101101111110111111110111111011011111111111111111111000111101010001111011111111111011111011111101110101
01110111111011111111011111111111011111011111101010111110111111101111101110110011101111001111010101101110111111101110111101101011111011110011101111111100011101110011111111111111111111101111110111111011
11111100111101111100011101110011011010111111101111111110011111111011111101111111111111010101111111111110011111110111111100111101011101011111101110111110011111100111101111111111111001011110011010000110
11110111110111101011111110010111111101110111010001111011011111110111101111111111111011110111101011011101101111111010111111110111111110111101111111110011101000010111111111101111011110101110111101111111
11101011011111110111011001011110110101111011111111101010111110101111011101111111101011010100111110011111111111110110001110100111011110101111111111110111110111101111110111010110111110101100111101111101
11111100111101111000001111111111110111110111011111011111110111111111101111101111010111111111001100011110110111101111101111100111010010111111011110011111101011111011101101111100101101010001111111011111
11111111010111111001100011111101111100000111100111110100111101011111111011111100001101111100110111110001101111111101000101111111111111111010011101111100101101100100111111011101110111101111110111110111
10111101110111111110010101101101011110110010110110011111111111111101001111010000101111111100101101011101110111110100110110110110010110110101111111101111101110101101000111111111010100011101111111010101
00111011001110101111010011110111011011110011111010101101101111101110110111001101111111011111111110111110111101010101101110111111111001011111001111111101101111011101111111111101111111111111111100101111
01011111101111111111111111111110111111100111110100011101010110111111111101010100111111011111010111111100100110001111110110111111111111101110110011111111010100101101111100111111111111111111011111111011
10011111110111111111000101001010011011101001100110111011101110110111111011010010011111101111111111011101001101111101111101110111110110111111011111001100001101110001011100111111101101111111111111111111
11001111111110111111100111101110111100011111011110111101111110010111111111011111101010111010011111111011111011011011101111110001111111011111111111111100111011110011111110111001111101010001111110000101
10111111100101001011110011111111111100111111111111111101111111111101111001011011111001111101011111111010111111110111111011111110110111110111111001110101111100000100111101000111111111111110110111011110
11111111010110100111110010111110111111110001011101011111111101111100111011110111110111111111010010111110111111011111100011111111110111101110111100011111111101111100010011100111110110111000110111001101
10101111001111111111010101011111011111111111110100101111101111011101011111110110111101111101110101111001101011111111111111110111110111011001101011110011111110110110011110111101110001101111101110111010
11011111011111011010101111101111011111001111111111111111110111010101100111110110101110111001001001111110001111011111011111110110111011111111110111011111011010111111101110111011101110111010111100010101
11101111110101111010010101111110111110101101111111110111110111011110110101111111111111111111111111101111110011001111011101101011101111110000111111110111110110111110110100101101111001110101111111111011
11110111100101111111011101101001111110111001101011110111110111011101100111101111111011011010111110000111111111111110111111011110101111100111111111010101111111111110111010111100111111110111110110111110
11111101111001100101011101111101111011011011101101111111111101011011111011110011101111111001111011011011111110101101111010111011001111100101101101101111111011100101110100101111101001111110010001111111
00110010111010101101111111111111011110111110111111101101111100011010011111011111011111111111110100111111110111110111110111011111111111110111111101001111111111100011000000111011110111010010001110101110
11111011111001000101011111011011101011111111111001111011111111111110111111111111110101111101010111110111110101111010111111000111010111011011111111111111110101111101111111010101011111111111111111111111
01110011111011111110111100110101101111111111111011110111111011111110111111101111011111011110101001101110101110111111101110011011111110111101101111001111101111111100110101101110001110101111010111111111
11010111111111111111101101101000001001110110111011101011111110100101011100111111111010111111001101111111111011111001100010111110110111101111101111111111110111111100111111010101001111011011110101101111
11110111011101111011111110110011111110111101101100101111110111011111010110111110111111111111101011011011111001111110011111111111111101111110111110110111111111111011101110111001000011101011111111001011
11101001111110111110010010110101110111010111011111001011111111111111111011111111010111010110110111100111101111101111110010100111110111111111111111111011111001011011010011010000100101111011011111101101
10011101101111011111110111100101111011111101000110101101101111111111111111110111001110111111100111111001111101010111111110001111111111111111011000001111110011111111111011101100101111111110011110110101
11111110101011111111110111111111101101011111100111011011100111011111111111001011111101110110011111111111111101110010111111110001111011000110011111110111101110111111111111000011011100111110111110101101
11110111010110110101011111000110110111111111001110111101111111110111111111111111010101110010110001111100110111111111100111101111101111111101111111101111111011110111101101100000101011011110100001111101
11110111111111110011110101101111011111011110111111111111110111011111110011110111011101010111111101011101100111111111111101111011011111111111110011110111111100111110011110111001110011011110001111111111
11101110111011111110111111111110111110011110111101101011001111011100011011110111000111111111100110101111011110111111010111111101011110101111101011111001011111111111010101111011100011111101100011100111
01111111010110011101011001110111111010111111110111011101110110111100100010011111110011011011111111010111100111111011111111001111111111111110101011011111011010110011010101111101011101111011101111111101
10011111111011111001111111011111111101100111111110000111111101111101111001010110111101010111111100111111101110101110110110011101111111110110111111101011100110111110101111101111011110010001101001111111
11111111111110001111110111100111111111011111011010001110111011111111111011111010111110110001001010011011011011111111111101111111101110100011011111101111011010111011111110110111100110010111110111110111
10111111111101111010001110011111111110100111110010011111101111110111111110101011101011011110111111110110010101110101000101011111111100111011000111010010100101111111011111101011111111101110111101111101
00111111111110011100100001100000101001101111011011111110010101111001111001110010111011111100111110111111111101100011110111111001111011100111111110111011111011111011110010111111111110010110111110111011
11111101111011011101111111111101111110011101111111011110011101111010111100001111111011011101011110011101011101011011100111111110001111001111011011110101111011111010101110110001111100111010011010011011
00011011100111110001111111110111011111000111111011011011111111001100000001101100111101101111101001011110011101111111100111111110010011010111001100001111110010111010110111111111111010111101011010111111
01010111111111011101011011010011110011101111101110101011101001111001011110011111111111111110111111110111011101111001111100111111010111011000110101111111000111111100101100111110000111100010111011101111
00100111110111110011101100101111011111010100111101111101110001011111101101001101111111010011111100111111110011111101111111111110110101101111101101101111011111101111111100101100110111111001000110101110
11111101011010101111111101011101010101100110111111100011111111011111010111010111011111110110110101111111010100110001011111101011100111001111000110110111111111111111011110111111100000111111000111111111
11111111010011111100101111001101111111111111001010111111111010110111011110011100111101101101111011011100101110110110110010001101011110001111111110011110111101111100111001100111101011011111000111001110
10110111111101110011110111110100111111110011111111110101010111011111011111111011011011111110111111111101110010011011111010111011111100101101101110101111011111111111111101111111101010111000111011101101
11100111111111110110111011101111011011111101111011111011011111101011111111101101111111111011011011111101010111111101100100010111110111111011001111111001100111011111101101110111101110101111111101001101
00101101011111011001100110011111111111111111111100101011110111111111111101110100001010101011010111101110100100111110101011110101010101111110101010100111011111011011001010111110011111110001011110101110
11101111110111111101111001111101101001111111101011001101111011111111000111111111011111011111110111110001110101111011011011100011101100001111111101111011011010111000101111111011111111111011110101010111
11111111111111010111100111110110110101011111111100111011011011110111111111100101110011110101101011111011011110011100101111101011101000101110011000110111011111011010111110110001011011111110010000101110
11011111111110111101111111111111111111011001101110110100110111111111101111111111100111101111101111111111011011111010101110101110110111100100110011101101011100111011101111111110111011011111111111010100
11101011011100111001100101100111011111111111101111101111111111101001111111010011111101111011111011011101111111111111010110011010010001110111111111111110111111101111010111111011111111110011111111111010
11001111100100111111111111011011111101011011001111011111001110110111010000011110111111111111011011101011111111010110100100111101010010111110111111100101110110111010101111111100001101101111111001110101
01111101110100111011000111011111101111011011001111111101111101010011111110101001110111100111101110011011011111011101101001101101100101110011110111111111011111111101011010111111111111111111010110100010
