0110011101111111111110011010011110111111
1011111111111111110111100101111110101101
1101111110111111011111111110111110011110
0110010011111010111111111101011010111111
0110011101101101001110110111111110111110
1111100111110101111011111110111111111111
1110100101111111001011011011001110010010
1110111011000111011000100111110110111001
0111010101110011111111011100111011111100
1101111110111010111111110111111011011110
1111111011011010110111111111111101111010
1111011011100111101010111101101010011111
1111101001100111111111100101010011111010
1110111100011010111101111111111111110111
1111001111111101111110110110101100111100
1110111110011010100011011011011111111111
1101010011111111011111011101111101011111
1111010111101110101101111111111111111011
1011111111011110110111101111110111111111
1111100011101110111011111101110101111110
1111111011111011101101101101010111111111
0111011011101101111110111011011110010110
0111110101111110011111011011111111111111
1011111011110111110101101101111110001111
1011011010110101111111110011101011111111
0111110111111110111110010011011101111111
1010111101100111011001101101111110010111
0101101101111101111111111110111101100101
0110110111110110111100111011001111011101
1111110111101101111111110111001011111011
1111111011110111110001111111110010111111
1110111100100111111111110111100011111111
1111111111011101011011111010111100111111
0000010011101101111110101101110100111111
1101110110101111011110101101011111001110
1011111111111111111111101110111111000001
1111110111111011111110111100111111100111
1111110011010111101111111111101111101011
1011111001111101111111111110011111101100
1101010100010101111010111111111111011100
