000001000001001010000000000000000001100010000011000000100001110100000010001000000000000100100000000010011000001000010000000010001100000101000110100011
000000100001111010000000000000000000000000000000000000000000100011000000001100011001000000011001000100010000000000001001000001100110100000011000001100
000010000000100101101000000001010000100000000000000000000010010101000000001001010110101100001000000011001000001101100001100000000000010001100001000100
000000001001000010000011000010000010001000000101000100001010000010010110000100001010010100001001100000010001100001100100000000000000000000010000010000
001000000000010000100010000001010000101100000000000010010100000000000000100000100000001000100011100000010100000001010000010000000000010000100000010000
100000001111000111000111001100000010010011000000000010101000101011010010000000001000010100100110000100100100000000111000010001100100010010000100110100
010000001100101010101010010100000000101101000000001000010100000000000001000001110011010000000001011001001000001000000101000001001010000001100000100100
000000000001000011000000000100001000000000000100000000010101001000000000100001000000100100000110000001001001100000001000101000000000000100011000011010
000101100000000001110001001010100001000111010010000101100000001010010000100000100101000000000000010110000010000100000000010100101011001100101100111001
000001100000000001010000100000000110101100100000010000000010101010000100001001000010001010000011000000001000000000000110000000010010111001011010101001
000001000000000101001100000111001000101010111010110011001100000000100000010010101110000010010001001000100100110010000011000101000000010100001000110000
110101010000100000000111000001010100001000000100111001000011000000000000000100000101000000110100111111110010011100110011001000000001000001010110000000
011000100001000001010101100110110000000000000010000001001000010000000001110000010100000010000100100001000000000100000010101010000001000010000000000100
010010000000000000100010000000000000100000010000000100010000001001000000010000000000010010000000101000010000100000000001101001001000111000000000000000
110000100000000000000000100000010010000010000010000100001100010000110101010001000000110000000001001110000001000000000010011000100000100000001000100000
001001000010000000000000000110000000000000101000000100100000000000010000000111000000000100000001000000010110000000000100000000000000001000010001001001
110101110000000001000001011010000000011010000010100100000001001010100000000000010000000100101001000010000000000100101000001000000000111010000011000100
001001011110100010100010000000000000011000010100100010011100010110000000111001010010000000001000001000000001000001000000010111000100000000010000110001
001010101000010001010101101100001001011001100111001001011101010110110010100000000010010111001010000000010000000001101000000000010110100000000000101000
000000001100100000100010100001011010001000001000000000000110000101001100000100001000000000011000000000000000001001000010101000000000100001100000100010
001000100010000000000001000100100001001000000100010000000001100010100101001010000000100010000001001010000001000000000100100010000000110100000100010000
000001000011100000100000110000000001000010010000001000100011111001011000110010101010001010001001000100011000010000010000111010000100000001000101000000
000111100001010001010000011100000000000000101111001000000110000100100001100100001101001001010000000001100011000011001000010100001001100001100110011000
000101001001100010101000100110001001011100000000000000000000000010110010000000000100101000000001000011000000000000100000000101000110000011000001000000
000000000100101000110101000110000000100010000000101010000001000000000100000001001001101010101011000011100000010110000000001100001100000010000000000100
000000100000000010000110001010101001001000001000000100011011001000010000000100000001010100110000011100100011001001000011001110100000101101101100000000
000001001000000010100010010100000010000000000100000000000010000000000000000100001100001001001100000000011100010000000000100111011001000000010001000010
000001110010100100101011101001100111000000000100010010100111000111001001100010010000010000010100010110000000000001001100100101010000000010101000001000
000100001010100110000001110000101000000001000000100010000000100000000000010011100101000000100010011000111001001010100010001110100001010110100010001001
001010000011000000010000000100000010001000010100100000100010000010000000100001001110000000110000000100000000010000000001000010000000000010010001000101
000000001000100000001000010110010100000000101010000010010100000101101110000100010001000010000001000000000000110001000010100000000000100010100000001010
001010000001101000010000000000100000000000100000100000010000011000000000111000000010001010100101010011000011111000000100010000000101000001001000010000
000000010010000000110001010010000010010100000011001000000011000011100000010110001001010100010000001000010000000000011000100101100000000001111101111010
000000000101000000000000000100100010000100010000011001010110001000001000000000001000101010000010001000001101100010001000001100100100010011010010001010
000101000100001000010000001101001100000101010010011101000110000110000000101000001010010000110000000000000000000101000100001100010000010000001010000000
100000001000000000101101010100000000000001010010000010011001011000000000000000100100000000000011001000000101000000000010101000000010010000010000001000
101010100110010000000000100000000000001100010110010010100010110000000010100101010000010110000001010010000000101101110000000100100000100001100010101000
000001000000000011100001000000001000000000000101001010011010111010101001100000001010100010001100100001110101000100001000001010000010010010010010011010
000110100111000011111001010001000000100000110001001100000000001000101000000000011100101000001000100100000011010001000000001101100001011000001101000010
000010101100000000000001000000001110100001000000100110011000011010100001010100100001100001000000000110110000000100001000000000111000100111000000000100
100001001010001010000100100000000000000000011001101011001000000011001101000001000000000000000000001001000010010000001010000000110001000100100010001101
000001101000000000100000000010000011000100001000010001001000001000000000000000001000001010001011100100101000101000011001000001000010000000110010000001
000000000110000100100010000000110000001000000001101000000010100111100001000100000010101000010000100100010000001000000000000001001101000001010000100000
000000001010010001000100000001000111101010001000010011000010000001010011110110100010001000011100000010000010111000110100000001010000010001000000001000
000000000010000100010010010000100000000011010000000000000010010010010001010010001000000000001000000000000100000000001000010100001000001000000000110010
000100010001000001101010001101000000110000000000000001001011000100001110000001010001000101100000110110000100000100100100010010000001011000000000010001
100000001010101010100010000000101011100000000000101010000101010000110010100000010100000000001000010001100001000110011010000000000000010000011101000000
100100000000000000100010000000001000011010100000110001001000000000000000100000010001000000000100000000010010000011010001000111000010100101100100110010
000000000011000011000000100011010000000110100011001010000000000110110001111011010001000000101000100100000000000100000000010000000010000000100000000001
000000000111000000001000000100000110100001010001000011000011000000010000100100110001010101000011000001000001000010100000000001101001000001100000001100
000000100001000000100110100000001110011010100010100100101000100001110010010100000110000000111100000000001101010001000010011010000001000000010000010000
000100001000011110000000010000000010001100000000001000000111100100110000000100000001000100001000000011000000010000101000100011100000000011010001001000
000011000010000001000000100110100001110110010010110000000000000000110000000011010001010000000000000011000100000000101000000000000101000000011010001000
000000001011100000100000000000000110000011010101010000000000000100010000011000100010000000100001001011000000000100000000100001000110100010000100000000
100001001000000100000100000101000000100000000000001000000001000010010010010010001100000000100011000000000000000001001000000000000010001100000000000010
000010110000010001100000010000110101010100000000000000000000000000001010001000001001000010001100000000111000000101000000000110101110001010000011010000
000101000010101001100000010000000001010111000101001000000000000010000001011001010001100000100011101000011000010000110001001001010100010000100000000000
000010110010001001110010000100100110000000000010000100000001100000000010101000000000000110001010010000000000100011011010010110001000001001000000100010
001100000101000000010110011101001110110000111100010100000000000110001100001000010000000001100000001010100100100011000000001101101001001000010001001000
100000010001000010101100110100001001000000000110010100100100100100000000000000000011000010011000100101000100111100001000100000001000011000001000100001
110001000100000000001100000010000000110000100000001100000101000000001001100100001000000100000000000000000100010100000001010001010010000001000000100010
101000000000101001100100000000010001110100001010000000000000000000100000000100101101001000110000000001000010010111000000100000011100100000011011000000
000001011100010010000100010000010101011101000000000000000000000100010101000011000000100010001100000000001010001100000000011001010001000000010001000000
101000000000000001110010000100100010000000100100100101000011001000100001000100001100001011001100000000000000101000100000000100001001110100000000000000
010101001100000011101001000101001010010110101000100000101010000000110100101000011100000000000001000101011010000010100000000010000011011001111010010000
011001000000010000010100000100101000000010110000001000000000000000001000000100100000101110100000000000100101100100000100000011111101000000000000101000
000000000010001010101011000000101000011100100010101110000000010110000010011000011000000001000010010000000011100110100101010100100000000001001100100000
000101001000001100100101010000000000000000011010111111100000001010001000100000000000001100011111001111000000000011000000000000000001010010000010000100
000000000000000000010100000100100100011010000100000000010010100001010110010000001110010100101001000000111100100000000010010100000000000000100001001010
000100000100001000011000100000100000000010000100000000000010001010001000100010000000000010000000010000000001100100010011010000000100000000000000010000
100101000000000000100001000000100000100000010110001000110100000000101000010000000101000000110011000000011100010010000000000000010001011000000011001000
000000100000101000001010000100000000010110111000100000001000101100000000001000000001100000001000000011000001100011001010100000000101000010010000100110
000010011000100001100110000101010010110000010011110000000100100010010100000000000011001100010000101011001100010010100000101010100100000000000000001000
000000000010111001000100000010011000000100011000101001101000000000101010000001100100100000100000000001000110000000010011000000000000101100000000001010
111000000100000001001000000000010010000000000000100001011110000010100001000000000000010001000110100100100100011111000000100001001011100110111111100001
010100000001000100010010011000101000100100110000011100000000110101000000000001000000100001001100010010000000001000000010000010110010000010101000000100
000000000010000100001100000110001000000000011000100010100000001000000100000000001000110100100000000000010010000010011000000011001010000000101000000110
001000110100001101000000100011000000100010000100100010001000001000000000010100100000010000001000001000100010000001100001101001000100010001100101001001
000010101010000000000100000010000001000100010000010001000000010001000000010001000100000000010011000000100000000000000100000000000001110110000101001100
011000100000100011000000000100100000101000000111110010001010000010100000000000000010111010100010011001001000100000000000001000101000011001000010110001
010101000010000000010110101001001110011001001000000000110000110110101000000010000000010100000100000010000100000000000001011100000000101010001010000010
001000001011100000000011001011000001001000000010001000100000010110001010010000100000000000100100010001000000100001000000001000100100000101000010010001
001100100110000001100100000001010010010000110000001001000001000000001000100000010000111100100000010010000100000000111000110100010100000000110000110010
010000101001000000000010110010101000000100000101110110011001010000000011100000000000000000000000000100100000100010000001000000110001001011000100000010
001000010000001000001001100000000100011100100000000000001000001001000001010110010010001100101100000000000010100000001000000100000011100100000000110010
000101100000011000100000010100001010100000000000010010000000000000001000001011011010001111001001010000110000001010011100001010000000000000010010110000
001010000100000000000111101000010100001001110000000000000000010101010000100000010010110110011110010010000001100000010110000000010001000010001000101100
101101010000000110100000010000001000100000000100010100000100100001011000100010001010111001001101000100000000001001000000000000000000011000000000001000
000000000110110000101100100000110100110001000000000000010101001101000100000000010000011000000000000000010100100000111000000000000000010001100000000010
000000000000000000100010001000000000000100000100010000000010000100100000001100000000010100000000000000011000001100000101000101110010001000000000001110
100011000001000010000000110011010010000000000100101001101010010001001010010010010110100000000000111001000010010010000000110100000000001001000000000010
010000000011000000010010010101001010000000110000001000000001010000010010100000100000001000000000000000000101000000100001010000100100010000001000100010
011100000000000011110100101000000000011001011010101100010101001100011001000101000000111100000000001010000001010100010000001000100010100111101000000000
000001010001100000000000001100010000010000010001001000010000001100010000001100001100101100000000000001110000000000101000101010000100000000000000000000
000011010100000000100000100010000101000001000000010000101100000000110010001000110000001000000000010110100000000000000101000100000100101000001000010110
010110100110001110001101100000110001100001000000010001101000000010011010000000100000010100000000010010010010000000010000010101011000000000000000000000
000110000001110000000000000000000000011001100100100000001001000000000000101000000000000000100000000001000010000010000011000000010001000100100010000101
000000101001000000000000010110010000100000000110000000000100000000100100000100010110011000100011000000000000010000000100000010000001000000110100011100
000000100011011001001000010010001101000010000000000001001010000000010000100001010000000000101000000010001100000001000000001000000000000000000010000000
010001001001001000000100010101000000001101100100100000000001000010010000001000000001000100000010000010100110000000001001110000000000000010000000101010
101000001001001010001001100100010000100100010100000111000010000000010001100100001010001000001011001100001110100000000000000001010001010101000001001010
001000110001100000000011100000010000010010000010010111000001010010010001110000010100000000100100100000010000010000001000000011000100010000000110010001
000001000011000000000010110010000000010101000010000000010010000001001000001001100001010000000110000100000000100001000100000100101010001011000111110000
110110000001010100100100001010001000010100100001000000011000000010001010000010000000010011000101000001000000000010101011111001000000010000010000000001
101000110100000000000100001010000100000001000000001000011000001010001010100000010000000001000000001010000010000000001000000100111000000000000000000111
000011000010000100000000001000000101010000001100001010000011100001001010111000001010000010010000001110000000000010001000001110011000010000001111000101
000000001001000100000010010000010000001010010001000000000000011010100000010011000000100000100001100110001000000000010000000000000001011011000000001011
000100010000001001001010010010010101011000000010011000000000000001100101000000000000001000011000000000000000100001001100001001000000000110101100000000
000100010010010000000000000000110100100001010000000000000111000101101101000000010101101010000000000010100001000100110000100000000100000011001101000100
000000000011000000000100101001110000001010010000001100001001110000000010101000000000000000101000010001000000000000000000100010001110010000001000000000
101000100001000000010000010010010000100001110000000000000001001100000000001100000000010101000000000000000000000000000010010000011000000100001000000001
001000001001100010000000100000000010110100000110100001010001111001100100001000000000000001001000000000000000100001001010100000001010011000001000011101
000000000010000000000010100010000100000000000011010000000110010010110011101010000001010000100000100000010100000000000000000000011001000010010000011000
001110000000000001110010010100100010101000000001001000110110010000010001001001000100000100000000001000100001000100001101010101000111100011000000000000
001101000001000010100001000010000000100000010100010110001000000110100000100001000010000010010100000000010000100000000010010000010001000001110100000000
100011000001000000000100000000001000100001010011000000001100000000000100010010000010011010001001000000000010100000000001000000001000000000100000010000
010001010000000010100010000100001100010111001010000110100101000000000001000010000010110010000100000101011101000101000000011010100010001010011000000000
000100100100000100001000000100010010000000010100000000000000000001100000000000100000011001000010010000100001000001000010100001000110000000000001000000
000000000111101000010000010010100001000010000010001000000100000000001101010100000000001000000000100000010000001100100100000111100001110000000000000000
011000100011010000000000010001000000000001000001000000001000100000100100010001001001000001010010100100010000000001010000000000000000100000100001000010
001000010000110000011100001100101001000000000000000101000001010000000001101001000010000000100100000100010000110100000100000100101000000001010010000000
000011001000001001000110000000010000000000001100101000000100101000101100000000001010000000110001000100010000001001101000000010001001110000000000100001
000000010001111010010100110010000111011000000000001000001010001000000000100001011100010000001100001000010101000000001000000110000011001000000010001101
000000001010000001000011111110001110101000001001000000010110000100101000000000001010100001100011000000101100000001000010101000000101010001000100000100
100000000000100001001100011011000000010000000101001100010100000011000000100110000000010000000100010001000100010000001010011000111000000001000000100000
010001100010010001000001001100001000001001110001010101001010101001000000001011000000000001000001000011010001000001000110000000000000010000111010000000
010001001000001000000000010010001100101110000000010100010010000001100000100100010101000001011000000000101000000000001010100010010000011010000000000010
000000000100000000100000001100000010000110010000000000001000111001000010000100000011001001000001100010001100001010100000000010100000000000010000000001
100000101000010000000010101000000000000100101000010000010111010101000000001010010000000000000001000000101100011110010000110010000010011010000001110101
110001000000000001100101100000010100000000100000000011011000010001000101100001000110000000010110000001000000110001000100000100000000000000000000100000
010000101100000000100001000000000001010001000001100001110000100010000000001110000000100001001000000000100000010101001100001000001000110111100001110000
000000001001100000000010001010010000001010100100011010000010001111010011001000100001101000000000110010000010000011100010011100000000100010000000000100
010000000100011010111010010000100000100100000001000001000000010100000000011000101000100000001010000000000000000001000011010000000011000100100001000000
001011000110010010001000000010000111011000010110000000001001000110010010000001110000000110010000000011010110010100000010010101101010000100001110000100
000000001100010110000000010000000000001000001100000000110111000010000010010000011001000101100010000000100010000100001000001000101000000000101011001011
100000011010000000001000010010000000000110000001000000100000000100000000011000100100100000001000100010000001001000000000000000000010110000111010000000
000001000000100010000001100111100100010100000000000101010000000000010001001100101001001000001000000100100011100011001000000000101011000000010100000100
101000100101000000010111010000011100100100110001010100000100100010100000000001010101000010101000000010100010100001100000100110000010000000000011001000
001010101000000000010010010110101000100011000001110000001000000010001000001111000010000010001000110000000001000000110001000001000010101100000011110010
010100010101000101000000001001001101010001100010001110000010011010000001001000000010010000000000010000010000000010101000100001010000000110000000010000
010000011110001000000000010100011010001000000010000010000001010010100000001110001000001000011010000000000101111100001000000001000000011100000100000111
100001001001000000001110010000001000001000000011000001000000000000100000001001100001000000000000010001100101100000100000000100000000010010001000000000
100000000101000010000010000010000110110011000000000010010000010010010010001000011100010000000000101001100100000000000000101001000000011101100000101000
001000000000000110000101001001001000001000000010000100010010011000001010001001100000000000000000000010100100100000000101000000001010101001100000010010
100001101110001001110000000000001000100000101001000000000101100001100001001000010010111000010000000100100000000000000000010010001110000000100010000100
000111011010000001001010000000011000010000001101001000010000000010000100000000010110110000000010010001100000000110010000000000001010000000110001000010
010000011100000100100010000110101101110010010000010110000010000001001010110001100000001101000000010110000010000110000000001000000000001001000010000000
011001100000100010000000100001000000000110000000010000000000000000010001000110100000001001000010110000001100100100000000001100001001010010001000100000
100000010000000000010000001000101100011000001001000000100100100000001001010010001011100011110010000110001010000000000001000000100000001000101001010000
100000001100000101000000000011000000000011000100100000000001000000000000001001010100000000000000100001011110001100000000011000011000001000001000000000
