010001100111000011110101100101101101111100100011000100000011011001001011001000001010001101
100110001101001111111011101100010101001110100001100000111000001001011010001101001101110001
000010110011001110010101111000010010001000001001011001111011110001100001000110111000000111
010010111001010000101110011101000001001000100010000000101101011101101001110111110001011011
011101101000011011110011110111100000000110101100101010110100010100110100101110010101100011
100010000100001001110011000100100011010101101010000100101101000000101010010111000001101000
101110000000010101111110110010010001100101101110010110010011011110001010100001010010110111
001100000001101010010010010111000010100110110100000111010001101101111001100101011110111100
010110000001100001001010010011110001101100101000111000011001001111110001101000110001001010
110001000000110001100010001101101000011010100110100010111000011011100110101001011111110110
101000000000010101111011111000000111001110001101110110111110101111110110100110101111011100
111100011000111111100101001101100101111000100011010100010111100001001000001110000101011011
000000011101010100001010101000011101011100101010111010111100010101001011100000011111101010
000110100111101010000000110011010111001010110111111111111000111000010000010100111010100110
011011010001010100101010111010001001111000001110010111010100000111000010101101000101110000
011000100011101011100111000010101000001111010010111011011001110001110011101000001111000011
111010010001010101000101101101100101110001000101100101100111000011111000101100110101100001
110011101111000110010100111110011111000111100000001010110011100001100110111101110010110100
110111100111001100010001000110100100000100100001100111000011110110101111001011111111101011
111011110010000001100110000110101010100110011001110000100110001110010011001001001111000101
010100101010101000000101101110110110010110000110101111111100100101010010001000010101111100
101100100001000111011001011011100101101111011000111001100100001111111010110100011110001101
010111111110101100010000110100001001101000111001111001011011011110111001110101011000000100
111011000011000110101100101000001000011010010010011011011111101111001010000001101110101001
111010100010111011001011001101000100101010110110110101010010110111000111011011100011110011
001110111010011001000110001010101010100101010000000101000110011100101001110000111110100000
011100000111101011001101110101011100001011111100001110011000010010100010101111001010110001
110111010101000011111010101000011110111110001101001011111110100011111000111101011011010110
000010111000011101111100010001010010000110000000011000101111111011001001001001001001000111
100110011101010010000100101010000001100100001111100010100100110011111010001011111100100100
100011001101000110111100010000011101001111001000000100100100001011111110110110101001100111
011000101000110001001000001110101010010001100001011001000000100101011000101111111011111100
100000000100101101010011011100110101001001100100101111000010010101010000100101001010110011
110000000011110011101100101100101011101001110101111110000010000000100101100000100110110010
001001010010010001011000010110010101100010100000110011001110110111010010000011001110011111
110101101011111011000110000001101110000010001111111000011110101110110111011100100100110101
100000111001001010010110110101000110001000001010000011110100100010011111100100100101101101
100001000101101010001001000100010000000111001100000011110001100000010011100101100111001011
111100001111111100000111101100101100100001010101110000000100100101011110110111101111111001
110011111010100101111100010111100000010011100110110000010010001010001001110100101011010010
010010010110010101011101101110100011010100110100011010110001010111100011100001110000101001
000001100000000111000100011000111100011100010001101110011011111100000001101011010010101001
110111111101110001100010101000011110000110001001001101010101001111001110010101101100110111
000000010000010100010111111000000100001011000011011111110100111111011111111010100000001000
001011101010101000010110001101100001110000100011101000011011111110000101000101111100001000
000010110110011010001000101101001101011110000011001110101011100001010011100111100000001000
100101100101111100001001100001000001100100011101000010101110011011010010011111000000101101
111000000011010010110010000101010101001001111110011011001110110100000100101000011101000101
010010001110110110111110100001001111001101001000001001010000101000110111110101001011011110
001000101011111100010111100010010111001110010001000000010011000010110110000001110010001011
001010001000110101001111001110011101000011111101100000011101001101000011110100001111000000
100001110011011010101000111000101100000001110100000011111101101000110110101001110110101101
000010110110111101101001001101001110110011010111000100111010001011001101101111010101011001
001000010000011110101111110100011010110000110001100100111111101111011101011011111001111111
011111000110110011011100000111100000110010010110000111011100011001000010010110100010111111
011010111111111101001011101100000001110111111000111111100001011000000011100000101010011111
011101001110110100001011001110000011000001001111001111100001011110010000010111001111100011
000111000011101010011101010111100011101000110011001101100000100000001011100010011110110111
101000100011000011110011110110001111000101001111010011000001011000011000000101100001011000
101101111001000111100011000010000000010011101100011101011010001000100000011100111011101010
001000010011010101101001100111010011111001011101100101000100000011010101001100000011001010
101110100100110100100010111011001010000011011011000000111010000001101001111111011100010100
110100111110010000010111010010100001000101111010101111111011000100000111010100010000011011
000110111010101000111111110000011011001011111001001001001000001000100100100111101101000001
000000101110001010110111101111100011100110111010010011001000100000111101000001010100100000
111100011111101111001101100111111010001010110110001011100000110000111110000110100111101110
001111011110000111100110011101100101000010000000110100000001010111010100000111010010001100
010010011010010110011110000101111011111000010110110101001010100011100101111110011100101111
110101110001100010100111010111110000101100110000000011000110010011000010001011101111001100
000010000110000001100000100000100101101000111001110111000000101111110000101101010000000011
110001100110101101111101101001100011111010110110111100110100001001001000100001010000111010
101100011000100100110010110010000101110111011100101011010100111010010000110100101100110101
000110111110101111000110011100111100111111010101101110010100010100010111001110100111101011
000101000000010001000110110100100001001100110010101001101001011000010001000110101011000110
110010001101001111111000101111010001000001010011000111000001110000011100100010010110100101
011111010011011011000110001100111001111100101110101010101011111101110101110000000101111100
001111000011000000100000101001110010001001010110000011101100010101111000111001010001001001
010101110100001001110011101111011010011011101110110111001010010110101110000010010000011111
001100001010010011100001110001110101111110111100010101110011000101001001110000001011000010
001110111100110011101110010101010000000011001001010111000101011010110110001011000111111000
111000010110110100110111011111111010001100101001101001011101010100011001010000100011011110
010010010111101110111101010001000111111000101001001110001100010111011001101100010000110111
100000110110110101110101111100011110011101000000111100111101100001101000111000111001001100
010111001111101110111000100110110000111100000001101011001011100101001000110110111010000110
010011110100111011101001111001111101101011100010000101101101000011010011101100010100010010
010100110111001001001000101100011111001100100000100011110110011000000011000101011100100111
100101011011100000101101000000010010111011011110110111110011101001111010100111011010000111
101000110110010001011110000111110011100000100011100101110100010001111001011101001111011011
001110101101110100100000100110101110010100100000110001111101101001010110110001101101111100
111110100001000110110101101010101011111011100011010111111100001100010101101011000100011100
