0000110011011000111110011010111101001011
0001010011000011011100111010001001110100
0001001110101110101110100111010000101101
0110001010100101101111000111110100111110
1000011111110001101100101101101011001101
1100100010101011000100001001100011110000
0011100111101111101000010100101000101110
0010101011101011101100011110111111101000
1111111101110011100100011010000011001111
1100101110001100010101011001000001001011
0011111110000100000100000001100101101001
1000100010000000101110010111111111010111
1010011101000101100101110000111001001011
0011001001101010011000100000001001001101
0110011110000101111000001111101000010111
0101111110001010000101010101010000111001
1011101110011010001001100001011010101110
1100000001000110001101010100011010001100
1111101100010110110011011100001011110101
1111110111111001010011001110110101011010
1011000000010000001101011011111000100110
0001000001001001111110011000110010011111
0110100000001100100000011010000010001100
1100001111011001011011101010101011010101
1100110111000010001111110001000101101000
0011101100010011011100000011110100000111
1111000110010010000110110100110000000110
0011110001110011100010001100011000001010
1001111100111010000111010110010000010000
1011000100011001110111000111100110111100
1100101100011110111010010001000001100010
1001000100110000000100001100010011010111
0000110110010000111001110000010101110010
1100110111111100001100011000001110101000
0111011100100001101010001000011011010100
0101010000010011001101010000110110101011
1011101111101101110101101001010001010100
0111101010010110111011110110010100101010
1001001011011010100111000111001110010100
1010100011111111001001010100000100010000
