0100001000010100010000001110000100000010010100100100000000000110011010000011101010111000001001101000
1010001101000001000001000000010001000011001100100001100000000000000001001010000001001001100000000000
0100000000000000000000010010000000000010001101001000000000101000100000000000100000000001011000011000
0000000000000001101010001000011000000000000000010010000001010000000100000000000000001000001001111010
0000000000110001001000010000010000000100011010101110000000000011001011000010010000100000010100001001
0000000011101000101100000000001100000001100100000101011000010101001000010010010010000000010000000000
1100000000000001000000100000100100001110001000001001001000111000000100000100001000010000001000000000
0100000000000100010001001001000001110010111001000000000011001001000000010100010000011000000100001000
0000010000010010000000000100100010101000000000000010000000000110000110011101100010000100000000000100
0100010000100000000000000110101000000000000001010001100000100010010000100000100010011000100101001101
0000110001000010000010010000111001010110001000100110000100100000000101000000000000010101010010000000
1000100010000010000000001100000100000100100000000010001110001010001000100000000001001000000000110100
0000010000000000100001101011110110100010000000110100000000000100001000001000110000100001010000000010
1000000100000000000000100101000010001000100011100001000101001000000000010000010000100010010000000000
0000000010110000000000101010010000000000000010001000100000100100100001001001010000001000001100000100
0101101000000000100101000010001000101000001000010010000000111000111001011000000001011100110000000000
0001010000001001000100001101001000000100000110000010000000010000001001001001110000100000100000000010
1000000100000000000000000100001010011011010000011010000000000000011010100010000101101000001000010001
0001110000000000000111001100000000000000001000100000011001000111000001110100011011100000010000011010
0000010000000001101001000011100010000110001011000001100000010001000000000001000100000010000000100000
0001000000100000001000000000000100011000101000001010010100000001001000100100100110001000000100000010
0100000100001001001100100101110000000001000100001100100101010000000000000010000100101000000111000100
0000001000001110000001001001000000011000000100001010000000000001010100010000000111001000110100000000
0010100000100000000000000011000100000000000100101101101100100010000000010000011000010010001010000000
1001000100011010101000100000100111100110000010010110001100000000011000000000100100010010000000000000
1000000011010100111001000000100000010110000101100000011000001001000011000011000000000101100100000010
1010000001001011000100010000000100010000110101000100000100000000001001011010000000000110010101100110
0000000100001100100101110000001111000000000010000000000011100001001000010010010000011000010100100000
0000001011101000000101001100000000000000000110000011000000000100011000101000000000001100000011000000
0101100000101010000001000000000111000001000010000110000100000101100010110000111100000110100011011100
0001010001100001110000000001000000100001000000000001100000110010010000001000001000000100010100000000
1000011000011000000010011011010000000000000010001010000010010000000000011000001010000100100000011010
0000000010001100010100001001010000011100001000000000111010000000001101101000000101000101000001000010
0100000100100000000000001001010000001100010001000000100001010000010110100000100000000000000000000000
0000000110001001000000001000001000010100000100010010001100001100000000000000000110010010010000101000
0000000100100000010010100110000010100000010100000000001001000000110000000100100000001100001101001000
0000001010000101010010100000000011000000010101101100000101101000010010000110000010000100100000000100
0000101000110000100100001100000011100000000111011000000000100000000100000100100010100001100000001101
1110001100101000010100001100000000000000010000000010001100000010000000101101100000000000010100000000
0100010000000000010001000000011000000000100100000101010001100010100100000000000000111000001000101110
0000010100010100000010000010000000000001000010001011000000010000101010100110001000000010000110010000
1000100100000000010000000010000001011010000001000001001000000000000100000100001010100000000000111100
0110101100100001001110000000000010000000000000000001100110000011000000010001101010000110010100001010
1110010000000000100001110110100000111101000000100000000010001000100010110010001100001001001001100100
0000100000000110100100001001110100000100100000000001010010010000000100000000100001010000110000110100
0010000101000100000100000110000001001100010000000100101001101010000010100001000000100000010000000001
1100100000101100001000010100000000001000000100010000001110000001000000110001011100100000001000000001
0001000001001001010000001000000000100100000000100001000000000000000100000001010000000000001000000110
0010101000000010010011110000000100001100100000000010000011000000001101010101000010110001000000001000
1000110000101000000001011010010000001001000001000010000100010000000010100000100001010011000110011100
0001100010110001110010101000110100100010100000001100011000010001011000000110000010000001110010100000
0100011001000100000100010000101000000001111010010000000001000101010101001100100000101001100001000000
0100000001000010000101010000001011000000001001000000000100111100000000001000001000110001010110011010
0000010000000000001010000100000010000001000010000010000110001000000010000010100110000001010000000101
0000011000010000001000011100000010110010010001100010000100010000110010000000000100100100000000010000
0000000000110100000011011010010000101010001000100100111011000010100001110001010010000100010000100000
0000000100010000000000000001000110000000001110101000010101100011000000100000001000000000001000100001
0001000100000100001001000001000001011001000001001001000110001010011100010100000000000000000000000000
0010001001100011000000010001001000001101000001000000100010000001000101001000010001000010100000001000
0001011000000001100101000000001101000000100010000110101000000100001100100000010100001011001111010000
0010001100010101000000000100000000101000000101000000110001000110000110100000110000010101010001000100
1000010010001010001000000000110000100000000000000001100000011010000000000011000100000100000000100000
1000100011010000001000010000001000000011001001000000000111001100001010110000010010100000000001000110
0000110100000000001110100101010000000000001000100011000010100000000101010100011110000001001010011110
0010000000000011000000000000010000010001100100000000001100000000000010010111101100010000010100100010
1000000001000001010000101000101001011000000000000011001001000000000101111000010001100101000010101001
1000110000011001110010001011100010000000100000001010000001010010000110000000110000001001000001001010
0001001010100000000000100000000011000101010010011001000001111001011010000001100101001101010000000000
1000100010000000010000000100010001001000100101000100011000001010101101000000100001001000100100001010
0100100000100011101000000110000010000000000000001001000100100001010010000000000000001000101000110001
0000000001010000011010000000110011000010100101100100000110011010010000001110000000110101000100011001
0000010110000101001000110011010100000000001100101000000101000011110000000001010100000001000000101001
0100000010001011100000000010101110000010000000000001100000100000010000100011000000000101000000001100
0000001110000000001010000000000000011110110000001011000001000001100000100010000000000100100010010001
1100110000000000010001000111000000001000100100000010010000000100100000101101100000000000000010000010
1000000010000010100100000100000000000010001001111000000100000100100100011010010000010000000001000100
1010000011001000100010001000010001010110001010000101010000001000101110000010000101000000000000000110
0000110100001110101000010001010000000000000000110000000100111011011000010001000110110000011100010000
1000001000000000001000010000011100000000111100100000100010000001100000000000000000010110100000110101
0000000000000000010111101000010010100000000100100000011000010101100100010000110001010010101000000000
1000010011000000001010100000000100101100011000001010010100000011000000000000010000000100000001001011
0100000000010001011000100000000010000000000010000100000000100000010110000000100100100100010001010001
1000100000001100111001000000000000000101010001101001101000000010010000100000010001011000000110010000
1000001101100001000000011001000000100001000010001100100000001000100000100001011100100001000000010101
1101000101010011010011100001100000010001000100000001000000010000001111000000000000100100100010101000
0000000010100001000000000110111110011000001000000000001100001100010100101100001011001000010010000000
0000000000000100000100011010010000100000101000000100000000110000000000000000001100000001100010001010
0110000000101000000000000100000010000100000100001111110000011001011100111000000000010010010100000101
0100000001000001100000100100010100001100000010000011000000100000000011000100001100001010000000010010
0010110000101101001000100011001000100010001011000010110100001000100100000000010001000101001101000001
1011001000000010010000010000000000010001000100110000000010010001000001000000010100000000010101011110
0000100101000010000011100111001000010010101000000100100000010000100010100000010000100001011000000000
0000000000100000000001010000110000000000100000000110100000010001010000000110000000101110000000001100
1001000001000000000001000010110010010000000100000001000000011010001000000001000011000000011000000000
1001000000010000000100000011000000100001010110000010000110000100110001010000001000001000000000000001
0011000000010000011000000000010100000000110010000100101000010001000001100100011001110000101000000010
1011100101000000001000000000010100110101011000001100100000100001011010111000000010001010001010000100
0000000011010010000001000010010000001101010110010100010000001011000000001001101000010001001010001000
0001000000001000101010000110000110000001001000010000100000000011101010000010100010000010101000010000
0000100001000000010000000000000000000100000001100000010010000000010001110100001011010001010000100000
