00001100100110110000111000000010000110000000000010000000000101000001001000000000
00001010000000000000100011100000000000000000010010000000000000001000010100100010
00000110100000000100101000100000100001000001011000000000100000100000011100000000
00000000000001001000100010000010010000000000000001001010000001111000000000010011
11000010010000101001001001000010000101010010000000000000001000000010000100000100
10100001000001000010001000000011011000000010001100110000000010001000000000100000
01101000000011100110000000010001001100010000011011100001010000101010000001010101
00000100001001001000000010000000011100000100000101010001100000100000001000000010
10100000000010001001100010001111000000100000000001110000001001000000010010100000
00001000000010000000011100111000010010001010000000000000000000100000101000001001
00000001000000100101010000110000100000000001010000000000000100011000001000010001
10000000000000001000000000000010000010000010000001000010000010010100100101001100
10000010110000100101000000010010000000000000110000000000000110100111010001000000
00010111000000000000000100000100010000010010010000110000000000010000100000101000
10001010001010000000000000100000110000000010011110101010110010000101000010010010
10000000000000000010001000010000100100010011000100000000001010000100001000101010
00011001100100000110010000000000000010011000000000001010001100000100010001000010
00100010001010001010000100000110010001101101001001000000000010111100100000100001
00000110000000011100000000000001100000101110011001000100000110100000000010000001
00001000101010000000100000000010000000000010101100001001011110000000000010001000
11110000100000000001000001000000001000000000000000000010010000100100000110011100
10000000011000001000001000001011100000001000010000000001010111001011100000000111
10101100010000010000010000000000010010001010010000000000010000100011000000110100
00000000010001000100000010000100010000000001010001010010100000100001010001000010
01010001100000000000000101001001100000000000000001110011010010000100101001010000
01001000000000000000100010000100000000110011000000000100010000000110000000001010
01100000011000100000000000001000110011000000000010000010000000100011000000111000
00000010011010010000000000000100000000111100000001000010000000000000100010000001
00000000110000000000010010100000000010010001101000100010000100001000000010000000
00000000100001000100000101010000100001010100010000011100000000011000000100000000
10011100100110000101010000000000001010000000011001000000101001000001000010101000
00000110100000000010010010000000011101000010000000001011100000010000000100000010
00100000001000110010010010100100001000000000101000101000000000000001010100000001
00010101010001100100001100100001000100100001110100111100000001011111001010010000
00000111000000000000100000000011100111000110011000000000110000100100001010000010
10001011000000010000000000000001011000101011000000011001000001100000011000000000
10000000010100001000001000101010001000000010010100100010000101101100000111000000
00101000000000000100000000100101001000000101100001011000000000010101101001011100
00000000100000000110000001010000010100001100100101100010000000100000010001010000
00001010000001011000000001011100000000000100001010110000010110000000000000001100
00000000010000001110011000010000000100100000000110001000110000010010100100001100
00000001000000000110000000010100001001110000010000011000011010000000100000110100
00001100010101110011001001000001001110000000000001100001010100010001000111000000
00100000001000010100000101001000010101000000100010010001000001000110000100000000
00000000000010000001000000001000110001100001001001000000000100001000110001010010
01100010001011100010011100000110011010000100001010001100101110010000000000110000
00100110000000100111000000001010101000010000110100000001100100101000001000001001
00000101000000110001000000000000010010101000001000000000101111000000000010000000
11000010000000100000000000100000000000011001010000000000000011001100000010101101
00010011100100000110000110010010000001100010100000000000000000000000101011000001
00000110100001100000000010001000110010110010000000000001010100100000011000010100
00000101100001000000000110000100010101010101000000000011011010001000010110100110
00010000000000101001000000000101110101001100010000000001001100010001000101011010
00000000000000000010000001000100010000000000010000000000111000000010000110100010
00010000000100101000100110111001000010100000000000010001100001000010000001000000
00000011000000000001010010000001000100000011001000111010000000010010001000010000
00100001000000100000000100000011001000001000011100000110000000000100000101101000
00000010000000100001111011000000001000011110000000110100000100000000100001011101
00001000100000011001000000000010000000000100010100011100000000110110100110000000
10000000001010001011010000001000000010010010111100101000010010001000001000000000
00000100000110110111010010000000000000010100010110010000000101001000001000101001
10010000100000000000010000000010010110000001000110000010000010110010000001000001
00110011010010000110101100100000001110100000001000100000001001000010010000000001
00010000001101000100000000000101010001001010010000001001001001000100000011001000
01010110001000000100010000001100010010000000101010010000000110000101011001000000
00000000000110111100100011000000011011000001000010000000101000011001000000010010
00001010000010000000011001100000010000001001000000000111001001100000001110001000
10000000000010100000011100100010110001000010000000001000000000001100000110000111
00000000010101000100010010010000000001001100100001000000011000000000000001000010
01100000100010001000000100000000100100100000100000110000000000101000000000000010
10100001011000010000000010000000011101000000001001100001000110001010000001000000
01101000000100000000100000000101100010001011000000011100101000000011000000101000
00000000100000100011100000011010011010000010000111010100001000010011000000000000
00000010000110001000000110000000000011100010100001001010110001011000101000001001
01000100100001010100001000100010000000000100010010010100100010000000000100010000
00010010001000100000101010100000010001100100110000101001010000000100000000101101
00000000010101010001100001100010000001011000001010001000110010010010000101010010
00001010000100000000111000000000000001011100000010110000010000000001000000010000
01010001000000111000010101000001001000000000100000011100000000000101110000001000
00010010011000000110010000010000100000000000001011000000010011100001000001010000
