010111000011101100101100100101
101111100010000000001100011000
010010000000100011010100111111
110001101111010011111000111100
111001001111010101010111100010
110110011110110110001100001110
010100011111001111110101011100
000001101001110011101100001100
000111110111100000010101110010
000111101010000100100010110010
110111101101000000110101001110
100110111010010100111100001010
101001011000010010011101101110
000111010001101110101111011001
100000100000010001010101110011
100011100101010000100100110110
001101110000110001001001110111
001110110000001010111100011010
100100110111010101001110001001
001110101011101001001011110101
110101010001110011110010100100
111011111011111101100011100001
000010000100010000111101011010
000010101010111010010110101011
101110001100101110011101001011
011100101100011111010010001010
011101110011110001100011110101
101101110010100110011000001001
001011001111101111000011110001
101000000000011010110101101110
