010111111111101011000110001110011000011010001101101010111000
101010111111000010110000001011100111011001001101110101000000
010011101000000000010000010111011000110001010100111010011110
100011101111111001000010100001101010111111001000001001100111
111100100100001111000001110010010010111001111101010010011100
101100000000011101110101011000001110101011011100110000011111
111110000110111101100000011101000011110011010110111101101010
110000001110001100111100000101101011101101110001111101111101
111100010010111010101000010110111000100000110011111000111111
110110110000001001011100010101110001000000100111100111011001
110100111001001011010100111101110011011001101110010100011001
110100000010111110111110101111001010110111001010001011110010
100100101001010111101100101111101011100101010100001010001111
000101101001101110100010100001101001111100101100000111111001
100111111111010101101111000010011001101000010011000001101000
000011110001111001100101010001111001011101001001100111100011
110010001011110001100100101010011100000000101010000100100100
100111100110101110000000000101100101110010110010100111110101
010001111001111110010010010001101101001111111100100111001010
011001010111000000100010010000001010001110000100110000101100
000000011101101000000001111101000000010101111100001001011101
100001010111101110000000000000100110111001100010011000011110
100100000001011000110001001100110100011000111110110011111000
000011000000001100001010011110100101101011001110111011110010
000110000011110010001000010000100001001111010110010100101111
001011101110000100111001101110101110001110010100010111010101
110001100011100010001011010001100000100100000000011000001100
101000111111100001001011010010111111001010111001101100100111
111010001001101010000001010101000100000101001101101111011000
011100110111110101101000001010000011011010001001001101111111
010100011110110101100111111100001001000110100111101110100101
101010001110001110000010000100000010101010110101100010101100
101101011001111110110000010100100111010101100110000000010101
010001000000000011100111010110001001100110111100000010101011
010111110011100000010100010101011000011001010001011111001100
010000110110111101100001100101101100001111110100011100111010
001111111001111001000101001000010100011001000111011010000110
111110100011010101001110000001001010101101100010101011111100
110111010010011100110111110101010011110110000111000111001010
000100010001110100111000111010101101011000101111101101101110
100101100001000001110001110101110101001000011000010110100010
011111110011100100101101100010001011110000011001011101010010
000010011110010011101110000100111101010100010100111010010110
001011111000101001101010110100010111000011100000111111010100
110111000011010110101011000111000100000111000100100100010001
111011100110110000111011110010111101101100101001101101110000
000000101111001011000111100000101000111100000000010011000001
110010011100001100000000000111110010101101000100000111010011
111001111100000101110011000110110000010100111100010100101001
011011111010000000010111111000000011100011110010100011001100
101100111001100000001101001111100011110101110100000000011010
010000110110010111100000110111100011001111011101100001110001
101010000101110101100011010010110110111010110011010001011101
010100110101011101101011010011000010011101010111010110100000
100100111001011111010011100101110101010110000100100101001100
101011011111010001001111010011001001010001111101001110001101
101011111110111000111110101011010111011100000000111010110101
001111011000100011011100111101111010110100110000010010111000
001101101001100100100101100101000101101111100001001000000000
000101011110110101001000110101101100000000001011100110011000
