00101111101100010010100111101011000001111000100100010010111110001110010101111000010001001101010110010111110111001110001101001100000111100000001010000111011000101010100010110011110101010100111010000100
00011011110111011011100010101000011111011111000000100000000110010110010100001110111011100111100001001011111100010010100010111001110000100100010010010000000100111101011011100001010010010011101000101001
10011011000101000011001000001110100110010000001000000101110101110101101010111100101010111001000110010110110000010001011000001110011110001110111001010000001001011101001100010010011011001101011011001101
01101110111110100111010110101011000010000100010100010010101100010011111000001011010011001011100110001101010011111100010011111100110101110001101101100000000101101110111011001111011000011101001101100110
11110000001011011101011000110100001011111011001001001000101110000100101000111101111001110110000111011101111100100001010000101110011111100000010010011001010110100110101110101001001000111111011000011001
10010010111001111110111101101001000001010100101001101000001001110111100110000100100010110010001101110110010111101100010000100100001100000110010111101010111000010011011001101110001010011100101101011111
11110101010011110110101101000100111110011101100100110110001000111000001110011001010010101001010111011111011001100000011010101111010011100011110111000010111101000010100101110111100010000010001000001010
11100010001010010101011001110010101101001011100010100001110101110100100111111111110011001000110100101010001001000111110011001100110100100110100101001111011000111100011011111010000111010011001100101101
11010100000010111000100010000101101110001000001001110011111101110010000111000100001100111000110111000010000010001000101111010100111111011100011100001111010010001111110111010011110111110101111100111101
01010110000001110111000101111100011111101111000111101010001000111010011011011011100000110000101101111010000101101000000100101011111110101000000110101010011010110110001001100011111010001010001110000100
10011101000100011011111000111100010000101110100101101000110001111101111100110111111110101001101101011111000001110111111010000010011000001001110010010001100100001010110101111011100100101001001011011011
11110000001010100011110010111010111110111101011001000100111000100110000100100000111100101111010101101101100011010001000111000010011101110010001011101000101010001011100000101101011110111111011110001000
01011011100101110001111101111100001000010000001110000100011100111001110011000100110101111110110110000010100110000001011101100000111110000010111001111000100000001010000000000101101001110001001101000011
01101110010010110101000100010001110010011101011001100010010000000010100101011001110110110100011000101010111001100010110001001001000100110110111001111001101010110101000010000110011001110101110101111101
00010110110111010000110110100010010000100010001110010011010011101100011010111111011110100110101010110001100110101101000100011100110001011100101010110001010010011010101000100011000101110001010101001100
11001111111011101000100111110101000010110010100110000101010101111111100000111110010011111101000111000010001000011110110101110001000101110010011000001111011100110011111001111101000000011100010011000001
01001100101000010011001111110001001100000010011000000010100000010001111010011000001110111001110111101000011110100101100000111100011110011000101110110101110100011100110000100001110111100000101001010100
00011111010001000011110101001111111011100110111110101011110010110011110010001101101000100101100011000011001001101001100111111001110110101011001101101110110001100001000001111011010101110000100111111001
11110110011100001100000010011110000110011011010101101110010011100110000001111100110101001110100101100101110101101010101100110101000011101010000011010011100110101000101111101011111101000110101101001011
01111001011111001100110000000010001001011100010010011110111010101101111011100101110001000111010101000101011111100110010011000000000101001100001001000010101111011010111010000111111100100011100000111011
11000110101110110101001111111110101111011001011110000110000010011000011010111101010000000000111010100101111110000011110111001011000000000001010111100101010010100000010001101011100000011011111000100100
00011101001110100101001010001010011000110111011110000011101101101001101110001011100000100111111111101001100100010100011101100010101101001101010111000000011010001010010111111111000001000011111000011010
00101111001010001000110101111110110000100010100101011000011111101000110011010101100000100100100101111101011000111111010111001001111100100100000011110010010001011100011110111010101111110101101001101111
10010110010011111100101000000110010011100011011100100111100011000011011110000100111011011000101000000011111010010000011011000111000101001100000010110010000011011011100111011010111010100101010011011010
11010000100100111010110000000111111100010011011101111000001110010101011011000100100110011011001010000000110111110011000100010000101011001101000110111010000001111101111101001010110001001100011110100110
10000111010010011100101000000110010010011000101000010111110011110011000101011100100110100000011101010011110111011010000001011011100100000010101101010010100001100000110001010011001011010111010100001000
11011101011110111000101000001100010010011110110000110011010011011100101011011111100111010111001000111101100110111001000101000111000111111110110101101111001100010111100001101111011011100100011010100011
00001001011111011010101000000011111010011010100111100101111111001100110100000011000101001000100101011110100010101010110010101010001111101111010001001001111001001111100001000001011101110001101101110001
11110100011110000110111000100000111111110001011110110110010010101110101111100000001101010011010110011010110010010110100000001010101101101111100001110001110000111100101100100001000111111011100100110001
00101010111010010110101111100011100011110111001100100011100110011111011000000100000000001111001100011111010010101011100001011000110101011000010110001110001110000010100100110101011101101011100000010001
10110001000100100111111111010100101001000110101001010000100010110011010111100011100010011101000100110001010010010010111010101110100010111100000010000111010111010110011110111111100010110001000001101101
10010100100001011100000010010100101110101010001001011111001100101001000000101001010110100110000100101000000101000001111100101110110010110011100101011101011101010100100110001111110000110000101010101101
00100011100101000100101010011111010100100101001010010101001000100010010000101001011011100001011110110011001000111110101001000001010001000100100101101100010001100101101111010000101101010100110000100000
01000010011101100100011111111000101011101100101001101001011001001010000011101011101111100000011010111011011111001111000110011100110000010011100101110000110010110010110110110010110010011111000001101010
01001011110110001101110010011011010000011001001111000000110101010101111100101111001101100011111011111001100011000110111010111011110101000100011111011000011001001100001000001100010110101001001110010110
01100011110100001010100010001001100000010010010010010100000000000111110000101011010110001100011110101010000000110010000110001111011111010001001010010101000101111010010111110011011100100001101100011010
01111010110101010110100101111101010000100100011111010101011111011110110110111111001001100001000011111100010101110110100101110011000111101101101100010111110001101100000001101111100111010001100011001000
11001101010000000101100100001110010000111001101110000110101001001100101100111100111000001001101000110010001111001100001110100100011000110001110110010010100000000110100001000010011101001101111001011001
10001000011100110100011100001101110011011101001111011010000101100100000111010111000011001011001010100001010000001000111010101100101100100011110111110101110101111000110111001110101101011010001101111101
11101110000111010011110011111100001101101010110110100010100111100001101000010010110011101110000100101010011000011001011111011101010000110000101111011100000101100110101101110001100010000010001011001100
11001011111101000011100001110001011001110010001010101010100001010001001111000110001100010101011011101010100010001010000001011000011000011010011011100111010011110100101001010101011000010010110111001110
01010110011101000101010000100110110010100001001010010110100010101011111011011100110110000101000100101000010011101100100001101110001011000000111011100101101111000011110100110001011011011010101110011100
01001001011000111110011110110111000100011000100110110000110011001100000011100001100011000000011110110100011010000100010100101101010100111100000010111101100100011010100111101111111101000111000101001110
01001011010101000010110110001100101001100100011000110010111110100011010110100010110001100011111110000011000111100001010001100011111010100111001101110001010000010111101011001011010111001110011000001101
10000111001000010100001001110010010001010010010000001001110110100110011001000100111010001110111101100000000101011011110000011000111111101111000100101111011101111011100101100010010111001001010010010011
00010000000101001111110110101000000110010001100011010001010000010111000101101110100011110001010001011001001100000000001001111101001000001110111010111000000100110110011100011001100000000100011011101111
00101100100111101100110111001111111011101101000101110111010111110010111101010001100101000001000000001101011111111000000111111101101111001110000111011101110110010101000000110000001011110010001100010001
10010010011010110110111110011100001011110010001001110010101100001011100111001011101101110101000011011111100000110111001001010010111001111101001101111000001100110000001000001110111100100100001010000100
00000001010010110101110000011000101111111110010000110001110111010001111111000101001110111101010011000110000100110100111011001100110010111001010001011000010000000010110010010011000000010101000000000100
00001100111101000010001010010011011010100000011100110100100001011100111110100001101100101100110010101011100001000000001010111101010010011010110010011101101001001011111110011000110011100110010010010101
01000111111001000110000110111100010000011011001111001101111011011011001010110010111011000010110011111101010111110110010110101001100010100000000111010111110111110001100001100011100111000011111001010101
10010010100000100001001011101011100110100111011111000110001110111001001010110010110010001010100111110000100101011010011010101101001000001010010101000011110001101011111010001110110111001110100111100001
00001100011000000111001010000001010000101000100000100010100110001000100010110010100000101100011011100111000001010001101111000010111010001100111010110001111001101100001110001001001010001110111110111110
00100010000110010011100101011001100111000100001001110010001010110111100000100011101110111101000010111110111110011010011101100110100111101000101010100101011101110111100100111010000110101101101100001011
10010010110001101111110101101101000001111101001100011101010101100011011010000101111001110010100110100100011000001100010101001010000110101110000110010100110100011001000011001001001010011110110111101111
00100001100000110100010101110101110010000000111010100010111100111011101110001101111100011100111100000101100111000101001111101111111110000010101011011001100010000011110101100010111000001110111100110100
10111001101100001101010101010110001001011111100111101001000111101111111110011101000111000011000001110111000110101100001111111101111011111100110110101011000100101001010001111110111110111101110110100010
10100001101111110111001001111000011010000011111010100011001010011000001100011110010010110100100000001101011100001110001100110101101001000000000001010101101100100001001011011011000000000111001101100000
10011110110110000001011010010001110011000001000100110101010001000011000011100110000011111010001100010111111110000001010111101000011001011111101001010101110001100110010101101011100110011000100000011001
11111001100010010000011010010101001010110001101110011011100010110010000110101000111010000001001010010101011011010111010100000001110011000100000100000100101011111011101001110010110110111011011111010111
11001000000000100111101111111110000010010111101010111100110101101010101001010001110101001001100000110101110000001010111001101000100100101011111010100111100001110001000111001001100101101101111011100000
00100101101000110010011101110000011011111010001011100010101010011001100010001001101000001010101000011010110010100010000001010011100001110000001011110001011011010110011101011001011111111111100001011000
00100111111110110111011001001011100000110101101000010111100110000111101011101010111111110110001010101101001100010100001010010101110000001010010010010101100110011010010111001001011000100110110110111111
01110111111010011100100011100110001010001000011011110101010101001011000111100010100001101101100101101110010001101110101011111000100011110011110111000100011100011010111011101111101100001101111100000001
10000010011010110001111000111101010011000110000101111001110011010110000101010010110000011110100110110101100011110100000000101000010000010011011110010111011000001011010000011111010111010001000000000010
11101101001100110011000010111100001111100010110001000100100000101000001110110110010101011101011110100100010111100010000111000011100111000000111000000011100010010111000011100011100111110100011101110010
11010100110101010110000101001110110110000101111100100111101110111001101000000101010100110011111000001011110001011110011101100101000010100000100001101011000101001010111100100100111001110110101100110000
00110100001010011101010111000111001100011101010110110111101001110010010010101001000100001110101010001010010110011001100110111010100100010000010010101001111111100001011101010010001111010111110011101000
00111101001011011101011000111000001111010100001111001101100011100010010000011110111011001101010001110001111100110000111011111011100100001101100010010111101110010100011110110100110000100010110110010001
11010000011010101101101110010110101110000101101011000010100000000001101001011110111110111000010011001110011000010000101100100010001011000101000111100100000010100101100101010111110010011101011011110011
00111010011000101001110110101100001001011100101011110011110010100110010110001100000110010001100001100011111001110011010001011101101001101101001001111101110101011000110010100000010110001110000011000100
11000111101101000000010101011010001011101001011111000001110100011100001001100111110000001111101011001101000111010001001001011101001111100010000010101110000010000111010011011110000011101001001010001101
00100111110010101101111110101010010010101111000111111011101101110101001001000010011111101011000110011011100011110111101110101000100000011101110111111101011000110111001101000101100111100110100000001101
10000001110011000011001011101010010000101110111110000000001010111000010110100000011011101001001111111000111001111001000010111000111001101011010011000011010010100101111011110000001001000111100100001101
10101001001100110011100000001011111111000011010001111100001100110101000101000010010000110100110011000010001001110001100101000001000111011000001010111010101111100110001111000001101001110101101010101110
10101011011001111010101001100000000011110100001000111000110010001100110000000110110000100000101011001100110000101100001100011010101000111111010110001110101011001011111010011111011111101111010100110000
11111011010001111110110001100001111111000100010100000001110101100001111000000111010111011011001110000000010011001011101110000010101011101111011111101010010001000000100000101110110001000001101010101101
01101101101010110111101111100100001011101100110010000011111000000110111100011000001111111011100010001111110100001101101001110100101101010100101111011111011100111000110111010110011101001111101011010101
01010001011000110000010000110010011110111001010100111100011000111100110110111000001011111011011000110001101110001001110110011110111100110001100111001001001010110011001001011100110001101110101001111011
00011011011001100101111000110011111110100010001111000111100011000011000100001000010000111010111011001100011101010101100001101101001001110100011101010110101000111000110111101010101110101101100000111001
01101101011111000111011111100010010001010111111101111111000111111000110100010000010000110110010001100101001000001010111001111100001111010001101100001001101110010100100011111101101011011010011001111110
11011011001111110011100100000001100101010101100000110011010110101110110111111001101000001101010101100101010001100111110101011000000001001111011011111001111100101100101100011100100011111111110000010111
01101000101100101100000100001000111011001000100111100111000101100000110011000110010000100110111000011110100010011100111010000001111101000010001100001100000100000111001001100001110110001110000100001011
00000000101111101010000011111001011100001100001111000101100010100111011010001100000000010000111111111011010111001011000100001000011111001110100010111001010110100001110011011000111101101100110110000110
01110111001001111000000111100011110100110110110010110100111100100000111011001110000000100100101010101100010101000110101100010111101010111110101100011000011101000000111001000000000010000000110100110000
11011001000010010011000100111000111010110011011100100010101010110100100011001110000000110111100100011101100000000111111110010110100111011001100001100010111110101111100110100110100110100011011101101111
01101110111111111100011001000001111010010001010111001110011000110010010011110111101011001111001100011000011000100100010100010101010001010110111100011110110010100101010000011010100010000110110000000010
00101100110011011000000110101010000000001000010110000111011000101110011000101111100101001011010100010011001101001101001110011000000000101000011001011011001011100011000110101011000011000000010110001101
10110011101110011010000110010110000101110000100011011101001011011101110111001111010000110011100011110011111110010111010111010101001100011010010000000110000111010000010001001001101001000001101011111100
11001000000111110111011000100111000100011100100111001101010000111101100100100000111011100000100010001010010000011001100000000100000011111110000110010111001010101011110000111000111110010011110101100100
01011100000110100011010010101101001000110001100000110010101001101011000110001111101001111001001011101010011000100000000101011111110010111100110001001110011001110000010110100000110000111011001010000101
11110010001100011101010010101110101011101101011110000100100110010110101111001110010001111010010010101001010111011110011101010101001010011000110001101101100111000111101000110110101001101001011001010100
01010001111010101110111100010000001001000001100001110011010011011011001100110101001111001100001101010011111010100111110001101111011000011110001011011110010100101000011000101110110100011100001111000010
10000011100111001001110001001000111100001011110011101001000000000110110000100011111100010001001101011001100011010011001111110000010100001000001010011100010100011011111010111010000101010001100001010001
00000100011001100000110111100100111101101011100000001001001101100111000101011011001110100010110110110101110000000011001111100100100010100010101111100111110111111110000101101111000100111000111010110101
10111111111110011011011001011111100100010111100000010011001000011100000011001000010101110000111001101000110110101100101011101100001101001101001100001111010010111011110110010101010110111001110010001111
10111010100010111100110010001000111110101011000111111110000100101101010111111101000110001111001001110000101110011010100101110111110110011001011110011010111000110100100010100110011100110110000001001111
01001110111100011111011001010000001010001000110110111000100000010000111101110001110100001010110110110010101001010111111000101011010011110100011111011101000001010010001001011101101000110110000110100111
00000101010101101010111000100011111111111110100001111110100010111100101001000010110110001011001111011011010001010001100011011111010011010101110000010101010011000001001110110001001100011111001100100101
10101110011000100000001001111110111011000010010100110100101111001000100011000010001101111000111011100011010010001010110001000001101010101010001111110111110100111001010111010001111011011100111011111001
01011011011101001000011000111101011110011100011101100100010001110011010111010101001111100111010100100001111000110111100010010010010001010001101111010010000010011011001011111100111000101001001010010001
10111110001100000011101000110100000010000010001110101111111110111100010100010101111011000000001000000011001001101000101010100001010001010110101101100011100011000010100001011110100011110001010011100000
11100111111011010100000101011100110101011001000111001100101001010011011010100100001100011110100001110101111000001110100100110000000110101100100101101000001001001001100000010111001101001001010100110100
11011010001100100111111101100110111000100001011101101001111110101010101110000110110101011001111000111110000101001111100000010001011110010101100100110001101101111100111101110011101100100010110101110111
11101000000111100010110111111000001000001000000101010101001011001010101011010110001001001000111111001010010101011011010010010101001001000110110011010000011110001111101100111010011010111010110011100001
11111110000001001011101111001110010010110110001000100110011111010111111001011101010110101111101100111010100101110111101001001000111101110000111110100010010110011011101101000110011111100010101011001100
01001011000001011101101100000000110001010010011000000110011100100000111001100011100000111010100011001110000101000110101010000111101100101000000101101000000100001011010010000010111011111001000100111111
11001100010010101011110011100001010011000001111010110101111000100101100100000111000110011001000110000001111000000000001110101110010101010100001110111010010000111101001010011010010100100100000110001000
10010100100110101001100111111110011001001111001000100101101101001101000110001010001100001001110110010000000001011111100000101001011011011010011101010111110001011101010101110011000011111001000011010101
10010111011101000111000011000001011011000101101001111001000100011110001111101001010110010001010001100101111010001011101111111111000110111001001001010110111111000000110111110011001011101111011110011111
00011110011001101111001010110100100110000101001110100000100001011100101011110000010000100010100100001100010000010111101011000001000001000011110100011101111011100001000001101100011101100101001011001000
01110000001100010000011111101010100110010000101110111100000100101011111111100001001000001101010011101000110010100111101011101100001000010101011111000110111110110000010011111101000101000000010011100000
10010100110000110110001001110100110001111100101000010110110010010011000001011110101100010101000110010111100011000000011010010111100100010110110010011110101000100000100011001011010101001011100111000001
10010101001000111001011000001000111011000110000110100011110100111010000010010101011011111001100101001011011010110001001100011000011111110111100001100110000100011001011101010100100010010010101000000011
11000001001001010011101011011110111110001000100100110100010111010110001010001000110111001001111011011011111011110001001000110010011111101101101011001010111100101100110110011010010010011111111011010111
00101001001110101100101010100101010000010001100100001001001100000001001111101111010101011100111001101001110011110110001010001100100011001101010001010111011100011011001110111100110100100000101000110101
01000001101001011110100000011111101010100100100010001000000010010001110010101111111011000100100111111111011011110000000010010011101011010001111001000001100000000010001101110100000101100101100000100000
00111111001011010001111100010011001000110011100010110110001110000010101000000010111001101001100001010000100000001000001011111101111101110010011111110000000101100010100001011001101110000100001101111111
10100010101010000010010100000011101001110000010111011101110010110010110110011100101011010001011101000100011101111111010000000111011001110000010000110001001100100011101011100010010010010010000001000101
10000000110110110110111010100001010111010010001000101111111100000111010010111010010111111011011010000010000101000100000001000101101101101111111001100110101011100011100000010011101010011001000111101111
01010011101100000101101100010010011101110000001011111001101000110101100011001010001001011000011100101100101101111001110000000011100001000010001111000010010101101111001000000000101111010000011111101010
10010001100111010101111101100100100010011101011110001111101011010110101100100101110000001011111110110000010001110000010100010101011111000000001111111101100100010000110010000001100000010100001100000101
01011110010010011110010000010011001011100111011001110101111010011011110011000101100000000000111111000110000111010010010000001011101011011010101101110000111011000000000010101111110101011001101100101110
01010000100000111110000011000100011010011000111101000000110001110001101101010110110011111011010010101011100001001110110001001100001110100010011110010110010111100001110001001110110111011010001000000011
11111011010001101100101001011111011100111110111011110011101010011001101111010011110100010010100101100000010111010101010000110011000001001101110100110110100111000110100110010101001100010011101110101101
10111111100000101010000100100011010101110110011011010101110000100010001100000111100011101111101110100000101101011001011101010011000010010000001011011111100001000011111100100101011101101001001111100111
00101010011100000000110101111011001110000101000100001111000001000101110000011010000011000010100011101000001101001010101010101100000111110101110100101101101100000011000000000100011000111100100100110000
01000010010001010110101101100000101110010011011001110001110101100110101100100001001010101011100011110101101011101000111111101100101111010001000011100000001000100100110000101111100011011110111000010001
01010001110010100100011011001111011000100001101110101101110111110101101011011110001011000010001010010000011000001001110110100001001010000110000001010010110110110001111101110011000001000010101010100010
01111011111110101100001000000101111101011011100111001001101100101000000001000010001100100010110011101101010110000110011001000000000000111011100010100000001101001010111100010001111100011010100011110001
00101100111110001000011010011000000101101101111100011001111000000000011101011111101110001001100100010001111010010110111101110001100101011001110111111001011101001000100101110110000100000110010001101000
10111101110111011101011101111100001110100010101000000111000010000101100100100110101101001000010110000011011101001110010101010011001010000101101111010100001101000010010010000010101001010111110100010101
10101010110010001110000010110011000110000101101011101111100100010110010100101000100111000111001011110011000011000111100001110111100101011011111010111011011101000000011010100010011011111010011101100100
10011010100100110011010110111100101110000100101100000100111101010100011101101101111101100100000101101100110110100111111111101011001010010011110100000011100111110011111101101111111000000000001001101010
11011011010101010110001000111011000011110011100110100110100011010010001101011011000010010110001001010010011001000110011100010010010000011111010000010000001000000011001100010101110011000110110001110000
00010000100101111000000000100111010101011010000111000000101001011001000010110111100011101111100011101101010111011100111000100111011011101010011001010001110000100011011100111001011111001010101110110101
00100000111000101111010110111110000010001010111111011110101010100000101011111000010111011111110110010010001011000011000100101000011010110001010001010010101011001011011110000011111110010000100111100111
01100101100001100001011110111010101010000011111100001010101100000000111010011101010110100110100101100111100100011111000100001010100100100000100101101100100011111101011100110001011110001010000000111101
00100111000111010110000001111001010000101001111001010011001010111000000101011000011110101100101000010100100010101100010110110000110011110001011011000000101100110100101111111100101011001000000101001010
00010010001000000100110010011001010111100001100110000000001010011000111011011010110001000000000110101001000001110111100100001011011111101010111100010001000100111010001001101010101111011001111101100101
00110011001011101000000001101001110011110100010001001101101010010110100010000110100111100011001000101111110000101110100100101010011111000101000110110011100001010100101101100100010101000101110111011100
01101110101011010000110000110100001001101100010011011000100010111101000011011001010000111011000011100000110010111001111100011010001011111011001111011101010110011001110101011011101010000011000100101100
10110000100111111101000001000000001110011101010100001101001011001100001000101101111010110000111111011100010111010010110111110100000110010011010000110010000001111101010001100110000111110111001001100101
00010111110000001100110011100101111011110001101100110010100100011000010010011111101010100100001111011111011110110000010011111010001101000101110000110011010110000100110000010110101001010000111010111110
11001110011100101010111110000110001101111110011001101111100011111001110111111110010100000100111011011000110100011010010011010101011110000010110000110011110110111101110111011001100100010001001101011000
00110111000111000111111001111001111000111101001110110001011001010010011011001111010001010011101001011110101011010111110111100101101100011110010000110001011101110010101000101011101100110100101110001101
00010100010111101100101110101000110000101111110100001100100011000011011110101000010101000001001000010111011100000100011101101011011010000100101111000100111100000000001000001000011001111001001110110100
01101000001011101010001111001001011111110011011111101011011001101000101010100101010110110100110011111001100111101001011001111100101110111001111111001011011110100110001000111010001101001000100000000110
00001101110111010100000010110101101000010010111111000001100000000011001110111110111110110011110111000010001100101010000001000110001010000100010000010110000011110111011101010110011000010110000100011010
10000001100000011100100000100111100110111110101001100110011110111000111110010101001000101111111101110000000011111101000101011110000100000100010000101000100101010100001110010010101100110101110100011010
10000111110000010111001111100110000011001000100000110000100010001110100101111101000001111110101110011100010111011111000110011100100011001000101110011001001001110101100111000010001110011000111110011111
10001001101001111010100000111011000110101111101001111101111011101111101011000110110100010101001101110101000010100001101001000110001011010001110111010010111100101011100011111010101110011011111001011011
00000110001111001111000001011000010011100110001001111011011110100101101000110001110001100001001010010101000011111010100101101110100001011110100010100101011011001100001100001100000001011100011000111000
10001111110000111100111000011011111010101001101010111110001001011001001011001100010111100010111110110000110111110011000010110000101010010000010111110001101000011111111100001010001001101101001010000111
10100111010101010001010000110101001000000100100101001100010101011001100010110111110011010110000010000011100001111011001100100011011110101010000001110011110100010110110010101110110001001010011111001111
01011010001000011011000000100111000100110110111100100110110000110011101000100100111111001001111000010001111001010111011011011010111111000011010111110101001001010100010100110110110011101000000110001100
00001000110101100011110100000110010000001100001000100001000101100101110101110010100101111101001100101100110001110000000100111000100001001100010110011000100000101000101001101101000101001110111100101101
00110010000000000101001111010011101110111100100001111100001111000011001000111000000010011011001001100111000011100000010110111100011111001100101001001110100100011000110101010110100011010100110110010001
11011001010001010110100011001000110110111000110100111100111110000001010011100111010101110110101110010001000100111010011110010001100001010111001011011011000010011100011111000011010100001010010011010100
01100101010001111001001110101011010100101011111100100110000111110100101010000111100000001010011111011001010110010101000001000000100001000111111011001110011101101101101011000011001011111101110001110111
11110001101110101011011110011000001110100010100001011010100100111010001000010101010001000100111100011011111110000111000010000000011000001101011010000001110011110101011010010010110100101011010111110001
01111001110001001000001010111011101011011001011000001100001001000100110111100000111001100001001010000001100110000010000010001001000000000110101110011110111100111011111110110000110110000011000001111111
10011110111110110001010100110110010101010111110011010101001101111110000110110010001001010101011101001100111000000001111110001110010101111001000001011001011000000100010110011111001100001000010110010100
01100100100101010100000110110000100000000101101001110111110110001101010111010010001101110101010100111010111110100101001110010110100001111100011010001011010000011100110111111100011110001100101110000100
10011010101100111011000111111101110001111111100011110101000100010010011001011101110111000101010110000111110001001010011101011101111001000010110111000011011011010101000010101010100111100101100110001100
01010101101000011001111011000010010100100100010011010001101001111011101101010101000110101110110100010001001011010110000001010101110111011100011110001000011101101111000111111000111100010100111111110101
01111101010000110011001010001010101000011001010101011000010101010011100011110010011010000001110001101001110100000101101010000100110011111111100001111100110010111100000101010010011010101000100111000011
00101010101000000010011110001111110100110110110001001101001011100011110010100101010001010010001100110001110011000111100000001100111001111110110010001110110101100111011000000000101101001111001010100001
11011001100001000011011100000011110100100011000011011010010010110100101101110101100101010010010110111000001101011011001001101000000110001010000010000111001000111111110001101100101111010101111010011111
01010111111000010110110111110000100111111011100000100011111111110101010111100111101110001000001001011101010011111100111000010000101001000011111010001011000011110001011010001100100101110001010011111110
11001111011100111110111000101110010110010110101000100101101100010110101001001001101001010111111010101001100011110001101000100101101011010111101001010001001110000101110010000001010101001010100000110101
10100011101000010100011101000110110100011100011011000100110101001001110101010110110100100101010101111111100111010111110100001000111000110110010110011101000101001111011000001100110110110110001101001100
00011101001100010110111110100011001010100011010101011110111011111000000100011011110100111100111001001100100100111011010000110001000001010011010011110001111010000011110011010111110100011001011100101001
00010110000111010001010000100111001010101010000100010000100000011010110110011110110001000001101111001110010000110101100000111111001001100010101100001000101111000011000011011001110001001111111100111011
10110111111001100111111111100011010111100011100110110101111100011101010100011101000001110001111010000111111111001010001100110001101111001001011101011111011101111010101000001001111001011001011011100101
11011010111110111111110001111111000110011111010010101010011011111100010010110000101000011000001101110011000011011000010101101101110001111100010011000000000010110010000000101110100110000011001001011100
10000010111010001011101110000011110010110010010101110001101110010110110010101011111101101111100001011101001000000101010111110001010101101011010111000101001101001100110111011111011110100101101100111010
11110000110101001111000110110101011101001111100101010001100101101010111000011110001100000110100110011000111100101011001000110110010011111100100000101000001100101101011000111110101001101101010011110111
00111100010111000011001101110100100101101110001100001011100001110011000001110101100100001101000011111011111001100000010110001110010111011111010101111111010000010011011110000010110000000011101001111001
10000001101100101111001000011100101111100011100100110100101111011101001010010101001101000100111110100011010100111001110010111100011000011101101011010111000010101111110111111001100010011110111111011110
01100111110100001000001101101010011010010101101001111110101101001101011110010001111011110100000100010100111011000110011110010001000010111111011000000011000101010101101010010001100100001010111111000101
10100001100011101110011011111100100011100111101001110000000011001111000111111110110100011001010000010110011011111000100010110101100110110011101100110000111111010000100111100110010000010101000100101011
00001000101111101101001100111111001100000000001101000100100111100110100110110011010101000011001111001101111111100001100000000110000010000000001001100100010100011000101001010000110000000101011110010100
11011101100111110100101001011011110010101100001010000010101101001111010000100000110000000110111111110100101010000110001111111011010110001001001111101111100001010000010011011010000101000001011011101111
00111100011100010000100010001100011001100101100000011111101111010000011100010111111100000011101100111010101011001010000100110111010010010111000000110011111110111011001100101110010110000100000010100111
10111100100101010010001111100000110001000011010111011111110011110111011011110111011100100000100011110000000101100010110001000011001100100000101001001100110011010001110110010100110101101010011110101111
01001011010100000011110001001100010000111111001001111011010101100011101011010110111001100110000011100001110001001110001000011001111110110100011000001001001010101100000100110101001110000101111010001011
01111001101111100001111101011110011111000010100010100100110111011001010101111101010001001111010100101110001011101010100100101100000100000001111010100101010000011100100111001111111001110010000011000000
11000100100001001111111000011101100111001100000000111111101011110011100011101111010110101100011100010001110000001111100000101011110100111001100101010111000011010001111010100100101110000010010000010011
10101000100101110000110111100000100001001001110001101011100110110101110000010000110111110101001100010111100001010010000010000001001110100001100100000111101011111010010011001110010110110110101111101010
11111111111110001010111010110001001101110101011100101101010110010110010100101110100001001011101000111000010001100111010011111101100011010001001111100011111010000001010110011111101110110110010101011101
00010101110111100110000011011000001100101110001000011111110100110110100001010000001111010100100001100011001101001000010111101110000110011011110011101110001111001011111000011100100111100100011011011101
10100000011100010100000110100001001010011100110101011010100110100001111100101100000100011010101101011100110111111010000110001100110000011000100101100010011101101011111111000010010110111111010101110110
00110100001011111110001100010010010011111010010000110010010111000101011000000110100001001101110010010101110010111010011110000100011011101011101010000001001000111100011001010011011110010001011110011110
01010001100001000101101010111011110000100000010000011011110010100111010000111011100011001100001001110111101000010001110110101110111011111101011100100000100010011100010101101110111001011100010010010100
00001100101001001101010100011100001101100100101001101001001101100110110000010111110010001001011000011011001011000011010000000011010100110100100110101111100001111110010011100101111100100000101111101010
01101111101101100111011101000011010111111111010000001110001001100001000111101011101001011000000110010000011101100000010110101000001001000110110111001111101110000100100011011101101101010110011101010000
10110101110001101000101010000011001000111111010111101011000100100000001111101100110101011111001111100011011011000011011101101100000110011101111101110010011110110111110011110011010110111100001111100001
00010110001010000011011110100000011100001010110000001110100100101100010000100010111101100000100111000001001001000110010110110100100001001010000100011111011000010100001011000100110101011110110011010000
01101101101011010111001000111111000001100001111001110110001100110000110111001111011001010010011111111001101011001111011101011101010100011101001001000011011011011100011110101110011011011110101100000100
