0100000000010001001000000000000001000100000000000110000000010001101110
1000000100000011000100010000000000000000010010001100100000101001100001
0001000000010000001000010001010000110010000010010010010000101000010001
0010000010100001010000000000001100010010000100000000000000010000000110
0000000000100000000100000110000000111000000000010000001000001100010000
0000001000010000000100100010000000000000000101110001010010101000000010
0000010000000100010100010101000000100101000011010010011010101110001100
0100000000000000100010001101000000101001100010110110000010001000100000
0001000001010010000010110100000100000001000000101010001000000000000000
0000000010000001000000010001000010001001011000000000010001110001000001
0001100000000000000000001011010010001001000000000001110000010101001011
1010010010000110100010000010000000000100000000010000010000000001010010
0000000000000011000000100101001000100100010000110000111000000000000000
0000001000010000000000100101000001100000011000000010000100011010110100
0100000010011001000001100100100000000111110000000000000010000111000000
1101000001001010000011000001010000000000000000100101010100100100000101
0000000100010000010000010101011100000000000000000110010000001010001010
0001001000000000101001001010010000000000000000100000001101000000000010
1010000000000000010010011001001001000110000000000110010010010000001110
0100111000000000000000010000100000000000001101001100010010000100000010
0000000110010001001000000000010010000000001100000100011000000001010010
0000000000000011010000110000101101100001101001110010110010000000010000
0000010010001110000001000000010001000100000000000110000000100000001001
0110001011000000101101000000000001000001000010000001001100101100010000
0000000100100000011000000000000100010000101010000101000000010000000010
0000101110001110100000000010000000010011000000101010100010000010011100
0000110000110000010000000100000000100000011000111001001110000000000000
0010001101101101101000000000000100000100000001100000100100101000000101
0000000000000010000101000000011001000000001001000000000101010001011000
0010000000100001110010100000100000001000100001010110010010010001000100
0001000000001000101001000000100101100000010001100100000001000000000001
0001000010000000100001001001001011001010000000100000100000000010010010
0000000001100000000010000000000100101000001100001111111000110100000000
1000000000000100001001110000101100000101010110100000010000000000010000
0010101100001100000001000010001010000100000000000100000000000100000011
0011100000000000000000001100000000000000100000000010010010000000001000
0000100101100000000000000000010110000000001001010000000011110010100001
1000001000011010001000100001000001100001010010010100000000001110100100
0011000000000010001000000100000100000000110001000010000010100000110000
0000001111100010000001010100000001000100100110000010000010000110010000
0000000100000010000001001000010000010011000000110000000000100000010000
0100000001001110000000000010001001000110000001100000001000000000000010
0000000001000100000111001010100010001000000001001001000000010010001000
0001010000000000000110000000000011000001000000000010010000110010011000
0110001100000000000000011000000001000101000000011011010100000110001010
0000011000000000000101000001111000001010011000101101001000001000000000
0000010110001001010001000111001101000000110001000100010111000000000000
0010111100011000000001000010010000001100100010001010011000010001000010
0100000010000000000100000110000010000000001011010100010100010000001000
1100000100000001101110101000011010100100000001101000000000010000001010
1010001110000100101001100100010010010011000110010000000100011100100010
0000010000100001000000011010000010000000001011000000000000000000001000
0100000000101000000001000101000110000000000000000000000100000100001000
0010011001111001101111000000010011010000000110111000000110000001000001
0000101010001000010010010010000010000000010001010000000001000010110000
0000000000000101010000010011100000000000000010101010110010010010100001
0000011100000010001101000110010000011011000000100000010101000010000101
0000000001000000010000000000101000001000000000100000001010000100000100
0110011001000001000000110001000010001010100100000000000000000100010001
1001000001100100001000001000110010001000001100011110000100000000001010
0110111100000100100000010001000000000100000001000010000000000001000000
0000101000100011000100010000000010100101000010000010100001100000010000
0000001000000110100000000100000100001101001110000000001110000000000010
1100000001110010000010000000110000000000000000010000010000001000000100
1100000100000100000000000000000000001110000000000010001100000000000101
0010100000010100000011010100100101000011100100000000001000100100001000
1000001000100000101000100100100000010000001110001101100000010000010010
1001001000000101001000000101010000000100000000000000000011000001100010
1001010000110000111110001000000100100000010010010110000000010010001101
0110000001100001000000100001001000101000000000000000010110100000100010
