0101110001100001111100101000100100100100111111100010011001010100100100
1010100000010100111011010100000011110000111110000111111010101100011010
0101001111101011101110111000101010101110011011100100101101000110001001
1010100010101100100000111010010100110000101101100110010011100010101011
1101000000001011110001100010111101101001000110011111110011101110010010
1000000110101000100100110101011010110100000001011111010011001111101001
0010000000010110111011111000111000100011001110001110110110000110101101
0010010001010111110000100111111111111111001111101111010001111011100011
0011010000011101001100000011011001101100101100000101111011100101101001
1010000100001110111000000110001111010000001001111011101000001100000111
1011010000000111111100011111110100010110110111100010100100011010001000
0100001110000101011010110011001010100110000010111110000000101110110000
0011110011000010100001001101001111001110000111011111100010111111111100
0101001111110010011100111011110011010100011000000110000001011000001110
0010101101101101111111100000100101101100001011010001001100001101000011
1010100110110010101000111010010011110110011100011010011111111001110010
1111111101101011010010001110011101111101111100001011011110001001001000
1100101101110110101010010110010001101101011001110010110110111011000110
1110001011110111010110001001010001110011110000000101111101101100111111
1010010010100110001011100101011011101101010001111100000100110100001010
0110001000010010111101101100111001100011101111110101110101101110110000
0100101000001010000110010110001011011000000011101001100011101101011100
1011111100010111000110011010010101100010111001011101010111000001000000
0111011000110101010001101000000001011100010010000110101111010000100010
1011001000101101101010110110111100010000100001111001000110000100000000
0100010101101000110111001011000011010101101011110100110110001010000100
0001100111110101110001101101000000010001010001111111100001111101101011
0000010110111100001100000110111011100101110000001011000110100111101000
1010101100100110000010001001000010000001000100010000000100101101111101
0001111110100101111110101001000010111011101010111100010001101011110110
0010111111011000100111001001000011000011001110111100110000000111000000
1001100101101010100000101000000011110111011100100101100001000110011000
0110010101011101000101000101111101000100101010001010110001100110111011
0100100111001111111111110101001110101000001100010010111101110101011100
1111111110010011111110100001010101010111101000100011100000110001010000
0101010101100101101001011110010100100111101011001010100101100010001111
0010100110001010110101010000010001000010100101010000111010010010011000
1010010110111111110100010101000110110011000010011010101010001010110111
0010001100111001001010100000011100111101000101001001100010011011111101
0000101100000000111110000111111100110110101010101011111001010100110011
1101000010100000101010101101010010111001000000001101001111001000000001
1110000000100101111100110011000100000000000111010111010000101000011111
1111001111000111110010100100011111110001000100010000101110011011001001
1101101110101001100010000000101101001010011001011010110000010010110111
1110101100111010000011010100011010010101010001011101101011011110111001
1011010101101010010111101110000000011010010110111111110001100110100111
1011000101110000010111001110011100100001000001011010100101001001101011
0000110001011011010110101110111001001100011111100110011111100100100010
0000111101011001100101101011011010010111100111100000101000010101100101
0111111110011100001110110110011100000000110011010011100001000011101011
1101111101111101110000010011000011110101010101110101000100111100011011
0100110111001010101011101011000100100011110011000110101100101100100110
0110101011101000011011010110001111111111001111101101000111011100111100
1101111110000001111010100100011011001001010101010000000010100011011010
1110000011000011101000010000000001001101101010011001000000110001001010
0010001000100011111110111101100001010000101000110011100000001011111100
0101111010001001110001111101000000001110101010010000110001000011010001
1011110110000101001011110010010111010001100011110100100010100000001101
0101100110011001011111000011110011110000010001010011011001000011010010
1000000100101101010100010010000001101011001110001010101000001000100110
0100110101111111111011000110110000000110111010100011100100010110110011
1110111011011010001111001011101111000001000011011011100000001010110100
0011111100111000010010000101011110011110001111000100010110101100111111
0000010110001011110001100011111001100010001000101100011110100000000110
1001011110011001001010010011110010000111000111111101100100011110001110
0100100000011001001011000000110111101111010110000010110110101110000100
0111011010101100101101000011100111011010011010100110111101000010100100
1000001001001100011001000100110001010110010101001001100101010111111010
0101100101000111011100010010010010010101010101110111011000111011100101
0011011111000010001000000010100010010111111111101110000011001010000010
