000100101101000000010000000010000000001010001001000000010000
000010000001000100000010010000111000001100100000101100000000
000111000000000000000001100110000010000000000000000101100000
101000010010000000100010010010110101010001010000100000110010
011001000010000000001010000010100001011000000000010100000010
001010100000000100001010000000110010000000011001001111010100
100001001010000001000001000111111100001010000000111100000100
000100001000100000001000010100000000100010000010000100000110
100000110011000111001100111000000001111000100000110000000000
100000000001010000010001100000100010000110000101101100000001
000110101000010010000000010000000100000100000010010011111100
110000001100000100010110001001010000011001001011000001100000
000000010000000000000010000010001011000000011000000101100001
000000000110000010100001110001000001000000110010110000000000
000000000000000100100000000010010000110000011000000001001100
010001001001001000000010000101111100000100101101000010001000
000000001010010000000000000000011100001000010101000000010010
000000101000000000010100000000100100010000000100000101000001
000100000000011000001000001011010100011110100000011001011010
100000000101000001000001001010101001000000100010000110000000
000011011000000000100000000001001000000000101010000000100000
000000001001000001000000001000000001000000000010011100100000
010111000001100100000001010101010011000110100000101000000010
001000100100010000010010011001100010010000000001100101010100
001000001100010000000000010000000100000000001010000001001001
010100011010010000000011100011011010000010000111000000000100
000000001001000000110101000001000010001000001100000110000000
001000110000000100000010000001010000000000010100011001100000
101110100000101000110000010000000000000000010010011000000000
000000100001010100101011011100010000100011000100100100001100
010111100100000101010001000000001100000000010010000000101011
010101100001001110100010010101000001010001011010000000110000
010000100000100110011000010000100011100000100000011000000000
000100100010000111100000100000100011011000001011000010000000
001001000100100000000011011000001101100010000000001010101001
000110001000110000010110000000011110000000000001000000000000
000000011000001000000000000001001010000000001010000000100000
000110001001001001100001000000010100000001000001001010000110
110010101001000010100000001000000100000000000000000001000101
010000000110000100100010000000000000000000000000110011000011
100000110100000000100010010001000010000001000000000000101000
000100000001000000000000000001010000010010101001001000000100
010000001000010100111010000000001000000001000000000000010010
000101000000111010000000000110110000000000001000010011011000
100001000001101100001000101000010100100001010110000110010001
000000000100000111000000011101000000000000001000001000000100
000000010011010000011100110010110100100000001001001000110000
100001000101000110000001010000000101010001000010001100111001
010100101100010000000011000001000000000100000000000100100000
000010101010010000100100000110001000000100010000000000000010
010001100100000000100110000110001010010001000111000001001010
011011110100100001010101001001000000000000001001100000100000
000001000010000100010000001000000110010100011000000000001001
001001000011101001100001100100000000001100010000001000000100
001100000011100000001100000100110010100010000011100100000001
100101000010000010100001000000010000000000111011000000001010
000000000010001100100000100001100010000010010001001010010010
000001110010001000000001010001000000011001000100000001000001
000110010000000010100010000000100000010100100000011000011000
000000000100100001000000100000100010001100001001000010100100
