0000011010000010000010000011100000000001010001100001000000100100000001100101010001000100001010001100
0000010100000000000000000111001100111100100110100000000100010010000000010010010000000010100010000010
0000100011001100100000011000100111100100001000000010011100100000100000000000000011110000001000010000
0000000111110101000000000000000000000110011000010100100110000001101111000000011011000001100100000100
0010000000001001000010101100000000010000000000010000000000110010010100000001010110110001010010000111
1100000000001000100010000000000000000101100000000011000010000101001011100010000100000101000000010011
1000000001100000000100000000000101010000000010000000001010010000100000001000001111000001001000101100
0101000001000000101100000101001100000000010000011000000001000000100000010011000000001000000011000100
1011000000010110000001011000011001010000000000100001111000000010000000010000000100000101100010000000
0011001100000010000011100000010010100000000000001000000100010000001000010000000101001101100000000000
0001001000000000000011000000000010000010010000010001010010100000010000001000100001001000100000011011
0001000010000001001100100000000100100000010000010001000110000010000100000100001100100000010000000100
0010110000000001100001000001000001011010000100001010100000101100000000010001100000000010000000000000
0011000010000000000000000001001000010001110001100000000000100000100001000001101000000000000100100000
1000000011000000011001000010010000110100000100000000001000011010000011000010010000001000100101001001
0001100000011000001000101001000000010000100010000000001001100000000000010001001000011100110001010000
0010010100001000000001100000000000000110100001000001010000000000001000001000000000000000001000100000
0000000000000010000100100001000000100111011100101001000000110000010000000100100000010001010000100000
0000000100010011000000000000000100010000000100001010100000000011000000000010000000010010010000010000
0000001100010000010000000000101000011000101000000001000100000000000100010000010000101010101000000001
1000110001100000000001000000100100110010100001101010010001010000000001001000000100000101100000110001
0000000011101010100010000000000010100000000000000010000001101001000101000000110010000000010001010011
0000100001010001110000010010010101101001010000010000000101000000100000001001001000110001000111000010
0010000010000000000000100100100110100100001000000010011000100000101000000011100100101011001100000011
0010100010000001000000000010000100000001000110111000100000000000000001100000000000001100000011010000
0100100100000000000000010010000000001000000100100000000001001000000000100101000001100000000000000000
1100000000000010000000101101100100000000000010000000101101010000000000000010000010001110111010000110
1100000100001101010000000010101100011100011000000000000000000100000010100000000010000000100010001010
1010000000000000000110010011010000100000010100100010000011000001000110100010010100000100001010000011
0000000011000010000000100000101000000101001000000010001010100000101100011000110110001010001000100000
0100000110000100000100000001010010101110000000110000000010101010001010001001000001000000101000000000
0110001100010000001010111011000000000001000000011000100100000110010011000000000001100000000000000100
0010000001100000000001010000001000010000011100001001101100000001100100000000010001000000000001000010
0010001010001000000000100000000000011000010010000100000010100100010010100011000000110000000010101000
0110000001010010010011110000101000000011001100000000110000010000000100111011010000011000000010000010
0100101010001111001110000001000011000000000000010000100001100000100010100101001000010100001100001000
0100000000001000000100100101001001000000110100100000100010100100000001000100000001000100010000001000
0111010000000010110000010001011000000001001010001101001000000000000000010000010001000010000110001010
0001000000101000110010000000001000100000000011110000110100001001111101000000001000000010000100011101
1000010000000100010000101000010100100100000000101000100000100001010001001001000110010010101000000010
0100010000000101100110000000000000001000000010010100010000011010100101000000001001000000000000010100
1001000100110100010000100001100011001000001000010000100010001000010000000000000000000010101001000010
0011000000000000010100010001010010100100010011010010000100010010001000100000000000000010000000110000
0100000000001010011000001100100010101000000000100010001001100000001000000001000100011000000111000001
0100001000000001000000001010000001000110101000110000000000000010000010010000110110000100101000010010
1000000000000100100010000000000000000010001000110100000000000100000000000000100000010010001000001000
1100000010000100010010001100101000001011000111000001001100000000000000001001010001100000000100001101
0001100100110000000000101000001100010010111011000101000100000000000101000011010000100011110000100100
0000000101001000011010001000000110000101000000000101100000010100001000000100000000000000001000001011
0001000000000000000000000000000001000100100001011001001010110001010001000001101010000000000000000000
0010010000001000001011010000110000000000001100000000001000011000000010001001001100000000010000110000
1000010010110000110100000000000010000100000000111100110000000101100100101000000000010000000100010001
0001000010001000001000001010000110111011010000001001001000000000000111000001000000000000101000101000
0010000010100000100010010000000000100010100000000001001100010010000000111111000000000100010100000000
0010001010000011000000010010010010000100000100100110110011000010001110001011000000100100111100010000
0111000001010000000100100010000110000010001000110000010010010000010100100110000010110110000000001000
0001011000110000000000000000111001001000010000000100001100000000000010000101001101000100000000100000
0000000100000001000011100110100000010000000100000000001000010011001001000100010101110100000000100101
1010100000101101010001010000011001011001000100000100000000001000000101000000001000000000000000000000
0100101001000010010010000010000000100000101000001110010101001010010110000000001000000000000001000001
0000000000001010000001000100001000000010110000000010000000110110111110101010000100000000101000000000
1000010000001000000000000001000101001000000001001001000000001000000100000010010000001000000010000000
0100100010010010001000000000001100000000101010000000011001011001101001000001000100000000010010100011
0001010000000000001001000000100010000011000000000101000001000010100000001100000011001000000001000100
0011001100000100000000110000010010010010100000000001000000001011010001000000010000001000100010000000
0000100000100000010000000000000101000011010000000100000100011000100100000010000000001001001000100100
0001010001000000100000010000011000000010001100001000001001001010000001000000001001000100000111000101
0001100000010000000101000000110010100010100000010001101100111100010000110000000010000001000001101110
0001010000000010000000000001101101010000000010000010101010011000000000010001001000001110000010010000
1001010000000110000011001000000100001011100000010100100001100010101000001000100100010000100000000000
1000010000000000000000001101100001110000001000000001010100001000000100010100100001101001000000000000
0100000111001001000100000000010000100100000010000000010000000000000110101010010011001100010110000000
0000001000100000100010100000011000100001000000100011011000001001000001010100100000000001100101010000
1000000000010000010000000100000000011000000000001000010111000001000000101000000001000001001010000100
0100010100000010001000010010100001100000000000010000011100001100010000010000000000010001010100000000
1000100100001101000000110100001001110001000100110110111010000010000010000000001110100000000100000000
0000000000101100010001010000010000000000000011000100000000000000000001101000010000101000000001010010
1101100000000010000101000000110010100100000010110000000001000100100000010000100001000000000000101000
0001001000010101000000100000000000010010100000000110000010110000001010000001000000000000000110000001
0000111011010000000010010000110000000001000110000010000011001010000001000001000011000010000010110001
0011101000000000000001000011010000000001000010000100000100000001000100010001000100000010000001011000
1011001001100000000000000100001110001100100000100000000011000001001000110100010100001101000010100000
0010100000010000000100110100000101000000000000110000001101000000000000100001100000000100101111010000
0010100000000001011000100000000001110001000101000001000101000000000001000010000000000100100000100010
0000000101100011000100011010010000100000000100000000000000000101110010110000100001000010010000000100
1000010011000001000010001010100000011000000010000000011111000000001010010000000001110010000000100100
0100000000001000001100010010010000000111011001010000000100000000000010000000000110001101000000010000
0001111011000000010010110000000000000000000000010000000000000000010100101110000001000010000000000100
0101000011100011000110000011001000000001010010010000101000001000100001001000000000110000010100010000
0000100000010001011001000010000000001000000000010010011000000010000000010010000000001000101000111010
1010001000000000100100010010111000010001010011001000101000001000010000000100000000100000010000000001
0001000000000110000000110000000000010110000100100001011000000000001000011011001000100000100010001000
1100100110000000000000101011100001100100000100000000000000000110101010010100001101100000000100010101
0000000100000011000001101000000010000000010100000000000000010001001100001000100010100000000000001000
0000001000000100110010000000010001000000001000010010100011000010010100000000010101010100010000000010
0010010000100001001011001000000000000010101010000011001000000000000010001000100110100010110010000000
1000001000100010000000000001000001011110000001101000100100000000000100000000010010000000010101000001
1001101100010000000000000010000100000010100000110000000001000001011100000100000000001101000010000001
0100110000100000000001110011100010100101010010001000000000000010000100000000100000010000010000100001
0000110000100010000111010000100000000010000100101001000001010010001000000000001100000000001010001110
