01111100011111110000101001011000001101001101000110
10011100010010110010000111111100100000100110010110
10000001110011100111000000110001101011111100011011
11001011100111010100100000000011001010111110000000
11010100011100110111010000011000010011011001101100
11001010101000001101111010001000001000011011101101
00010100010010010011110100111000100100100101101010
00110000111011101010110100011110010001101111101110
00110101001010111101001101010100100001101100101000
11101011001011001111001000111010100100010010001100
10001101110111100101110111100100001001101000101000
10011000001011100111100000101000111101001110111000
11110011111100101010110110001011100011111101101110
10110001011100111000101111011111011011011011011111
11101001101111011111100010100101011000111010000000
11011010100001100010001001001110001111111010101101
00000101110011100110010001101001001011000001000110
00111100111100101000010001001001001001010100111101
01101011010110111000111001111111010100001010110110
00101110111100100000011000001001100101011000100000
10010111001111100010000100101010011011101011001111
00001111001010001111001001010001011111010100011110
10000100110001010011010101111001011011010100001001
01000011101011000000101000111100010010100011100101
01000100001011100000000001100110101000011100000001
11000000101001011110011010100010011101011011101110
01100010011100101010101111000011101011110001111010
11101011110001000010011100001110011000011001110101
11001111010111011111101100010111011011010101100001
01000001101001110010000110011001110000100001101100
00010001010011010010100011111001011000101111101110
00110000000011101111011000101110010100111010100000
01100010110110000001000010100100010101110110100101
00001001000101100010111101011111101000110100000100
10110100001101111100111011111010010100101111010110
10000010010100010011010001000001101001110011111110
00111000000011011000111100101000000000000110101101
10101001101111011101111001101000100100111110010011
01110011101010110000100100100111111101011010000001
00111100010011110101011011111001110101100110011011
10111101101111110011100011010011001001100000110100
11110011100110000100011010001010111011010000011001
01010101010101110010100101000011101111110001101001
10001111000011001000100101111110001100000010101011
00001111101110010111000101111111100110001011000100
01100000000101000110010000110000001101011100001010
00101111111111010100111001100110000110010111010010
11001101010011011110110101010110111110001000100011
11100011000011001010110001100010001101010001011100
00100100000001010100101110011000100011110111000100
