00111010000101111111111111011101111111101111101110
00001110100111011111101111111111111000111011111101
10011111001011111011111111111111101111011111101111
10101111001111111011111111110111111111110111111011
11110111111110101011110110111110111110111000011110
01111010111101000110101111100111011011011100111010
11111101110110110110101111111111111001110011111111
00111010010111111011110111101110111111011111111111
01001110011110011111100110111100110110111111111101
00001111101010011111011010011101111011110100001100
00111100110100101101001100111110101101011101111011
11011111101011110111111101111101110111010110111111
01111011110101101111111010101110111011011111011011
11110101000110111011011101101111101111111001111001
10111011001111011100110110111110111001011101111111
11110011110101101010111111111001101111111011100101
11111001111011110111111111111110011111111101101111
11000110111110101000111100110111111101011001100011
11111111110111011001000011101001100011000010100011
11111001111111001010111111011111111110111110111110
11111111100110111101001110111101111111110000100110
10111001010111111101001110111101011110111111110111
11110110011111011101110110001110111111111001111111
11111111101101111101111011111011111111111111111101
11111111110010111011111101110111111111110110101111
11110111000101011011000110111111111111001111111010
01111111101111111110110111011001110011111101000111
11111010111100111101110111101101111101011111101010
11101011111111111011111101110011111101110111111111
11111111111111101101111011010011111101011111110111
01111111001011101101001111001100001111111100011011
11110110010101010111110111111100110110101111111010
11111011111111110111101111111101010010011111001111
11011111110110101101111111111101101101101110110111
11111111011011111101111111011110010111011111111011
10111001101101011101111111011111011001101101101110
10111101110111011011111111100011101001111111101011
10110111011111111110101111111110011110111111111111
11011010110001011001111110101011010111011110111111
01111111111111111101111110111110101011101101111111
11101101101011111101011101110111111111110110111111
10110101111110101001010111111111111111111011110011
11110011100110010011010111011101111011101101111111
11110011101011111100011101111101101111010110011111
11110111101101111111111111011101011111111110001111
01011111101111100001011101001111011001111111001111
11111111111111101001001111011011101111111011110110
11101011110100111001111110101100110101111011111011
10111111001110101111111011111111111111111111111101
01110011101111111110011110101110111011111111110110
