010000000010010011100000000001001001010001110010000000100001000010100010100010000000000000
100001011000000100000000000000100000000000010010000001000000100000100010000100010110100001
000001010110011010010000010001000000000000000001010000001111010100100001001100011000100010
000000001000000100000000110100011100100000001000010100000000000001100000010100000000100000
000001011000000010010000001000000000010000010101000001010010001111001000000101000100000000
011010110110010000000000111110000001010011000001000100100000010000100000101100001000000000
000001001001010000100101000000000011110010000100000001010000000101010100011000101000000101
011011000000001110100100000000011100001000000001000000100010000000001010010000010000000000
010110100000100001000000000000010100011110000000001001010101000000010010000100000011010000
001001000000100111000111011010000000000100000110001000010000100000010011100000101000010010
101001000000100111000101101001001000011010011000000001001011000001000100000010001001100011
000000100000001000100000001000000010000000010111101110110000000000100000100010100100000010
000000001110000010101010010000000100100010000000001001000101100001000000100011110000110001
101001100000001000100000000001001000000010000010010000001000011000101000100010010000000010
001000010001010000000000001000001000000000100010000110010010000000001000001000010000001000
010100010110000000001001011000001000100000000100100010001000100001101100000010000001000010
101010010110100000100100110001000001000011110100000001001000100000010100010000010111001000
100000001110000000100000001001000000000000100001011000000000010000010110001000000000001010
100000110001110011010000001000000001000010010010000010000101110000001000000000100011000011
001010000000000000100001000000001101000000101011100110000000011101000100000000011001000000
000000000000100100000000000000101001000000100101100000011000000101000000000100010000011000
000000110110000010000000010000001001000000001000000100000000110010001001001001100011001000
000000000100100000000000001000101001001001110001110000000001100000000111010110110010000000
000000100110000100010000100111000000000000000010100010001100100000000000000000001101110001
000101000010000010000001011000000001000000000000101011001000000000000000011000000000011111
001101000100100110000100100001001000010100100001000010000010000010000010000010001110001010
000011000111001101100010100001000000110100101110000001001000000000010010010010100000000000
000101000000000000000001000000000001101000010010000100001001100000001100000001000101010000
000001000100000000000001000000000101000000011000110100001000100100000001000010000111001100
101000000010010011000001011000000000000000110001010100000010000010000001010100100000000100
010000000000000000001010000000011001000000000001000001000001010100011001001010000100000101
000100011000000000000000000000100100101100100011000011011000000110100000000010000000000000
100100010010011100011110010000100110010000010010000000000000001000011000000001110100010010
000100011000100000010000000010011000010001000010100011100000100000001101110010000010100000
000000100001000000000000000000001000001000100000000010001101011000010000100100011010000101
100001100000000010111110100110100000110100000011000000000010110000010100010110100000000000
000100100000100100000000001100010001000000000001110100010000000100100000001000000000000001
100011101010000000000000011000001101000000011000000010010000000000001000000001011000000000
000000011010000000000010000100010010000001000010000000011011001100000000100001111001000101
000000001100000000000000011000010001000000000000000000000011010000000100000000000111011000
000001101010110010100000000000000000000000010000111010010001000100001100000011110001001000
100001000000000010000010000000000100001000001000101000000000000000110001010100000111000000
100000000000001011011010011001010010000000000000010000000000000000000000000000010000100000
110010000011000010100010000111001000010010001100001001000010000001100010001001000100000010
000100000010000000010100001010000000010001010100000000000001000010010110100100100100001000
000010100101000110001000001000000000000000011000100100000000001100000010100010000000000000
110000000101011000110001001100011101001000000000000001101001011000000000010000001101001001
001011010001000001011010010001110001100000000000101100000000000001000100001000000000010100
000000000001000100011011100010000100100011000101000010000000000010000000000010100010010000
001100000000010001000010000011000000100010100000000001001010010001000100001000000010000010
000000001101100001000000100000000000000011010001000010000100000001100010000000000110000110
000101000001001000010100000111000000100000000101000001010000100010000000100100100000001000
000000000001001100110001110000010110010010000000101000000000001110000001000000001000101011
010010101010100010000000101000110100000000010010010100100000101011010101000001000110001000
100001010001000000000000000000000100000000000010000001010000011101000000000010001000010100
000010101101001000001000000000010000111010000000000100100000010100000000010100000100010100
001000000010010110001001101110010010001000000010010000000010000000000000010000100000100011
001000001000100000100001000000000010000000000000001000000000000000000000000001011100100000
001010010010001000000000010001000001001100010000010000001000000000000110001010100000010001
101000001010100000100010000100100010001110001010000000000000010001000000001001001000000010
010000000100100110100111000110000101000000000000000101000000000000000000000000010000101000
001001000000010001110100000000100011000100000010010000110001000100100010010100000111000000
000010000000010000010000000000001010001000000110000011100000000100000001001011000000000100
001010100000000000011000000010110000101010000100000010110000011000000000000110100000010110
100010000000000000000100010001010000000000001000100111000000000000000011011100100001000000
000110100010100100011000000000000000000000010001011001100001000000000000110000100000000010
111101000001010100000000000000010000100001010000001000000000010000000111000100000010100000
000000101100000011000000001000101011000001001000000001000000000000000000000000000110100100
000010010000011100100100000100101100010010000000000000000000000000000001000000001001001011
000000100010000111010010000100000101000110001001010001000010000000100000000000010011000010
110000011100000001000010011000000000000000011100001000000010010010100001000010100000000101
001000000100000000000110000011100100000001000000000011000000001010101010110010000000010000
100001000101110000000000000000000110001000001100000100000000000001000001001010000100000100
000100110000000010000010101001000101000001000010000000011000010011000001000101101000001000
001001100000001001000100100000100000100000010001010000000011001010000000100000000010000000
011111001000000000001010000001000011000001001000000100010000010110100000010000001101010000
100000000011110100000010011010110101000010000100100000100010001100000011100001100000001100
000010000000100000000100000100001000011010010000000001000101001000000000010010000001000101
000000100101100000100110001001001001001010001000100100001010000111000010010010000000000010
011000010000111010011010000000001010011010100000000000000100100000000100000000000100011001
001001100110000000010001010000000010011000000010000010100101000000001000010100000010000000
010010000001000010000001010110101000000101011010001001010100010000010000100100010000000001
010000001000000010100110010010000110000101000000111001000000010000110100001000001000000100
000000001010000110110101000110000000001111000010000000000000010010001100000101000000010000
011100000010100000000001000000000100000000100000000010001100100000110000000000000000010110
000000001100100000001001100100001000000100000001100000110010000100000001000100010001100000
000000000000001011001100110010000000000110001010000111000000100000001000010010010000000100
000000100000000000000000100011100010001000000001001000110000001100010010100011000010101010
001000000111010101100000110000001000000000010000011010001001000101001100000000100000100101
010000100010100000100001100000100010101000000010000010001010000000001010000001010100000010
