00111110110000010101000101100101010000010001111100
00011110110110101101110110101000111001100100110000
10010011101101111110100111110100010000110101011000
11101101011001100110001011011011011011001110110101
11010011010100100011110111101111111111010111111011
11010010111100010101101000101010010100111010010111
11101100110001011101100011011100100010000101100010
00111000011111110001110010101011001011111100110110
11100110011001001011001001010110011011101101000110
11011111101110100001001100000100010010110101100100
00110101110111000111000111011010100010010110000101
01101101011010000100101001011000011110110100110101
01000001011101110001001100101011101001100100001110
00110011101010011010010101001100001000100000100100
01111001010010011111111000010101011000110111000010
10100111000011100001010011010101111010100000100001
01100010100001100010111000110010111000010100110110
11110110001100100011000010100000110111011101100111
00111000101001101100000011011111000100100001111110
11001111111010110100101100010110000000000111000011
01101111000100101001000100110001010110110100100110
01001001000001111000001111111001100101000111011110
00010100110110101001010011010001001000100101001000
11101000011011000001110001010110101011001000010010
01111011001000010110011000101110001100010010001100
10111010101101010010011100001111001111011111001101
11101101000010001100110010010100111101101100000010
00110010101100111011111100101101010100110110111111
01011111001111000010010011010000100000100000111001
10101010110001110011000111110000000111101110100100
00011101101010001011000111000001001101010000110000
10011001000010110010111001010010010010000000011001
01001010001010011100010100101000001010010010101001
11111100110100111100100000110001001001101011010101
01011001100111111000001111100010110011010011010100
00001100000100000110110011110110000001010100000000
00011011111100010100100101000101101001100011001000
01011001100010000100010101100110011110001101010111
01100101110111110010101000111100010010001001001001
10101101011100101100100011010010101100000101010011
00010101100000000100000101100100010001100010010100
01111011111110101101111001110100000101010000110000
00011100001000100001010011010100111010001000000100
10101010110000100111011001000000011011110000010110
11011011010101011110100000011110100000000100001001
11111101000100001010010100011011011001011101000101
10101000000010000010011011011001100010100000100000
10010101111111001110110011010100011001001011010011
00001111100010101111110100110000000001010001000100
00011100001100010101000001011001110001110000110100
