01101101011111111110111111111011101001111110111101111110111111111110111111011101
10101011110001110111111010110111110111101101101111111111110011101110110111001111
11001110100111111100100100111110110010011001110000010110111111011111111011111111
00001111011110101100100001101111101011010010110101111111001101111111010010111110
11110111011110001011111111111111010111111100110110110111110110011011111011101110
10111011111110001111111100010111000110001111001101011111011111110111101111111111
01111100101010101111111111010111001001111010101101010011110111101110101101111101
11011100111111011101111011111101011000001100101111110111111010011010011111111111
01100111001111101111111111001011101101110101101110011111111110110011101011111110
11011101001111001110011110101000111110100110110100101111101001110011110111111001
10011111110011110100111011100110110111110010111110111100101001111111011111111000
10111101110011111111100011101111111111111110010011111101100110010000111101110111
10111111111101101111100111011110001111110111101011100111111010011010010101110111
11100001111110111010110111111111101111110011110111011111111111111111111000011011
11110010101111010111101111110001101011111111011111111111011100101101111111111100
11100001001101100101111111111101100101111111111101110011010111110111010111010111
10111111110111000101111011101111011111011011101011111010111111111111110111110111
11110111111110111001101110111111011100010001101100111101111111111110001111101111
11001110110111100001101111111111011011010111011111111111101111101011110111111011
01001111100110111110111110001100011110111111011111111111011111011111101011110111
11111111101111111111010000110111111101111111111011111001100011110101011011101111
11001111111001011001101111110111101111110011110101101101111111111101111001100111
11001111111000111111010111111110101111000111111100011111101111111111101111111011
10101110110011110111011001111011011000110011011010110111011110111011111110111010
11001011111111111111011000100011111011001111111001111111101111101110100010111101
10011011101111111010011100011101111111101111101111011111011111101011111111111011
11111001011101111110111110011010011111110111100011111011000111111110111111010011
11101111000011110110111101101111111111101110110111011001011111111111111111011111
10111001110111011111001101110111111111110011110111110111111110111110111011101101
01111111001111011111111001011001110111011101101110011111011011001110100111110111
11111110101111001110111110111001110111111111111111101110110110111111111101111100
11011111100101111110110111011110011011111011111111111111010011111111010111111101
11110000111101110000111011011110011101101001111111001111111111111101111101110010
01101001011100001111100111111111101100111011001010100011111011111101101101111010
10010011110111101111111111111001110111111000101001110010111111011111011101111111
01001100111111011101111001111110111011110011111111111111110010101011110110111011
01111100011111101011011011111111001101101011111111111111011111010111011111011011
11011010101111111010111011111111101110110110001111111011110110111001111111101111
11001010111111110001110101111011111111011100111011111111011011111101100111011111
10111010101111111111110100101111011101101110110111101111101000010111111111111011
11101111000100111001100011010111111010110001111111001111111101011111011101111010
11001101110110110011101011110110000001110000110111011111111100100111111011110111
10010110011111111011111111111011010111010001011101111111111110111110011111111111
01100100100011111111111111101111110110001010011001001101111100111111110011100101
11111011111011011100111011111111101110111100011110111111101111101111011011111110
10111000011101110011111110011011100110111111100111001111111111011001111011101011
11000111101010111111101111000111111111101011100100111011101111111111110011101111
11011111111001110111011001011111100111011110111011011010111111111101110010111011
01001001101111101011100101111111110111111100110101011101110111111110111111111101
11010111000111111011110011111011101111111111010110010110110111011111101111101001
11011001011110111111110110101011011111110010101000010111111011001101111111001101
11111111101101111111101111111101001111100110101111101111111000111100101110101110
11010100111101101111111011110111100111111111111110010110111110111111111011101111
11111101111111100111011111001111100110111111110011111011100011100111110000111111
11111111110011111011001111101111111111111110111101111101111110101001111110101111
01011111110111110111111111111101110111111111111010110110101100101111111111010111
11101011111111001110111010001010111101011111111111111111010111110111111011111111
11101111100011111101010101011111111111101111010111111010100101110011011010011111
10110101111011101111011111011100111010111111111100111011000011111111111011111110
10111110100101111111011111111010101011001111111111001011110001011111111101011111
11101111100111011111111111111111111111100010111111101110101001111101001110111100
11110110011001011111111011110101111010101000111111100100111110111111111101111111
11010110111001111110111111111011110101100111101110011111111011001110011111111111
10111101111111011101111100111011111011111011011111011000111111001011100111110111
11111011001011101111011111111111111101101011111111111011001111110100011101111101
11110110001001111101111010111111111010111111101111111101101111101011110111101111
11111111111011011111001111111111001110011111101011001101111101110100111001101101
00111100111001111011111101010011111111111101111101101111111111010100110111001111
11101110110101101011011111111110110101110101011111111111101101010111010110010111
11111001011111111010110101111011101111011111111110101111111101101111101110010010
10101111101101100101111101111010111011011110110011111011111111101010010101110101
11000111011110111110001101110111111111111010000011110011000111111101111001101010
11111101111000111111101111111101000111110111111111111011111010110101110001011111
11101111111110111111111001111111111011111111111011101001101101111111001110110101
00111111111110101111111111001111111101011111111111011110101011111110001101011101
10110111111111111011001111110111111110111110100110000101111111111000111011101110
11111111111001100110101111011011011111111010111111111110111111101111000110110101
11111111100110111101110010011111001001100111101010111111111111111111101011111000
01111101100111011111111101110100111111111110111100011111111101110101110110010000
11100111010111011111111011111101001111110111011111101111110101111111101011101000
