011110111010101111101000001000001001111011111000011111100111
100011111101111001100001011000111100001100011110111111000100
100011110101100101111110111101010000000111001010111111011100
100011001011111000101111101000101111100100011110111100011101
111100101000101100011001110111001100110000110000100000100011
011100001011011011011111010110010000100111010010111111011011
111010011110100010110001110100111011111010001001001000011111
111000100000001110100001011011101100101011000011110110111010
110111100100001100001001110110111010010000111111001001010101
011000101011101010100000100101111010111000101010001110110000
100101100100011100100100010101101001101010111101001100011001
011101000100011010000000110101110010000110010001001101011001
111110100100011101111000111100001111011111110100101110111000
010101000011100101010110001100011110001010111110010101110111
110111011111100100100011011010010110100011110011100000110110
101010011010111011000101011100000000000111000100100010110011
100001110101000101010111001011100001011110011110110001001001
111001000000110110101110010010110101010011000000011110101110
111100110110101001001000010101111010000000110101100101001001
001011100000110010001010110110000111110010110110011011011111
101111001000100001110111000101111000011000110100100100111010
001101000010010111001010001011100001001011111101011111010010
001101000000011011011100101100001100001110110111011011001110
010111111000001110001000101111111010001000110000110110010101
001110101101100000010011011110111111100111100000011000010000
011011111011101101110000101111010000101010011111010100001101
111100010000111110000111110010000001111100111011100011011000
001011101111110100111011110000101010110001110010100000001011
000011011000001011010101111000101111110101001011011011001000
001010010111000010101101010000101001111011101011101101001000
010100111111000011101101100111010010111011100101001001101101
011001101101011001101001110000100011101000000110100110011001
110110111110110000101011100111000111000000101011011011100000
010110010000111001010010100010001011111001110101111000100001
000100101101111000110001100110111100000011000110000000001111
100100100010100011010100101011011100000011101100001111011101
100111110110001000010000111111110100011100011111001100000011
100010101100100011011000001111100100100001110001110010001100
110000110110110010001111011001110100100011110001101011001001
011101000001100110000010101010000000100001111011000100010111
101001110011111111010110110001100011001001010100000110110111
101001010000101101000100100111100111011110000110011011011100
100010001110111000111111101101101101011100001101100101110100
110111001011111010111111011100000100111110001010010110110111
111100101110010010000100011011001001100100110010101110000110
010100001010110110111110010000110111100011100000011110111110
011101011100011010010010011111011010100101011001010010111111
000000111011001000100110011011101100111100100010000111100100
011111010000101110101001001101010100011000101000010001001101
111101010000010011010111110010001100010001010110101000101010
111101101111100001010110100011101101101001001100010110100110
111101010111110001101101010001010001100110111101001010100110
111001010100100101010111001010011001011011011111001100011000
111001001001010010110110001011101001001001100001100000101010
100010010100111101001000000000101100000010110111011101011110
001101111111111100011101101000010001000111110110000010100110
001101110011100011111010011111110011011001000110110011100110
111100101000011001010011010000100011010111111111101100111001
100011110000011101011110000100000010100110011110011101111001
100111101011010110110001010100110111101110010010100000000110
