000011010110000011110111101111
000111110100110110011110010101
000101101100101101100001001101
011000110000010111010100010101
110000010110001001010010001110
111000010100000010001010110110
011100000011011001011111101101
110111001000000110101000100000
001000010010001000011000100110
111011000000000001010011101111
100010101001101101010011000001
000000100010011001100011000001
011000000010011111001111010001
010100100001100000101111001011
001010101011100111101111011100
011100010010101000111110000010
110101010000101001100011101111
101110100111101010101010110110
101000010001011111000001111100
110110101110000100001110011000
010001111000111101010111110010
110100100000111100011000101110
110011100111111111011001100111
101000100111111010101010111001
100001111100000011101111011000
010101000000101001111001101111
101010100100011010110101110111
111111101100001011100110011010
100011001100010111001110011100
111100100111110010000011011000
