00010011000001011011001110000000111010011101000111011011110001111011001010001010100010001001101111011010010110100000011111110110011101100101011111001010111001111000011111011111101011110100101101010101
00111011001111001000111001110100010000101111001110000000100100000011111100100010111111000010100111010100111110000101001010000111000010010111100100000110101001000100001000010111100110111011000000111110
01011010100001110011110001010101001001110110100101000000001011100001010000110000000000010100001001110110001000111010000001110110011010100000111011110111001100001111010111111010000100011010111110110011
11101110111100111111110110110000101001110010100110001101100110001100110100101011110010111101110100111011001110100000011001100000001110010001000010000001000010011111110001100011011010101011011001000101
01110010000111100000000010100000101001111010110101111011110111010101000110100000011011001000000110011010100000111110001111100111111001111110111011110010111101101001000100000011001101010011000000001000
00010011110000100111001111110111011110111001100111010000010011111010111000101100011100110111011001101011101101011100011111001101100100000101011010010101101001011110111110001100111111000010000010001100
11111101111111110001110011001111100010111101010001001110000000111101001010101000101001110111000011111111100001100011010010111101000110010111011001011001000010110011001010000110011101010110011110000001
11000110111000011001011011100110111101101010110000011001110010111101111000011110100100111110011000100110110000100001110010110100100101101010010010000100001010001111101110001110011000010001011000011101
00110111010100010101001000000110010100101001101110010000001000100001111110110010101010010101100011011100110101011010000101110100001111001001010000111001011001001011111111110100101011110101101111000001
00010111100110001001100110001011110000000010110000000111100001111011010101010101100111100001111011011010001010011111001100100100110110001101010100101001010100000101100110110110101001001110111001111100
01010011000010100100110011000011100110111001000000110010111101100010010101010000010010101111101101111111111000111010011000000000111011111110101100001110000100001111000110011010101101010010011110111101
01011010110010000100111011101011000101000101001001101110000101011101001010010100101111111010000111010110001111100110111010010101001001100010000001011000001000001011011101100010010011000011100001110000
01001010011100100000000001011110001110001001011001010000111110001001100110011010011001001101101010111011100101110100110010011001110100110011011000001101010110000100011101101100111011010101100011001110
11101010000000101011100111000001100111011001011110010011011001000010101100100010110100101111011010000000100110011001010000110000111111111111001111111100011000111000010001011000001000101110000110111101
00111110001011001111101001001101110100101110001110001111101000000101011000110110010111110011000000111110110010110111110000000110110010111010001110000001010001101001000110011110000110010101101100101001
10110011100000000101011111011000101101110000110110111001001011110111110100111000011001001101110011011111111111111011101011100010101101110101000101001001010001000111111000111100011011101000000101010001
11010001010001100111011010111000010110100010011110101001011010010001110111100000000011010010100100110101100100100000110111010001111100110100100010001100110000101011001110011111001000011001000000010010
00010100101100111000011100010111100100011111011000111100000100001101011010101001000011101011011000010001000111100000111100101101000110000101001101110101101011001011011010010000000100001001001011110100
10110100000001101001011100100011010010110010100011111000101100010100000010111010100010000111001001110001010001101000011011011010110101100011101001110100101001110100100011010010100111101100111010111110
10110111110001111010101101111101111110001000100001101000011011010110000100110010000000111000011010011001111000110111001110111001010001101110101000101110101010110011011011101001111101010011000100111011
01110010011101100001011111111000111000001111001001101111010011010101101101101111110110111001110110100110101000110011111100110001000111001001000100110001010111010000000111011100110111000100101001100101
01110011001100011110100100101001010001010001110110000000100110000101110010101001100101101000111100101000001100001011111100100111000100011110010010001011111011100000101110011001010001111101111011000100
11000101100100111111100001111110101010011100010111001000101110010011110111000001010001010111110001110001000110001111001010011001111001110001101000010010001010111101100110111000100100110111111011000011
10010100010001010111110011100110100111100100111010000011000111101000000101010000000000001011110111010101110111110011110101111011110101011110000110100001111111010011001010000100101111110101010111110011
10011111011101011000100101010100111110011000100001001100010110000101010001011100111001110101111101000110000101101010100011001111001011011011111000010111100011110110011001010011001100110010100111110011
01100111001111110001101110110010011010100100000011101101011111011010111110110010010001111101100101011111101100010110101011111100101110011000111101011011011011001000111001011010110000111001010010010101
01011101000100001011111101001000100111001001010000111010111011011101110010011111000111011010101110110110111000000101010100010110011010010100000110110100001110000011101101111111001000110100101011010001
01110100000010011101101011000010100110110110001000111111110100101010010101110000011110001101101110010100011100110110101100011100111010010110011001101110010010011111110111010111111000001000101000001011
00000010010110111001111000100001001010111111010000010100111000100010100001111011011011001000100111101010100011110110001100101111110110001100000111011000110100010100010010101111100100101011111000101011
01100111100010100101001110000000111011110111111111001111110101110100111001100001000001011010011111000110100010011000000100111111110001011101010101101100001111100001011001001111100000010001111001011101
00000111111110000110001101010000111110001001101000110011100111111110000101010011110010100100010100101101001110001101101111111010011101101110011000100111111011001100110001111010011000011110000100011001
00100110011101100111010000001000001011110110000000110010111011010010000010001001000011100100101110000011000001000001010010000010001111101011001010010110100100000110111011010000101110010010101111100100
10011011011001110101101110110110001100000001111111011100011010110111011001111110000101010011000101011111101101000011111101010100100100011101010111110101001100000110001011010001101101011101101110011110
11000101110000101011110011000110001010001110100111001001000111000110100011011101100100010101000100001000011111101110010010011101110100011010111101010011111111010110000000011010001111010001000010101010
10111101000010010001101011001111110001010010111011101111000000001011110011110010001110010001110001111101010010001101010001000011001001011111011101010110110001100111011111100111100001101011101100011000
00000101101111111101000110110010100010011010101100100011000111010000011011110010111010011010110110100001100100110111100100110001110000111001100100110110001111101101100101100011000110100011011001000111
10000110001011001011001111111111010101111100111111011110000000110001101110110000110110101110101100110100001001111010100101101010110111111011110010100111111101111100100010011110010000010000001111001011
00111001000101010000010100100101001010101111010101101000101110111011110111001100000010000000001001011000011001000111101010011011101100000000011111001010110011110100111110100001010000100111101010110001
01111111101000111010000101011101000011000000011100000000111100101011010111010110100111011010011100111111110010111100001101100011101010101010111111010101000100111110010110011101110010010100111111000000
10111110001001010110011010011101001110001101000001110100011010000001110101110100010010101000001001110110100111011010100101000111011100010001101011011010010000111111011100111110000010101100011100011111
11001111101011100101101010101010010111010100011011101101100001110011111001011001010101100000001011111100000100100110110100001100000011000111000101010010010111010101101110100011011111010110010000100110
11100010000100100100101101011101010011011001000011110011000011010100000011110000000100000100110000111011110000111100100111111111111001000101101001001100110111111010010011101101000000100001010010001100
01111001010000101110100000011101011101000001111100111011101010010010000111011111101001010000001110011110001000101110011100011111011100101001010000001011011100111000001101111100111010110110011001011100
11000110101111000100110000101110100001010110111000000111011101111101001101001000010110010101001000100010001110010101100110001100001111010010001000010111111100000111111111011010000100001001010010000101
00111101110000010011010110000110111110000011011111001100000110010000010010111001111001001101000011001110001011001101110110000100000001110110101001100110110100101001000011010011101011111100010110001100
00001011010011011100011100101100101011101011100100110010001111101011011101000111000010101110001100110000010010110110101000101101000110000101000111000111110010001000101110100001000100100011000101010010
01000000100111101100100100010110101110101011100010100011010000111101100010110100110101011001101101011111101100000111001110100101111110010100000100111110011001011000111101011100000010001100010001010111
11111100100001111000011000000100110111100010110001011011100011101000100001111010010110000110010000111000110100111101100001011001010100110001000000111100101100111100010110001011101000011101100110100111
11010100100001111010011101000100111010001100101001000011000000011111110101001000110011110111110001011111110100000000010000101110010010100100010001110000001110000101011111100001101001111100011001010010
10101110000110000011101011000100111011011100100110111000111001000000101011111101100101100001011000011001010001001000111010001011101101011111111110001100111010111011101100010011000110100011000001100000
00001000001100011111100001110011001101011110011001000100111101101001100101111010000001111100111000010100011011001010001100101011110110011100001011011101000101001101110101111101100010001100011101111100
10001101101011010110000000111011100010010110010101000110110110001010000100101101011010101000101101010100100101010011000000010000101000011101110001010101011100101011011001110100110001000110010001110000
10011011000100111111101011110100111011001010100101000011110000000000110110111011101110001111010000110001000010111110000000110111011001001100100001101100001000110011110000010101011101010001110000000101
00010010010100100100100011011100101010011001100000110011000001100111110000010101110101111110111001000111000001010011011101011101000011000110101011000101000101101011100100101011101010011010100110001010
10001010011101100000100100110111001110000111011110011100010001100100110000011101001100011010000001010101000110110111010100001110011111111110101101001111000101010010000001111101000000001001101001110110
10011001010001111000100101010110011100001111001110001100001001010010110011111000101100011110101110000111111011010011111111010100011111101111111110000001111011110000010010100100110001110011001011101101
11011001011010100010011000111111000001101010000101111000011011011000111001010011001100110100000100110010111010111100100111110010011001010010011101001110011100110010100000000000110010100100111011000111
10001101001011001001100011111101100000110001001001111010100101011011010000100100100101011000111000101000100001100000100101000100111110011010111010100000011000000110000010101101001101110000010000111001
00100000101011111011001001101001100001110011010001100001100001001001111001100000000010111110110100000101100100000100111001010001001001111001100011010010101100001011011111011011110000100100101100111010
01011000001110000110011111010110010101100001110000110000010011110010111011111110110111110000110110101110011000101111100101010111011101000110011101010000110101001011000110101011001111101110111001010011
00111101000010011001111111100011110101010110110100010000100101111001011110000111001000010101011011000100010011000011001000100010000011110010111000001111001110101001010100111100001101110101101100000000
10101100011101010001100101100111010100001101010101100111111110010110101011001111101011011110101100111100100011110101101111111111001001000000100101000001111011110010010000100110010010001111000100101101
10100111111000010000000100011110100011101001011100100110000110011100000101000001110010011110010001010010011111110100111101110011101110010000111000011110110110100111100110100001101001110110011110011000
10001111010100011011101001100111100111001111101010000001110111101111101101110010001001010000000001010110100001100111011001100001100111011000101011100110101101001001001000010010110001010011001011011010
10010111010110000100000101110010001001100001011110110000111010110110001110001101010101001001000111111010010000110011010111000100100001011000001101011010110000000111100000010011100001110001001010001111
00011011000100110111110010100110110000000101001010000110000001111010110000011001010011001011101101110000111011101001111101001101001011101110010000110100010010110010010101011001000000010001110101011010
11000100011001010001001001011011111001101010010010010101010101011101110001101111111001100010011110011101000010111001101100100111111001010111110011010011010101011101101000110000110000011110001000011011
11101011110110111100111010100000101011111001011010100100011010010010111110111100001010010001101000111101001001110011101001100110001010101001011100011110111100010010111110100111001110101000010111011111
01010101100011011000111001101100011011011000001111101111101101010111011010010101111010011000011111010111110101110101010011011100100111100001110111010010011111111010100010001000100110111000101010111111
01110101111000111100011011110100101101111000110010001111111110000111101000101111110101000011011001000001000110100011100100000010011101000011000111111010001100110110101000011011001010111000001011011110
11000111100101100100100001000100100110001001010001000000101111011001110101011000111110100000010111000111011111010011110001011111001111010111010001100101110111110010010010011111011110111011011101001101
01011000111011011001101101010010000011110011010010111000000010111001001011001000100110001100001100111101010000001010110100101110110101110000110000001011000100100010011100101100101000111101000101101010
10001010100110001110011001100001011111100110101001001001000111001001100101001111011100100001110011110011110100110100101000001111000011001110001100111111101110111110111010111100011110111010001111100010
00000000011000001000101110011110111101111111010111100001101101110010001110100011011110111000110110001111010101010110101001100010111010001001010011011100111000011000011111100001101111100111110001010101
01111110100001111111110001011100101110010100101101111001011100010011010001001001100110010100111011110000111101010010010000010011101000101111100011011111110010011100110100101000011001001011000000010001
00100001111110110011000111111010111110111110101101101111100100010101101000000101010110001100100000101001100111110010010100010011001001111100010101110110011010000011111100111011111000010011011110111101
10010111000010010110110010101001110001001011100111111011000101001111011110100100011101101111000111010111111110010011110011010001100110000000111000010001000000100000010001101110010010011111100101001011
00000101010100100000100010100000110001110010011001010110010111001011110010011011010000000011101010000010011110010101001000100110000110111010000011001010110101100111001110010000001010010100010101000010
11010001100011100011100001101010101100100010010100101000100111010010010011000100110101001101100111101110101111110100000000110000000101111011100001100011101100100011111110010100010000011100100001011101
00010000010000000100111000101111010000001010110001011110100011101110110011110100010011001000110111010100011000000101000110001111001111101010100001111000101000111000001110110110001100110110011001001010
11010011110101000010110010000010010110100010101011001101010101100010111100100010011000011011110111011001010010111100100111010001010101001101110100101101001000101100001001011111110100111001011111111111
01011100001011110000101011011010000110011001101110010100000100101110111011011111101000101000011101001011000011100010110000011001100100110011101000110010110000100101101001111101110010011010000101010111
01001110100110010000000010011000001100000010100000011011100011010011101011001000110111111111010101010101111011101111110000101101110111111100110001111111101110100010101000011000010101110011100011111110
01000101010101100000110000110000111010101101001101001111110100001000011111111010001001011000000101010000000111111111111110111001101110010101111100101001010100101011101110001101011010111110011101000001
11011000111100101110100000111011001111110001010110011000001101100101101101110001001000000111100100000111001101101110101101101111100000010000000111000101001011110010010100001111011001010101101001100100
01001010010110111100011011101101100000101010101011100100010101011110010000001011001100011101101111110110011001011110001110000011011110101100111000011101001011010001110010001111001001000011110101001011
00010111011101100101110011000011000010011000010011110100101100000010001011001000011000001001111101000101101111000100000111101010001000001001110111100111001100110011001001100111011000000111001110111110
00110111100100101001101011100100111100100011001010100111111111110001100001100000101101001110001000001100110100011110001111110011000000010000000000111011111110011010100011010110100010000011000010111010
10011001001111010101110101111100000110110000111000111111011001101100100101011011111101110101011010010001110110001010001111011010000100110100110101001110001001011010001011101101110110110100010010111110
00110111101011010010001011010011010010000101110110101101101011100000000100111010001011011011011100010011001101010000010011000100111000010111011000100111111111101100010100100011101000100100001001011001
01000111001101101110001100100100100110100000010110001111001001100110010000001100101010010100100010101010111011000011000111100010111100011001010101011011001110010100100110001110011110000000011010010000
10010110111011110110101111010000111000000001101011001000000010001101010010001110101011101100101101000111000110110111000100000101100010110100000100000110010011011010101000000011111011100111000001100110
11010000111010011000111111111001001110000100001010110101011101000101000011110111100011100011011100111001000011100010000100001111010101111010010100110100010000011011000111111011000011010100010110111001
00010101010001010101111110000110001100100100000111101100011110100010111011100001111000101100101011110001010011111001010110111011101000100100010111100000011000100001101100111011110101011010101001011001
10100101011011000111010010110101000011111011011001110101010011000111110100100100010001111101110101101100001111100111111010101010011000100011000101010010101001101110111100111001111101100011111101010011
11011000001100001000110111111111110110100010011000010001101101001110101101001011111111100101101001100001100111110010000111000111000101001110000000110111001111101001011100110010110111111100110011101100
11001010110111010001100100111101000100001010100000000001000110001010101011101111100001001010010000111111011111110111001001001001011110000011111011001010001011010101001001111001011110101010110101001110
11100110111100010010001111001100101001011000101010010110000010111100111010101011111101100001011100110000101011110110000111000100100111111110101101011000101011110100010001010000110010010110111110011001
00110111001010101010111000101010001110111101010100001000110101001101000110110010000001000010111111000100000110100101110100001101001111111101110010011001001010000000010111111111100101110111001101000001
11111010111110111111001101110000101011111110011111111010100001111111100110101001101101001100110011001110111101110011110001110010001101001001111010001011100011101011000000001011011101000001011110111100
10011110111010110001010001001010111001101110101111000000010101001011000101010010110000010010101010010011001010001101011001000111110011101000001010000000101000111010110010100101010010000101000010111101
01100011101100111000100111110110101010111010101010110111001111010011101101001011001011110001001010110001001011011000000001101111011011100010110100001010110100000011000010001111110010100110011001000011
10111111011110110000100011101101100000110111101010000101100100111000101011001110010011000111000010011001111010100111010001010110010110010011001110100000101011101111101101110100010011001110100101110100
00010110001010011111001101000011101100100100001011001111001000000011111111011000111010101101110110001110011001001011110010001111100000001111001100100111110001101000100101100100110010010100101010000101
01001111101011111001100101101100100100110100001110010001111001010100100010111010001000111010000101010010001000010110100010111001110000111101111010101010111000001010111111011111101001110001101110101100
11000001101000110011000100110000011001100100010111100001100110101100101111101101101001011010010010010011001101101000100001111010000110100011001000111101111111101111111100010011101110111010101010010001
01110100011100010001110001110010110011000011101000100001100100100101001000101111001011100110001011011111110011001010110010110100011111110010101001000011110011110110011000111010101010111100000100111100
11010100100111011100011111010010110100011001001110010010001000100000111011111110000110111101001110110000010011100101010101110001010101100010100101000001100100100111011111000001111000100011011110101101
11010000010101110100001100001110011000110001110000101011100011100110011000011110111100101011111111101110001100000110011000001010001010010111001100101111111000011110011100000100010101110101001010000011
00000110100110010110000110001001110011010000100001110101010011110101101001110010011111100110111111010101011100001010001111101001110101001110000011100000011011000001011100111101011000011111011010100011
10111011001110111111100110011000010110101110010100001010110101111111110010010010111110000001111111110010010100000101101100101001001000111100100001111001101000010111010111011111100101000101011010010101
00101100111011110001100101011100000110110101010100011111100001101011101011111110100101010101010111010100100000001110010101011111100001010000111110110011011011110011001011111011110101111011111101000011
00101100111001010010011010000110011010110110100101101000100100000110000100000000101111011000010000001101011001010001011010001011011000101000010001111011001010101010111101010100100101000010101000110001
01001100010110100001001001111010011101101111111100001010101101110000100011000111101111110001001011101010100110110010100101110111010110101011010100111001111001001111001000101100011011011001111110011000
00101010111100110001111111011000110111011010011000111111000110011001011101111000011111011011101111010011101011010100110010110110110000000010001000000101110100010000101111101111000000100100100010100101
01000011010001110001111100100011101101000001101100010111000111011111111000001101001100000011011010111011000100101000001110001000001100011011011111010011000000010100011001001001000111110001110100100000
00000001000110111100110111010010100111011101110101000001111101100111011111001000111110000000001000110001111000100110000011111110001101000111110111101111000000001100101000010110010010110111000101001110
10010111001111101110110100100001111000001010100011000111001000111100101100111000011100000100011000111011001110011010001111000000110111111001011110111110010010010010010011010101110000100000101111100101
11011100011100010111111001011010100001100010011001100101001011110111000011000100000111011000001010001000000011101001010000001011001000111011010111100101101100101011010101010111010111110101010100101011
10001100110000001101110100111110100110111111101000100111110101101110010100010001100111111011110101100000000101110101010010110010000110111001110001101010101010110101001001110001111010110011001111111011
11001111000110011011001011000011010001000101101001000001100001001000100000001001100101111110011101000001101001001011110101011000010100000011010111010100101110011001000011000100010111001111011000111001
10111100100000011010000111000010101010110100000100000101111101111101101001001000100010111110000111011110010101010100110010101111111110100011100010010101110010011101000101000011000100101000011110011101
10111011110001010101110101001110000110100100011010101000100011110011000101000110001110110010011000010100111101100110100101000000011110111001000010110101000101000011000001100000000110101010000100101110
10100011100111001011101101110110110101000110000100011101101101100000101000111010110100011000010000010010111100010110100110001111100111001101111101011010001011111010000101010010010000011000101101100000
00000110000010000111001111011110010011001111010111100110000001000100101110000001011110101000111010100101110011111001101011010011011000010010011000000100010110001010000110010010111100111100110010100100
11101111110100100100010011111100110000011111111010001111010101001111101110000101001010000101100101101111001000010110100001010010110001010110101100010001100101100111101110100010111110010110010010111011
11101000000000110010010110101111001011110110000011101010100111100011011111110101000011111010111100011111010010011110101101011100111111011101110100101000100000101000001101110111101000111110110001110000
01001110000110001101111110001100011101110110011101101100001101110110001010111001111111010001110110101101100101111100001001011000010110000011000011110011110111001011100011010011010000001111111010101001
00001101011011111010001101011100110111100100001001110000010000111010100101101000011110000111010001001001100001010010010001010110000001110000110101100101111001011001100011110111010100101001000100101111
10101000011011101011001100111110010110010110001110101011110100000010010101000000101001000110101010001110101101001110010011101111000101100111000101110000010111010000001101111011111110010111000010001100
10111000101101011000001011110011001001110111001001011011111101100111011001110001000101100110011010110100001010101001101001101010000101110110100010010011010100110100111000011000000110111101110010001001
10010111110011011110110101001011110011010011011101100011010100110000111100001111111101001010100111110010011101000101110111110011011000110111111101001000101011010000100001101010001100110010001101110110
01110010111001100100100011111001000010101001011010100111010010110101101011001101001101000001000011101110011010000100010101110011000000100101101110100010001001100001011000001011010011010110101100110110
10001001101101010011101110000111001010001101100001001111101111011110111110010011101000000000100101111100001101010000110000010110111000110011100101110000001101010010101101110010011001001000001110110001
10101001001111111011001000000011000110100010100110000011001010000101100100110111011001001001111001101100111100101100011101100000111111001111101100000101110100011111111101011000111001101111101100101001
01011010001011111000011111110100111110010001101101110010111010111010001100010110011110011111100001100010101010110001011100101110101101000111000000000100001100000000111010001100001011010111100111001101
00001001111001100001110111001111111110100010000001111011011000011101000011110111101001100010100101111001100001101101011100110010000000100010000110110110100111001100110010011100000110100010000110100110
11001110011001011101010100111110101000001100111011111111000100000110001010110000101101001101010101100001100011100000100000010110011110110011111011010011001010110100011101011110101111111110101011101011
01001011001111100011010110010011011010101001100001000111110110000110011010100111010000000100101111000111011111000111101011001101011101111100110110101011100100010000101101100111000010011000011010010100
11010110110011010110101010000101101110011110010101010001001000000011111001100010110100100110001010110011110010000101111111110011010111110100100000000110111101001110111101100101100000001111001001111010
01101000001000001011001011000000010110110100100001011111011011110010100100101011111101101000000011110100101100110000100101010110101111100111000010010100011010101010110011100100100010010001010100001100
10101111110010000000010011010110111011100010000011010001110110100111101101011000101101101110110010110100100000011101111110011010100100000110000110101101011100100010110001100011110011100011110110001101
10101110001011100111001011010011011001110101100001100111110110111001000010001000010101000100000011011011111010010011010000011100000110100100000011110101001110110100101010111000010010101100010010011011
11000000011001110100100101101100111101101000011001000011100101001001110010010000100110101011111001000111000110010101111010010110110111101010010000010100110001001000111000011110101001010110010011101111
10111101000001101000010100101001100011110000010001100101011000010010110001100100000010100000010010111010100001010001111011100001001010001110111001101110010110110000000011011010000111010000011110010110
10101010000101010110000001011100111001111100110010111110101101011010111001110111001010101010011011000000001101101001101110010001110101000100001010010000000011000111000100111110011111011001110010111110
00101000110001000111100100110110100110000000101110001000010000010100011010010011111100110100110100000011110011111100111100100011110011001010011010010010011101011101110001001100111000011110000100001110
00101110100101000110101011101001111100111001001110110000001100101111110011111001011001010010101101100000010000111101010011110101011001001100101101100011000010011001111111111110100111011111111111100000
10000010111111011001010001011100000001010110001101101010100010101001010111100101101101011010000011110100110010101100110100010010000100000010010010000111000001001010100101001000001100110111001111100001
01100101001011001111000010110111101110100101111101111110100010110101001011110000101011101101100100000001010010000010111011101000100000111001111110001000110000000000001000001001100000010010010100010011
11101000001000000001011011010011011111011011111000000010101010111011110110110110011000111111001110010101101010011001110100010001001010001111000010111000101001111001100100101111001101000001110000100000
00110110110010110100110111000010110010100011010000110111000011000010001110101010101111110110000100110001011110111111101001100101101000100110011000011000110100011001101110001010011011001010001110001000
11001100000000001111010110001011011011000101110101000001001101111001001011100111011000010100001001011111111110100110001111000111100100101011000100000111000111100111110100000001100001010011111010100100
10001000110011111000110101011010011011011111111001010001110101101111101001110100010100010101110000000101111011010110010001001001111000100001110110100101000100010001001111001011000010001110110111101001
11101101100101000111011101100110110110000011001111011001111011010001110011010011101011111110011111101010110011111100001110010000100111010101111000100010000010100000110001000100100110011100001001011110
00101000011010000000100100101101110110101111100110110110101110110011111110000110001100110110000100000100010100000010001010101101011001111011011010100001110000100110100110111111010011001101101110101101
00010011000010000101111111110110010101001100010011000001000011100100101010110000001011010111000111110010011001011000010111011001010100001100101011010000101000010110011100000101001010111100001001110001
11001100100000110110110111000110011111001100001000100111000101010010101000000100000011001101001111010011011001010100000000110101110111001001000101101010100000110100111100000111010000000100011110011001
10001010000001101011011010000100001111110110100101011101100011100100111110001111111110100100011101011011011100011000001100010110001010000100111010000010101101000000011111100111101100101000011001110110
10010110000001000011101110011000010011111110001101001011100001000111111011100001000011111011100011001000001010110011010111010000111101100110001010110011010011000111110010110100110010110000110101011001
10111101101101101100001001010010000110110110111101110100001110010010100011100001100100011101101100011011110010001100101011011011100000101001100100111011000000000100101001010100110101011111101100101001
01110101011010010010001010011011111111111001000110100000010000101010010010100100110000000110001011000010011110100101100101000100001000101101001001100000100111011000100001010100001000010000011001111110
00110111101100011101000110110001111000110101000001011110111101101101111110010110001110111001101000011110111110111100011000111101000001100001110001001000100110010001101000111001010110000101000111101110
00111011111100111101001100110100001100011001100011111100001110111010000000010110010101100000110110010110010101110100001111100101100010100000000001110011110000010010111100000100011001110000001001011111
00010101110000010010011001110011000111001001011001101100100000101011110010110010011101010011011000001011110000001010100000000101101101111011111100111011101101011111011001111100011100000000101001011011
10110100100111010101000011011111001001110101001110111001001011000101001111111010000011000100001101101000111111101001011000000000001010111101110100110000101011110001100101110010001111101100000111101010
11000111100110011101010111100101101001011011011011010000001000010011010111010111111100101001011110000010111111011111100100000110011011110111001100010101010011101011100100100010100011100110010010010001
10101101111110101000111000110000001101111011011111100100001110100101000101110111000110000110111100100011110111101010001001011110010001100111000001011011110111100001011001100100101000010010110111110000
10100111111000101111111100011001101011101101110110000001011100100001101011000111000101011010100000101100100100110010010010001101100000011000101010010001010100110000000000110011111100010000000001010110
10110000100111000011100011110111101100000111101010110010001000000100000001001000110000111000100011100011100100111011011111110011110101100111110010111000011000101100110100011111001100110000101011100001
00110000110110010001001000101010001101011110010010110111010111100011000111111001010000101100111110101011001001010110000100100110110101000011111001010010000100110010111110010111011010111101100010111111
11100000111001111110111011110011110010110011101001111010001010011110011010010111111000010000111111100010111001111000111100011011111001101100001111010000000100011110110011100110111101010010000111011100
10100101001011111001111001101110010010110111001100100110011110000100111110111000111111001010111010110100101001110111000000000000011110111100001111111111010100000010100001000001000010010001111100100010
11000111110010111000100100111100001010110110001000111011010011000001001110001011110111111010000000101111100011101110111010000010100000011111100101110010001111111101100101110000010111110001100110000110
11111011011100101010000011111110011110011001100101000100001101011001011000011001100011110111110100110100111000110010101001011111110111000110010111010011010101100000011011110000000001111110011110101111
11011000000000001001010010111100101101101100110111101110011100101101011001010000110111101101111010111100110101110011011101000011110010000011010000000110110111100010000011101000001111100100010101011001
11000100111010000011101101011101101000100010100110110101101000111010100101010000110000011101011101100101111100111000010100001110010000100101110100110100101000111000001110010000011001111011111100111011
00010111000110010001110001010010000011101010000000011001101001010010001010111010111110101011011111011111000111010100111110011101110011100000011001100001000101011011100010110100101101011110000010011010
10011111111011011001000110110011110000001010100110001100010110100001011111110101000111100111001010010000111101000100000100001110010101110100000101101011000010100101110111110001110111101100000011011111
01101110001000100111101110001001110100001001010001001000010110000001101011000001101000001010011110110000010010111001001011101100111100001100000011011010001000101010110011010101011011110101100100100100
11010100100110110010100100000001010100111010101001100100100101000001111011001100010100011011100111001111011000000101101110100100011010011110111011010001011110010010011000101101001100010100110001100111
10001110111110010011110100000000111000001000100010011001010110111000000001100000001011000001111100110010100010111101001010000000000011110100010111010011100100001001011000010111111100100011101011010111
11010000100001010010011111101000001101010110110011000001111110101001111111000001101100001101001110100100111110010011111101101010101100101100011000001000000010110001011001100111101101010011100110000001
11101011101010101001011111100111110010101010100110001101010010111110111110011111111110001000110101100001111011010101101100011110011110010110100111111100101010011101000111111110110110100100001100010101
01110000010001011110010001011010101000010001101110100110000101000011111110101010110100000000010110000010011001010100000011111011101001100111001001110001011110101000010000100010111000000011100010111110
10000010110011100010111100100010100001111010101110110000101111100010000101001111000110101101100101101111001011100010101010001111011010110101001100111000011111001010011000100011011110010011111011001010
01111110011101000001001010001011001101001010010001010101000101110010001011111001011101110001011011100110010101011000100110100111010110111101010100111101110000001000001100010010110001101101100101101101
01011001100110101101011101001100111101000101010101001011000011011100001101111000101011110001001000111000100111110101101110000001111000110001110001011010100100001010000000101100100101101110111000000010
10100000110110100010111010111101101001100000000100001110101110000100100001001010001011000000011111000011110000011111010000011011001010110100010001010010110100011000100101101100100111101111010110110000
00110011011000000010011101001100000100111111101010111000110100100101001001010101100101001010101111010100000101110101001011001111001000000010111111010110110001110100001100001011100010000101101001100101
10110011111000100110111000111101101111110010000010100011101110111010111010010001100110100110011001110101110111111100010111010001000111100111000010011001101111101101100001001010100001010101010101100001
10100010101001110001000110000011101010110000110100100100001011100101001110011100110101100000101011110010101100010101111101110000100111111000110010111101010101011010010100011111100100110010101011110101
00100110101011000110011111100001110011100101100100000101100000111001110010010000101000111010100101011001110111100110010101001101011001011110011111011001110101000010011101110110011001101100100100000100
10010000110110010100111110100101000110100010011011110011100100010101011111001111111111000101011110100110000000010000110100010010000100010101000100011000011010110111110111010001001011000110011100010011
01100000011101100111100110001001010001001000000101110011011001000000100110010000101010111001100100011010101101001011011110111111100111101101000101011010110110101110010101101010100110001010111100001001
11100001011101011111000111100110101001010010011010110010011100110111110001110010111000111110111001011010011000101100000111000110000111000011001011000100001011110101101110110001111001011000100101000100
01001101011011100011000000011110111010010110100000100101011001111111111100011011101001111100110111011000101100000100101111100101111000110101111101100001011101011111110000110011111000001110000000100110
11010101011011000110110001000101100100011111101100101011100001001001111001010010111010101001000110011011101100100010110001101000110110011010110111100000101100100111000010110110001111011010010110011000
01100000000010001011001110011000110110011000011110000110101100011111110110001101111001111001001010000100000011010000101100100100100110001101001111100100001000100111110010101110111011001101000001001001
10110011101001110001101111111110000111010001001100001001110101001011101001111010110101000100111001101101010111111010011111000101101001110100011100001100010111011001101001100011101011110010011101100010
