01000100010000100010010000000000000100100101000110011000110000000001000001001010
10010001100010100000000100100000000000010000001000000100000100000011000000101000
00000000100000111001100100000010110000110001000001000000010110000100000000000000
01000010100000010000010010010001001101100001000001000000100010000010100000100000
00000000100010000000000000000000010001100000100001010000100001100011001011000011
10000010010001000000000000000001100000011010010000000100000010110000101001001000
00010100010000000110000110000100100100000001100000000000100101110011001000001000
01000000010000000000101100000001011100011001000001010010000000000000001000000000
01111000000110001110000110101000000000010000001000110000101100100000000000100000
10000111000000011100000110000001110001000000011100100010000000000010001101100000
00000000000100000110010000000001000000000110100100000100000010100000001100001000
00000000101000010101001100000000000001000001100000010100000010000000001000001010
01001000100000000010000000100000000000000010100010011000000001000101000000010001
00000100000000100000000000000001000100000000000000100010000001000000010110010000
11100000000001000010000011000000000001101111010010001000100100001000100100110010
00110000010100001010101000001000000001000000000100100110000000000000001000000000
00100000110000010100100000010100000101001000100000010000000000011000001100000000
00000010111100001000000100000000100001110100000010100000001010111001001001000001
10000010101010110001011000000000000000100110000100000000000000000100001110111100
00100000000100000010010010010000000100100000000000000100000000000010000000001000
00100001000000011000000010010000011000100000100000010001000100000000000001011011
10010000001000000011001001000000010100001000010001100000100100010010101000000100
00000001000100010010010100000000100001000100110001000100100000000100100001100101
01100011110100000100001000011101000000100011000010001001001000111010001000110100
00010010110000100001100000000001000100000000000001010100100000000110100010001101
00000000000000100000010000100000000001000001010001110000000101000011110000110100
01000000100010000000000001010000001101010000011010000101000110001000100100001001
00010000000000001001100100100101010000000010000010000000000001010100000000001000
00000000100000010000000100000000001011100001100000000001100110000000001100101101
00000010000000001000000100010001010001000010000000001000001000100010010011001100
00100000000000000000000000000000010000000000110000101000010000010000000000000000
00010101011001000000000110010100010100010000010100000100001100000001010001000101
00100110010000000100001000000000010000000000110100000000010010000000100011100001
00101001010000000000110000010111100000000000100100000100100100100101100000100000
00010001000000000000100000101000000000011000000000000010010100001101010000010000
10010011000001001001010010100001000000000100100001000010000110000010000011001000
00000000000000000000000000001000000000000011001000000000100000001000000000000100
00011000010100111100001001101100000000001000000100100001100010000001001100000000
10111000000000100111100100001000000000000000100000000000111010100000010000111000
01100101100000000100000000100001001000000010000010010000000001110011000011000000
00000101000000101000010000000000001001000000110100100000011000011000000110010010
10000000001000100110001000000000000100000001110010000100000010000101000100100000
00000100001010100010000100010100000010010001000010110100100001001000010001100000
10110011000100100000000101001000000010000110001111000001010000010110000000010010
00001010001110001000101000001010110100101100000101001100000001100000010000000000
00000100010000100000011001100011100000001100000000000000000010000001011000010001
01000000110000000000000000100000000010000001000010010101100001000000001010000110
10000000011000010010000000000001110001001001100000001000100000000000011000001000
10000000000010100100000100110000000000010111001000000100010100010001000000000000
00111001000000000000011011000000000100000001100000101010110000000000000100000000
00000000110001010100010001000010000001001010000001011100100010011010100011001010
10001001100110001000100011000000000000010010001000100010110000100011011000010010
10000000000010100000000100000110000000000000100101100000110000000110011000011010
01000100001100010001001010100001010000000110101010100000010100001000000010101011
00000001010001010000000000000000001100000000000001010000010100011001010010000001
00000000000000000000100100101000000001000001001000000000110000010000010010000000
10011010100000100000011010001000010011100010001101111001011001000011000001000001
10100000000000000000000000000010101000101001000011011111100000000101000001010010
00000000100000000100000100000101000000101000000000000000100000010110000100100010
01100010100000100000110001101001011100000000000010000110000000000011000110000000
00110100001100000100000000101000100101100100010000100000000001100001100010001000
00001010000011000000000001010000000000010010101000000000100010111000000000000000
00001110101000000100000100000100010000110000100000010000000011000000100100100001
00000110000000001100010100010010000000011001000010100011001001001001000000110000
00000000000000101100000100100000001010001010000000100110000001010000100010000000
00100000000010000010001010010000011000000101000000001000011000000000100001100000
01011010010000000001010111000100000100010001000000111000101100000001001000100110
11001010000010000100000001000001011001010100010010010010110110010010000110001000
00010100000000100000011011100000110000000000000000100000000010101100000010100010
00000000000001000000000001000101001000100010110100011011000000000000001000000000
00001111011100011110010100001000000001000000011100011000000000000010010000000000
00000000011001101010000000101000000001001100000001000000001100100001000010010000
00001000000001000010000010000100100100011000001000100111000110001001100100110100
10001100010000000100101000000101100100010010000000100000110000000100000000000001
01010000110000100010001101001000110000100110000000000100001000110110100010000100
00000000000011100010100101000000001000101001010000011000010000010000000110000110
11000110001100000011100010111100000100100000000100101100000010000001000000000000
00000000000000000010011111001101000010000000001000000000000000000010000010110001
10001000000100100000100000000000000000001001001000111100011000000010100000010000
00001000000010000100101010101001100000000000010000000110100000100000000001000100
