001000101100100010010010101000100101000000010000000011000100011000001110010000000000000010
000000100100011000110100100010000010000000000001001010000000000000000100000000000011000111
100101101000011000010001100010001000101110101100000000001000100001010100000000111100000000
001000000001000000000000100000000000000100000000001000010000111000100010101011000010010000
000001001100000010000010000000100010100000000011000010100011000101101000010000010001010010
001010000001110010101000000000001000111000000011000100110101001001101001111000100010000001
111000000000000010001010000100001000000100011000010001000010000000001000000010001000010001
000000000100011100000000000001001100010000000010000000001101100000100000000000000000001101
101010000000001000000000110101110101011010010110000000000010000000000000011011100001001010
110010010001100000010001010010000001000001010100000010000000100101100010000100000000110000
000000000000000000100000000010011001010000000001000011001110000001100000001010000100000000
000101000100000110010010000000101011110101100000110000011000000100000100010000000001000010
100001000100000001000001000100010110000010010000000000000000100010010000001000000110000000
011001010000000000001000001011010000000000000000000000011000000001000110001010010000000010
011000011000000000001011000000100001001000001011000001000001010000011000010000101000010001
000000010001000001000101100110001001011000000001110000010001100110101011001001001000010100
100011100001000000000000110000010001010000000100100000000010101000001000001000000000000001
000000000000100100010001010000111000010000000010110000000100000011101000000010000000000010
010001000010000000000000101000010100100000000100000000011000000000010000000000001000001100
111000000101000001000110001000000001110000000000001010010010001011010001000000010000000010
000001100000011000000000010001000000010000001000000000000000000001000000100000000100000000
010000000000000100010001000000100000000010101001010001000001000001100101001000100000001000
100010100001001000010000000110000100100001001001001100100001010000000000100100000000110000
001000000100101101000100001000010000010100100000110010000110000100000000010010110000000001
111100001000000110100000000100100000110000101000000010100000100010100000001000110000001001
000000001100000011001000000100010100100110000010010001001100010100000000001001001100010010
100000000000010000110001000000000000001000011001111000010000000000000100101000100000010010
000000101000100100000010110010000010000001101111111000100110001110000001001110000100000000
011000000110010100000010000101000110000000000001000011000100010000010000100011000000000001
000000011000010000001000000010100000110011000000000010100000010000001110000001001000000010
100010001001001001000100100001000101101100010000001100100110110001100000100000001010000000
000000001010110011100001010000001100000000100000000001001100001100100001000001001010100000
001001110011000101000000000000010100010100010000110000000000001000000100101100001101000010
100000011000100000100010010010111000011010001001010001010000001000000000100001001001010011
010010000001100000000000000110000000011011010001010011000011100000100001000010000000010100
100000001111001110010000000000100000001101001110100000110010100111110000000011000000001010
001011000001000000110010110001100000010010000001111001010011100100011010010000101000101101
000001011011000111011001100001001110101010000011000000000101000000000000000000000000100100
001001001000001100000000001000100111010000000000000001000001001000000000000000100100000000
001100100001000000000001010000101001000001011000000100100000001100000000111010000000000000
001000001000100000000100010001000110110001100110010000100010101001111000001000000000101000
000000000101000000000010000101000011000110000000000111100000010000000001001010010010001000
001000000001000000000101100100010000000010000010001000110000010100100000110010000000100000
100000101100100000000000001000101010000100001010001010100010110100000001001011000100101001
001000100000001000001110101100000101000100010110000010110000000010100001000100101010101000
001000001100000010100000000100000001000010001010000000001000000000001001011000001100001100
000011011000001001000000010100000001010010111100000001100100001000000100001000100100010000
010011000010001100000110001110000110110000000000001000100000001000010001001111000010010011
000000000001000111000001001100001001100000000000001101100010100100000001011000100000000000
000000100001000101000101011100001110100010000000001010100001010100000100101000000010001101
010100000000000000010010001100100000100000110001110110001100010001011011100000001000000110
000001000000000000000010000000100000000101000000101000000000001000000100110010111000000001
110010000110000000010001100011000010000001011000011001000010010000000000001100011011000001
100000100010001000000100010010010110101001000010100010100001000000001000000000101110010000
000011000000000000000010100101100001000111111011110001000110000100101000010010000110000010
000101000001010100110000001000000101100000101000000000000100001001010000100010000010010101
001000010011010000100000010000010000000000000100001000000010001001100100010000000110010001
100001010010000001000001010110110000010000000010001000110000010101010000000111100100101001
000010101010000010010001000100100011100010010000100010101000000100010110000110001000000110
000011010000001100000110000000000010111000000000010001000000001010101100100100001001100100
001100010100100110000000100000100011100010010000100000000000001000101010000110100100000100
100100000000001000000010010011100000000001110000011010000100000000111000000000000000100000
100101000000000010010000000100011100001110000011000100011001100000100000000110000001100000
000010000101000100000001010100010001100100110000110000100110000000100000010101001010011001
000000000000100101010000100100000001000000001000000000000001000001010000000001011000010001
001011000110010001011100000000100001000010000000001000011100000010100000010000000100000000
000111010110000101000100100000110011000010101000000000101001111101010000000000001010100001
001000000000101000110000000010000001100010000001001000010110010010100101000100110001100110
100011100000001111000000000001000000100010000100001001100001110000000010100100100000000000
111000000001010000000100001001001000000000000010010100001011000000010001010011000000000100
100100000100010100000000000001000000100000000000001000000010100000001001000000001000000100
000001000000000100010100000100010010000001011101101000000000000000010110000000010100000010
000101000000000000001010001010101100000100100000011100010001000000001000000010001000000010
100011001001001000000001000000000000100100100100100100101000000101000100000001111000000010
000101001010110110000100111100001000000111010111110010000000000000000000000110000000000010
000000000100000000000010000100001000000000001001000010000111101100011000001001000001000000
000100101010010001000001000110000011000101110001000100110110101000000100101001000010100110
000100001000000100000000010011010101000000010001000000000100000110000100010110100000000100
001001001000001000000101101000000000101000001010100101000100100000011000010001000100001000
001010000000010000010001100000000000000001000000000110000000000010010001010000000001000000
001000100000001100100000010001111100100000001100001111000011000110100010110000000000000100
001000000010100000001000010100001000001000010110000001101100100001000001000000100001010000
010101000000100000000000000000110000000001001001010011111000000100100000000010000000001000
010010001001000000000000000000001100000000000000000010000001001000010000000100010100010101
000000000100000000000010000000010000110010111000000000000101011000110000000010000000011100
000110100100001100000010011000000110000000000011000001011000000110000000000000000101100100
000000011000000000100100100000000001100011011100010000000100000100000000000000100010100000
010000010000000100100000000000000010110000000100011000010011100000010110000011001001110010
110010001001010001010000011001001101000000000001001000100010000000010001111010000000000100
010001110000001010000001100010000100100000010001010110011100000110100000000000000001000000
