0111111101111111111101010111011110111111110011110111111111111001111111
1011111110000111100101101011111101000001010110101111110111111111111111
1101101110111101011001111111110101110100101111001110101101101011111011
1110011001111000101101111111111110111100011111011110011101110010001101
1110011110011111011111111110111110101111110101111111101111110111111111
1101101001001101110010111110111101111011101110101000000110101110101100
1111110111011111000000111101111111110010111111111111000100011111111110
1110101000100011111010111010101001101011111111111111111101111101011110
0110101001111101111111101111101010111011111111111111101111111100101111
1001011010101111011100110111011111010101110111001001111011111011101111
1011000111011110111001111100111100111101001111011110111111110110010011
1011101010101011110111111101101011111101101111111101111101111011011011
1011111011110011011100111101100101011011011111000001111111111111111011
1110111011100001110101111110011111110011111111111010110111011011111101
1100101101111000100111101110111111111111011111110110010111111111011111
1110111111011100111111101110011111111010001101111001111111011101111101
1101010110110111000101101111111111101011111110001111111111111111111111
1010110111111101001111111111111111110111101010111011001011111111111111
1011100111101001010111010110110111111011111011100111111101100111110111
1101100011011111111011111011111011111010011111111100111111101111011111
0000110110010011011100111111010101111010101111011111110111010011111111
1111100010110111111100111110111101111110111111010110111101001011111001
0111111111111111110111011111111011101110011011111011111111111100111101
1011111101111100011111101110011011011010001111101011100100000101101111
0111111110111111110111110110011110111101111110111000111101101011011111
1011111011111111111011111000111001110111111111110110111001111101101010
1111110111000111111111111001111111100110101111000011001111111101111010
1111001011011000110110100010110111111011011010011111111111111011111001
0111111110111010111101100111010011111111100000111011011100001010011101
1111111001100111111111111111100011011101110001111001101111111111011011
1101111111110111110101111110000011111111101111111111100110101111110011
1111111001101111111011001011000011111111011101111110111110111111111101
1001101011010111111100111011111100111110001101110110101011110111110011
0110011101011111111111110111111100111101111111101011110111111111110111
1011111110110111111111101111101111011010111111101111111000111101100001
1011011011111111011111011101111111100010101110111100011111111101010011
1001110110111011101111111001111111100011111010111101111111101011110110
1011100001110010010001101110111111000011111011011101101011110110100110
1000111110001111111111110111101110111101000111101111111110111001111111
1100110111111110111000001101111101001110000011111011101111110011011011
1010111111010100111011001110111001111100011011110111011010111010010110
1101101111001110101101101101010101101100101111111101111110010111110010
0011011110111111111111111111001111111100110001111110011110100011111111
0111111111111111100111011110001111110010010000101011111111110011010101
1111011111111110111111111111001001111111110001110010101010101111110011
1011101111111111001111110110011111100111111010101111011101111111101111
1100111110010111011100111100111111111011111111011101110100101111111111
1001101110110111010111101101111110011101111010101111101101100111110010
0111111111110101110110111001111101111111011101110110110011110101110011
1111101110110010101111000101001110111110111001111011110111111110111111
1111101110100110111011110111101111100011101111011101010110111111111010
1100101111011001111010110011111001101111110101110110101110111111111110
1110100111111101101111111101011111101111010110111101011011101001101011
1101000101111111101111101101100101111010111101101110101001011101100100
1011100111111001111101101111110110111111111111010001110111110110111111
1111111110111111101111111011111101011011011101110111001011111101111110
1100110011101111110110100011011111011111111110001111101101011101111111
1111100111111111111111101111010011011101000101011100111110100111110111
1111110111111010111100101111011111111111101111111111101101010001011110
1101101111111111110010100111010111110111110101001111011110100101111011
1110011111011111110101101111111101111010100011100111110110000111011111
0100111110101011111100110110011111110100010011111111011111011001100100
0111111001111110111111001001111111001101111111110111001001001001111011
1110101101011111111111011111011111111011011111111011110111111110111111
1110111011001101111011110111001111101110011011111111111111010111011001
1110101100111111111111101011111111011011111110111111001111111011100011
1111111111011111110111111111110100000011001001100111101110111011100011
1101111111000111111110111000100101001110101101100101011111101101000000
1110101111111010111110011110011011011111111011111111101111111011011001
1111100011111111111111111001111111110011001111101100101011011011111010
