0010001010011111111010101101111010011000
0011000010011010101101000100101001001010
1100100100111101101101001111111100101111
0100000000010111000001111001100111010110
0010001011001101001011001101000011111001
0000000001111111111010100010001111110110
1000100001111110010100001011110100110110
0010000000100010000110110000001011010001
1100100001110000111111101001111010101010
0000111010101010101101101111010100111010
0010011111011011001111101111010001110001
1111011010100100000011001011101010110000
1110111001100011000111101101101010000010
1011111000010010010101111001011001001000
1101011101101101000010011011000001001100
1011110000101010000100100001111000010111
1110010011000000011001101110001011000111
1000011010000100100100011000011000000010
1110110011100000100001101000010110110111
0110001111101101010000100110101101001011
1000110110111010000000111010110110100110
0111100011111100101000100000000111011000
1001010111101101101111001001101000100001
0001000100000110010010001001000101100111
1011101011111110111010110001100101010111
1110100001101000100100000001001110110001
0010011001110010100110000000001010001111
1011101011111111000000111100100011100110
1111001010011001000110101001011010001011
1010001011100101011010000000100010010001
1110010110011101110100100110100100010100
0011011001000000001111011100001011000011
1001110110011000101011000111110101001110
0101110100100110100101011001000110111111
0010111011110000001010110101000001000011
1001111101110001001001001100011001001101
1110100011000110000101000010100011010001
0011011000000011101010011011001011010010
0111011011001001111110011011100111100100
0010100100100001101100111110110101111000
