00100100111000001110101100011010011001100011101111111001101110011111001111010111100101110000100011101110001101010000100010001110001111111000110111110111110011100000000000000011111101110100101011100110
00100010101101010011010011110110011010000111001011100100111110110001100011100011111101100110100100001000101011101100100111001011010110010011110000001000110110101101100110100010010001111001001100011000
11001101101100000010101110010011111100100100000110111101001000110101001111010000000001111101101111000111101100101100000000001001110100001010001111100001001110110111111010010110110110000110010010100010
00000010101100101001111100101100011010100100101001100110100011001110011100110111011100000010110100101000010000110011010110011001110010010111000011010010011000101001110011011100011111111111100100010100
00100010100011100111101101010001011010001110011101000101100001101000011010011001110000100010000001011011101001110000100001001011101110101110111000011100011000100010100101010111010010110000110011010010
10100010111111000101110000101000010011010100100010100000100010110110011001000001101101110101001100100110111010101110110010010100010001010010110100011101011010010111010011000110010011011111110111110111
01011100110100100100111111110111010001110100011110101111000010010101111110010011111001100111111000111111100011110000110101100010101111010010010010101011001010010000101110111111111001001111001010111101
00100000100011010101010000010101110011011000101000101000111111110001000110001110101111100101000000100011011111111110100111101111111101101001110111011111010100100100111111111101110011001110100111101010
11111111010111011001110010010001101100011000111100000101100101101010100010100110100110011010111010001000010110011010010100011100001111111111111110111110100101001110001111001001111000101010100111010101
10000110100101001011110110000111111000001111010001101101001111010111010011000100110111010110001111111010001111000001101001100001111100111110100100100100000101001101000001111111001100010010100101001111
11110100000011110100001010100110010100111111110000000001110000000110110111110111110101110011011111110110110100100101011101110101011110111010111010110010010010010011100100111000000110101111111100011101
01110110110000001001111101101111011100010010100101010100011000010000101110101010010110101000100100011111111111010110111111011111001100010111110110000100111110001000011100001111111111100011111001010100
00001101101000000110101101110011101101101101101001001110001101110110001100111100011001110000111001010000110110110010011010100110110110001010001000101101100000101001100001010010010100100011010111101100
01001101111000100000010011001101111001110100110100010011111100100111001001001000101111000110010010011011110100010101010000111010001101000100100001001101111001111011001101011100100000010011110101001111
00011010001001011011001101111111100000101010001011001000100010010011011011000100110100101001110000001010111010100101110111110111101101101001001101010101110000111001110011110110100011011011001111111110
01000001101000101000101111100001001101111001100010010000010101011101001001100111011110111010000100000111011000111010000010000010000101111000110001011100011001010101100000011100101100011100010011110100
10010000110100110110101110000101101111101001001101011001011010111000001100110101000110000000010000011000111110010010101111011000111010110011100000000010110100011100000111001000000010010011111000011011
10001111001010001010110011101111001101110001101100101100111100001010000111001100000000001111010001110001001101011001011000100000111000000010100100101001101101010101101001101111001101101110011110110111
11101000010010101100001010101111001111111100010110000000010001110100111001110010101110010011110110011100010110110001110010111111011011110000001010010111111001100001110000111111110100011100111100110011
01011101110100100000111101000100011011010111111111010011110111001010010111101011010101011011011010010000000110101101110100001011000000011000111110010010011111111110011100001010011000111111010110001010
10111110110110011101011100110110111000110001100001000110100001001010111100110111001001001100001101111010111010010001000111111000001101001000001100111010110000111001100111100100111011100001010011000000
01010111110101000101100000000001101111001110001000000111010110101110111000111000110010100011001100011011110110011111010011010010101011111010110101100000111010000111100111100000110001101100001101110111
10111010001110111011100100100101111100000000100100010111011000011000010000000000000011001011101000100011010011110110011001100001010001111111010011000001000010010111101011111101001000000100000100100011
10111010010110111001101001001111010101101101011001111101011011010110111011100110010110011001010100010011101011000001101000111011010100110101101100000111000101101011100111001101100000010110110011100001
01100010111001011110000000101111001010001111110001011000011010111110011000101000001110000111101011001000010011000000110001010000100001101111111000000000101000010000110010101000010011110001100110111110
01001010000111110101000100110100101000111000000001000010101010110101000111011011010011110000010000000111000110101011110110001110011111011100010100000011011000000001100101100101100010011010101111011011
01010110001110110110101011010111100110101000001111001001010101110000000010101010001000011100001111101110111101100000111001111011010011011100101001111000101011111001011001010101001111000100001001010001
11101011100010100000100001100110001111001000110001000000000001100000111000110111001110111101111101011111100110011010011111000001011011101111011110100001100100100010010000110100111011010011010111111000
10010100000101100110000110000011000110111111100101001001011100000000001101000011111101000011110101101010000010000100111100110010010101000100010000101111111101110110000101010101110100111011010011011101
01010011011101101111101111110011000001111010010100010110010111110111111110100001001101100000011110011110111101111000100101100111111110001000101010001011000000011110000110101011011000111001000011111001
11100010011110100110100110111100000110000000001010101001101011011111010000111000110101001000100101100000000010010110100010111010101000001101110100000001010100101010011010001011100111000101110110111010
00101011110111111110011110101100110110011000010100101111001011101110011101100001110011001001100011011010100111101000010101100110100010111001100110010011111001111100100000000100110010100000101110110101
00100001110011101000111001100001000111001001010100011110011100111100110100011110100100011101110001010011001010110100000101111100001000001010100110000111000010010111101000001001100110110010101101001010
11111111011101000001101100000001000110101011100011110111110101010000010001110011111100111100001111010101000101110000011001010100100010001101111111001001110001101010110101110110110110101111111100111011
11111000110111011111111011010000000110010100110100110100101101010101101101100111111010111001010010001001111000101111100111101101100010010000110100110000101001101000101011111111010110111001000111111001
00100000101110011110011100111011111010110111111101110110100111011011010100111101010001100101111110011111100001100010100000110110100001111101110011111010011000011000001001010000000010101111001010000111
01011101000000001011010010111011111101010000101011010110101101110101000111010111110111101111111000011000001110001111111100111111101100001000110101000110100111001101111000001110001001110110001010100001
10000111000011011111010100010100100010111101000101110010001001000011111000010001110110110111001111011010011011010000101011010101110101110101110100110101110100011001101001100000111100011100010000010100
10110010001011111110100101101100010101000001011011101101001010101111111011110110101010001101010011101010100110111101101001010110101101111101011110111001001100110011110001011000110011100110100111001111
00000111101101010111100001001101001111001110111010010101101101111101010110101011111000010011111011010000100100001111000101010011111000010111110111110101000100111010001100010101101111010010101010100111
00001001111010111010010111111101110001010101000101111010101000010111010011100000100000101111111011101011011010001011100010011111100100001010111000010010110111011010101111011010000111001100111011000010
01111110011011000011010110001000001101011000111011010011110110110001100101110011111010011000011101110001000111000101100110101111100111100100110100001111101100011011010001001011100100111111000110101010
11001000011100100001010010001100010100010000010000110100101110101011101011101001110110101110111000101011010000101001101011111100001100111110111111010101001010001011101010100110101101010001010100110111
11000000011010011101100110001000110101101000111110100011111100000100111110011010100111101010001000110011011000110111010010110100111010100100101111100101110000111001001110100001000111000011110111111100
10010101101111010101101010011000011110010101011000011100010101010001010101110100011001010011100111000100000110111101010100010110101110010000011101000100000000110000010001000000010001101000111110100001
00001010111001000011000110010101101100110111100111001001011011010011011111100101000111000110011110101101101110001000110010101100100011110111011000010110010001100000000010000011001101101100101110100110
11011011100010101101010100100010000110110101100000111111100001101110001110101010011011001001101110010011101111100100100011011000100110111100000010100110010111101011010010110000100110010010110001010110
10101010100101001111001000101101101101001001010010011110111000100110010001100011100101111110110111001001101011101010110000101001110000011010001111010000110110101011001010111001001000010010110110100010
11100110000000110011000000100010010010110101010100010110010101101110001001001110001001111000100101001000100111011001011111100001110000001001010010001111010011101110010000110110000110110000011101011010
11011000010110101001100111111000010111101100010000010001101010010001010111000001110110000010011110110110001011110111110111111011010010100100100001111100010001011101101001100100010111111011100001000010
11110111010000000100000100000011011101101011001000011100101100001100010000110111010010100011011101010010011100010000110111011000100010000011100110000010100001100001101111111011010000101100111010011000
10100000000101011001001110000100111111011110101111100110110011011110111110000001101011011001000101101010110010001010010111101110110000001011001110101010101101101110111001010010101111000011101101000110
10100011010010101100000110101011100000101000111100100001000010100110110111011011001010101010001111001101110110101111010111100001010100010011110000100100000100111100010101010010111110111011001010010100
01111010110110000100111100000101111110110010101110110000100000111111001011100001100010000110000100011001010100001111111111110001111001110001011001100110001000010110111101010010111011011110010001111100
00010010000011000001111001000101110111001101001110010001100101111011110110000010001101110010101110110011101111000000000001110110000000101011011010111111010010001011111111111101100010111101101110110111
10101010111001001001011100101011010000110101011001001010101101100000110111011010001000000000100110001000011000001100101111110000001111001001010000101100001110100010100000100111101011010011100001111010
11011101101001100101100001000010011110011111001101110111001010110100000110010000100010000111111000011101010100000000101011111101000100010001010110111110010100101001111011101011000011111110000000110101
01000001001101011111011110101100110000000101110110010000000001011000100011011111110101110000000100010010000000010100001100101110010001011111011010111110101011011001010001110010011111011111100111001011
11100001010111001100001111001011101011111011010101100001100000111001100110011000101110101011111111000001000001010001010110110011001011101100100100000011101001010111000101000000000101111001101101010000
11000001110011010101010000101100111110010111100010100011000001010000101011010000100011111000111000011110001000110100011011000110010100100111110101100100100101100010000111101001000101001110010011110000
11010111010000101001010111000111000100100110010001011000100001110110111001110100110101011001001110001111100110000101100001111010010100111111111111111110000100101101100011010111000010101010010001100000
00011001110010010011100100110111011111010000111010010011010110110111101000000000010100000011111001010010101011010111011101000111110110100011110001010000111101111101010010100111001011010011001011111111
01101101100011001010010011110101100010110110001110001111101011001110111011100101011110010101011100101011110100111001000100110110000001101111110001110000010110101101001000011011100001100101110011010100
11100111010110111010001111100110111110011100110001010110111111000101111000100010101011000101010111010001111111010111000010000010011110001111100100100110001000011111011100100100101111010101000100101101
10011000100000011101111010000011100100110010001010110110011000100011100100110101100001110101100010101101111001110100011110001101100100111000111100010010000001000111101001110110010010000000110001001111
10110110011011010010010111000111101010111001001110111100100011110000000110100010000001000000011111001010111000110010111101110000000100101101101101011111010101011110010110001100000000110001101111100111
10010100111011100101110110000111000101101010011110011110000011101000101001100111111111010000011101111000110010101011011101111010111101001000101001011001011011110100000100110001110010001101010110000101
11100011010001110000000001000110001111111110110001000110001001011000101001000000010010010000000010110111111001100011100110101001101110100111111100010011111001010000011000101001111101011000001010011001
01000010101100000010110100010100101001100111000000011011011111111011011000000101010000111011101011100111110110100101101111011000011010100110100111011001101011110101101001111110100110110110001110001101
00011110011000100011111110010111110101111001110101111011000010110000100000010100010010100111100101111001000011111110100110111101101000001101100000011001110000000001011111111011000111001101011011101100
10111110000111111010110110011101001001100011011010010100000111110011100101010101100110101011001011010001100101000101110110011011000110010110110100011111111011010000011011111000100101000010100010010010
10110011001110001101100001001101101110010101111001011011101000001100001000111100101011001001101011011100100001000001111111001110100001110011011011101001011110010001001010011010111010111101011001110000
11101011111100100101000101100100000010111011011001011111111100100100000000110001101000101110011111010101101101000000010000000001111101101111011110010001001011100111111010110010010000101010010011110010
11100100011001110111000101001001011010101110110111001101010110100011001000101011000110000011001100011111101000101011000111000101100001001010100011110100101100011101101000011000000011100101110100111101
01010000101110011011110110110111011100111110111100100100000010111110000111001000111001110101000001001111101010110011010001000011011101110111011010110001111011100101101101011001110010110001110110011110
10111010001010001010110001010010110111100101100000101001111110001000011110000001101000110100101000000101010100001100110111011100011111001101001101001001110110000111111010111100110001010011001110001100
00001001000111000101010011100010100100010011001010001001011000000000000101100110101001110100000000110101010101011111000110000010011101100000100100010011010110111110010010100110010111100101110001111100
10010001111010111100100100010000101110100000110010100000010010101010111100001011111011100110110000110001010100011001011110110100011001101001100011100110001000110111010011011001000100111110110001001111
11010011101100010011100101111000111010110101001110101011010000010110000001001101000001110100011000111110111101100111111101111101100010011100100001110001000111101101100000011010110011011010101001010101
11011110001000011001100001011101011111010110010101111100010000101010101011010110100100101111100111010101011001101000001000000001000001011110011000001000001001000110011111101001010011101101000110101101
11001111111001100010010000001011111011111111000101010100111110011010001110111101011000101110110000100010101001010000010100001011110010011111110111110111000000011010011100000111111010110110110011011101
01011010011110110001010101001011011111010110101001100000010011100011110000100100100110101100100010011111101011100110011100011000000000100001001010010110010100001010111101001001111101010010110001101100
01010111000011010010100010111100011000110100101010011011001000110010000110111100100010001111101101010101011010000001001010110101110100100001011011100111001101100110110010001001011001110011100000010111
11010101111101111011000110011110110011000011010101000010011011100010001001000001010001010100101111110100001100010010011001001001100100111001101111111010001100100000110111111110111101101000111110110100
00000001110101011010011111010001001011100111011001111100101100110011011101000100011000011000101111001110100110010110010111010001001001111010111000001100111111001111010011010010000111010100010110100110
11100111011011000001101001001111000110000001111110010010010110011110000100101110000100100000011000000010000100110011100100011110010111101101110000110011110111101101011111011111010110000110100001110100
11101111001110110000010001010100011111001011000110101010011100001000111010111111110001011001101101111101011110000010001111001011010111000010111001100001000111100111001011101000100110111000011111010001
10100100111010010011000101110000111001010100100110010010010110101011100000111010000110100001000000011010101111011000100010110011011110011001110101110011001001000001000110001101001010000100010101011001
00100000100100110101101100110011111010101111001110011000001110000000101110000001111010100001110000101111010111111100110010011111100100000100111010111000000110110000000101101111000110110001100001100010
01100111010001000100100010110000110111101010010100000100100000111000010010111111111100000010111010010010101101010010011111111101111111011111001011111100010000110001110100101110110111100000001010101101
01011010111001010111011010001000000011011011110101101110101001000000111011000101101000000101011000001111111101011100011100010101001101100101101001011111111000010000010011100001110000101001111101101101
00100111001000100111011110011001101111111000101000110000101011111000111101100001001000111010001111001110000110110001010011111100101001000001101101001100000010010111011001110001010000111010101111111011
11110010100110100010001010011011100110011010101110000011101101001000110100010101111110101100010111011011110011011011111100100110101110100001101011001010101011110010100101100111000011111110101001011000
00010010101011101111000101011100101110111110010101100000101101110110000010000110100001001110101101100111101000011011111100111010001000111010100101001011110100111101110100111111110111000100111001000101
00100110111010000001111010110100010111011111011001101010101111100110101111010010001111100111010110101000001001000100011000010000100010000011110010001011111010010100001010111000011101010111010000111100
01110100011100010010110100111110010101000100111111111111011010110110010011000001001110100001111000010001101000011000000100100110101101011101101010110110111110011000000011000010110111100011011011110111
10100000111001000011000010100101011101111000111101001011001010011101101110000001010110000101101000110101000101001100001000101110101011011001010100001011011110000100110001100010110111010010100010110000
10101000011010000100100010111011110001111100100110111000001001010110111110100001001110100001110000100010111110001000010100100111000101101011101111000000110010000110011011110100001001011101100111100110
10010111011000000100101000101010000000101111010001010010000000101011110000001110100100101000011011001111100101001010101001001111000011010011000011011100001000111010101100000010100001000000011000001110
00001010011111001111110100010101110111010101001001100110110101010011011111001111011100110100100110000110000101101001000111110010111101001110001001111111110101101110111001001010101101010000010101000111
11011010110101101010110010111101001111101010010110011101100110101110010101100010010010111011101000100011101101010100100100100110001101001100010001110111100111010010000111000110100011100101010001001011
10100110001100010010000001110100010100000000110001001000100110001001100111111011011110101011010010110011010111011000101011100100100101011111001101111010100001000001101111110111110101011101110100101101
10101111011101110000111101111101100101101011001001110010010111100101100001100010110011011111110001111101100100011011110000111110111011110011111001001000000101011000000010001101100010111110011111011000
00101011000101010100011101010000111100001111011100001110101010111001111011111101011000101010110110101110000011111000110000011011011000000110011010110110111000100101110000101011101010011011001000101100
01101110001111101000110100110101001100110000011110011010000011111111101111100010110010010110110101101010000101111100101010000100100001111001010100000101011001111101000001011101100010001000011010101010
00010101101111111010111010100100001001001011000000111101100000111111100000011111001000101010100001000100000101110000010001000000000101100000011111001111000001011000001001010111000001110000100100000100
11101101010100111100100100100100101011001001011101100011000101011101000011100011111100110110011101001000000001001110010000010000010101001000000010001101101001011101001110100101011011000000101000011100
10100001111111001111010001110101010010110100111010101110100010110000101010011110000111111111000011111110110011001010010001100011110111100010111010100011101001001110110001001101100110101011010010000110
01000111110110101011111111011011100011101100111111011010000011010010110000100000011010111001100001000101000101100001111010001100110101101001111011010010101110100000010011001111011101001111011111000100
11001011010100000100001110100101010101000100001111000010001001011001011110001011110000011110101010111101111110101101011101001001010101000010101110110111111100100101001001010111111111011001110000111101
01111111001010110011001001100101111100100011101101001000000100101111110001100011010001001001000000010001110011011100100101101110101010100100110010111001101010101010011100101001011110111001110111101000
10011011100111011110111000010110110001100001100011100000011101111100010000101100100111011111110100001111110000100001110111100010001010001000001010101100111110000100010111011111111000110010110000111000
01100101100000010101010001010101001010111010110110011101000000100010010001011101000000011010110111110111101101100111101101011000000110101000010010001100000100011111001010010101001110000110101000011000
01100101001101100001011000001010101010110101101001001101010111011000111000011010010010001010001010001000101001101011001000101010101110100101001011110101100000110001011101000100100001011110110010101011
00010101100110011000011001010010001110011001000101011100000001010111010001101010010111100100110000100010001100001100101001011100000011010100001111111111101111010111100111101101100001000000110101001101
00010000011001100111110101000000001010111111100011001100001011110011101101101110001001000001110000010010000011011100011101101101101001101010001111101000000100010001000101010000110111001110010011110010
11001111010100101011000111101110001111101110011101100101100010000101111100010010000001011000110000101111100010111010011011111100101011011110001001000101010111111011000110111100100101001001100110101101
00010110101111100111011011111001010010000001110111111100001101001110001110110110110110001111111001000011011111010001101001011000001110000011100110001111011000110110001000111010000101000101010010110100
00000000011110001100001100111000010011100010000010000101110101001110100100000111011100100110111010100100100011001111110010001100111000101100100001110111011100010101110100001110110100001001011110111110
01010011101100101001100001011101101010010100100011111101011001101111111101011110110011100110110101011000000001111001000011101101010110110010101000000101100110010101101110101101011000101101111101100000
11010101000110111010110001010010001001001111011011111101101100011001111101011100001010111101000000010100100010010000101100000000101001001001101101110010100001100000011101100001010100111101000000110111
01001011011100101000111010110101111001110010001011111111100111000110100101110010000110100101000000110100010101111011110100101010111011101000101010001011011000001111010010111011100110001101010110101011
00000011011011100110101100101111101110000111010111011111111010100111010000000110001000010101110111011110000100110101100101010011110000001011001000111101100010101110000011111011101010011110101111011100
00010100101101101010110110101010110111111011101001100111101010100110111000010110011011011111011000010011001000001010110000100011101101101010010000011111100000100000001100110101111100001000011010010100
11111001100101001011100101100010101010001110011101110000110010001011111100010010110101101101010010100011000011101111111101000011011101101100111101011110100011000111101011001111001110111000010100010000
10000101101110100010000001000101111111101111110000010010110101101000010101010110001001001111100111101110100010100011101100000011011000110011000001010001111010010001010011010100001010011001110101011011
11001011000111110011010101101111000110111100100001010010011111110010001100101000100001111000110111111011000100110100000001111100100011011110000111110100011110000010000001101110011000011010001011011110
01111001011100100011001100110100001011011100000111001100101001001001011011100011101110111110000001100001000101000001000100111100010001001100101010101100101100110001011000010100100000111111111111111000
00111011010010101100010010000111011111111101111110110100000001001011010111000010101100001101101110010110100110100101101011110010001100000111111010100000110011111101011111000001111011101000001100101111
01110101011010001110001101111100000001010001000111011100010111010010100010111100101001110100000000010011001111000000001101101101001001000001111000001111011110010010111000011011110010010001000110010010
10001011111101101110110001010110100010110011100000000101001000010011110010111100000010010111110110011011000000110101111011011100110000000101101001101001011110101111101110100011001011011110000100111101
11101011111111110000100101001100000011101110101000001001100111011111001010111000001101111110100101011100011111001100010100011000100000101100100110110101110010110110011001011101001101100101001100000010
11011010101010001010010001110101011000000101111001100001001001010001101000010010100001110100101010100010000100111110110101000010000000110010010111101100111000101010011001010001000101000101000100100011
10000111100001110010111011111000000101100100010000000101011000100010000111111101000011100111000111111110111111000011100011011011010000110111001011000000111011110100000110001100111100110100001000010000
10001001111000111010011110010001000101100111011001000110001111101101100110101100011111000010110001000010110110101101001101011100000111011111010001100011100000000111111101100000110011101001011010111100
11010110111100011011011101100001001101110010111100001100110010001000001100100011100110010100010110100110100000000010100100000110000011100101111101101010111100000001010011110101001001000100010001100000
10101001111010110001111011110111110110101010001110010011011010111110010011010111100111010100010111011100101010011001101011111011000100100010110101100111100011001011111110100101011011111010110111010011
00011000110101000000001111111010010101110111011001000000011110110101111010110011100001001110000100011101000000100110101000001011101101110010100010010001000101101001011100010101001100010101100111100001
01111110111110001100011010010000100000011010010100111010010111110001101111100001100010100100011001110111000101000001110100110110100011101100010100111011111100101011100011100001000111001011010011011111
01010001100100101000001110010011010101110000010010111111110111110101010110110100111101010111101111100110100010000100010010100100111001110000011001000101101101100100000101111101011110010110100111111011
11001101111101011101010110100111111111011111000001101000001111111111111001001110100111111011111101000010000111100000011111001001111100011100000000101101101101011111011100001111001001100111101000100110
11001111101100010001011011011010011111111110110010001111110111101001001110100001101011111000001010001011110110101000000000011000110010111011000100011110010000111001000000011110010001000110110011011110
00101000101010100011100110110100010000101011110100010110010010001111000110110001011110101111100101010111010111010111100111101001111001010001000101110100010100111111011111100011111110001010110000000011
10100101110100100101110101010011111011110111100100110000101110011101101010011000100100010001010011000100110001000011010010001010000110011010011000111011000101000011110100010101000010010100111111001000
10110011101100000011001000010101110100110011001110110010110010000000100111100100111100001100101101100001011111111111010001000011100111000100000001111101111010110111101011000000011111000111010100111101
10110001000001110000011000100000010110010011100101000100000111100110100101010110101100110111110001111110010010000111101010001110001011111001001010110010001110011000101100010001101111100010110011100001
10100010111010000100110000111000001101110001001001011111110110110000000101100110101101111100000100011101000101110111001010100011101110111010101111000110100001001011010001011100010000100000110010110101
10011101101000110011100000100001001101111010010101000010110011101111111011101010110101011110000100111101000011100110001010111110000100000110011111001111110110100011010100110001110110111110111110000101
01001111100011010100100000101100010100100100000011010011110010000110111100010001000110001111111010110110011000111011010001111001011010010010110110010000101100011110011011110011011100111101000000000010
10001101110111110010000100001000100011010111111011001111110110010100001001000100111010000111000100111001111001011110111100111011010110001001111010110010111010000111011101011100010000011101101111111100
10010011101000001011100101001101100110001100011010110110111010011101001000001100111101010010111110011101010111000010011011011000010000111010010101110101110111011101011100010011110001110111000000111000
10100111000011100110001101011111110001110111000010000010001000000111111110111010101001110010011010011000111101100110111101110100011100101111100110010010011110101101000110110100000000110111100010111100
11000000100111101110110010111001011011001101000100110000011101000001111001110000000011000010111101011101001111110110000110111101100111111011100010111110001011011010000000111000100011101110110000000101
11011101001101111011110001001011010101001001011111000010100001100111011100111000010011000110011111010001100001010000111001000110111111010010011010010111000110010001111111001010010011011110011111000011
00111110000101010111010011101001001100100110000000010101011001010011101111100101001110010010101110100001101111110010011001000111011011010011100011001101100111010100110001011011110011010001111000111000
01100001110100001101000100011010000011111100001100011001100111100100000101011010011111101000010110011010000011011011101100000011011000010111101101011011011001011010010011110000110000101100011110010000
11100110001100000001011000100000100010001010001110000011010000100010101110111010000011101001101111001000000010110010100100101110111101001000000011010111111000000011111010001111000000000001001011001101
10000000110001010111000100101001011010001000011011110000011101001111101010100011001011110000100000011110111100000010100010001000100001001101100100100010101100100011001010010101000000010110011101101100
11111001000011100011100100111011011000110001111110111001100111100010100010101110001101101100110000110001100011100100110010110001101111000111011010010001000001000110001101011111000101011100001000010000
00100110001001111101101010101101100101111101100001001100011001010111101101001100100000001111111100101010111000001111111100000101110101000000111011001010111100001101111100100010100010100111011000000011
01010000110111101001100100100111011111011111001111011010110011110100000001001010110011000000010100110010111100101000100001100000101010001110111001101011100100010000101101010101011000010111110101001000
01100101110000011101011000001101100010000000000011011100001011111110100011111111001011100001011011010001101101011010011101101000101101100001101010001111001000110001010100000000001000010110010111111000
00101100101001000001011100011110110000111110001110010111001100011100000010011101111010100001100001111000000100101010110001101010011110101010101110111100100111100001011101010111000100101111010011000010
01110100011011110110111101100000100011100111001101100010111011111000110111110110000011110101010000000101101001001111101101001101101000111110111110110111010011010110110101101000011001110001110101001000
01111011001010110110111111000001111011101010000001110111100010001000100011110010011100000100110010110101000100000010001100001000011000101010000111000000011010011001010001001001110110110100011011100100
00110101000100100011000010110010010010100100101010011110110001010101011010011101111111000111010011010001000110110100001011000101110110111100101100111110011110010111101001010000100011001100010111011101
00100011100101000101001000100010101111011011000101110110100000111001111111110001110001100001001001110100011001101100010110011001111110101100101011001110010011111010010001110110000100111100111110100011
01001011101101001001110101001100010000011001000000101110001100010110010000100001110101011100110000101100001000110111101110010000101001101101101101010111010000111111000000001100101100110100110100010000
01110111100000101000111110000110001000001011011100100010100111000100011110011101001111110010001101001110001010011010100101101100101001011010001010001001010111000000000000110001110100011110001111110110
00011101110011101100111101101000011101101100100001111110111110001000111000100101010111101011100111011100110111010111000010101110100110110011001010101100011100101011111000101010000110100110110101010011
01000011011000100110111011010100011001000011001111100011110101011011111010011001000100101111111011000101001000100010110111110010001000111011001000011001100100010001001011000010101111010001100101001011
00111011011011110010001000111000011100111000001110111110010010101010111111110110000111000001011001000100110001011001110001110101010110010101010101111111101101101010011010000101101110101111001011010111
00010011111101011111001110000110101010101100000100100010100100100101111101110111011101111100011000010011100110110010111101101010010101000001110000100100111010100001100101000111111000001111011000011010
00111111010101110110101101111001011010010010000011000011000011011100100000011000100101011100110001001110111111011110101100011111000101011101110100100101000011101010001100011001011110110110011000101101
11101110010110100111000000000110011010001110010010111101110011101000110110001010100111001100110110111101010011010000011001101010011000000000111000001010011010110010001001101000011001110111001000111111
10001011110100000110001101101110101000010101010100100011100111100011010000100101111001011011110000000111111111111010000111111000111110011111101101011010001011101010100010011100101010011001000101111110
10100011100101110010110101011011110001110110001000011111000000110011101100110010110100100110010110111111100101010111101001110001110001100000001001010010101100010000110110111001011001010110001000110011
11111111100110000011110010011101011001100000100001101100010000001011000110111011111101000111011110000100001011110001001110010010110001101001011010111110011100001001100010001110100111110000010000111100
10010010110100010101101000110100000011010010010100011101010001010001000100000000111100010000001001010001001011111000000100111110101101011101101011001000000000001101000100111111100100010110100111111000
10110000011110010110000000101010111001011111011011011000011100010001111000001100010111101100011110010100000111101001111011011000000111000111001011011000000000100010101111110100011010010011001001001001
00111101001100101000100011110011111100111001001011011111110011011010110101101011100011111100110110001011101101101001000001101100111000101011001111010000111000010000110001110101010101000100100000010101
11010111000100100100110010110010000010111011110001010101111101110001011001011011011110000100111111111100011011000111110000000000101110111010110011000010111000100001010000100010110010101001100000100010
11011000101110000101110010001101111110100100110011101010101010100100100111101101101100101111100100001010010100110000000110001001100101101000100001111011100100010011101101010110010001011001010010000000
11011100010001111011000111011100101011010110001111001111111001010101100100110110111010101001101011010111010001110100000010101111011001001101000100011111011001101101101110100111111100101111011000110111
01010111101000110111010001001100011101001100110001101110111110000011010110000111000100100011100001000111100111100101101111111111101000101010001000011100110100100010011010011001000001110000100111110101
10110111001000010111011100100010010111101100010000100110110100110010110101001101100011010000111001001110000010001101010111100001001111010101110110011111110101111110111111011110101010010000000011101000
00110111111111101101000101011000110110110101001101011101110111000000101010010110111001000001101110000011000110011101000000100011001000001011111011010011110001011110000011011110101100010000100001010001
01010110001111101001100010011110011100000111000001011011011001110110010101111001001000001010001101001101000111100000111111000101010110100110100010001111001010011011000000111011000101110000000110010001
10011101111101001010000111000011110000111001111101110011011000101100001001101110111101001011110011000100011001111110100100100101000000001101111101110101101000001001001101100000001011001010010101010110
00101100001111011111100100011010010001001011101110100100000110101010010111101100110110110010011100111110100111110111011101011101000000111010011111110000111101011111111101001100010000110000100001101111
11000010001100101110010001100001110110011000110010111010001001000101110100010010000100100111110100100011101010001000001100110011100101100000100100010100011111110000101010011110100100010000000000000010
01010101111011100111011011010011111000100111110110010010011000010110100001110001000110110011000001010110010010100010101101101101111110001101000110010100010101001101011111100001001000001001100000011100
10101111100010110101100111011111001110111101110100101010010101100111111010110001100110100101000111000010100110100101111001110011010000101111010101110101010110000110111010010000001000101101000001101001
10001101110111110000110101111100101000101001001011010101011111101100010110001110110001111011110101011010000010100011000100100111000000011111010101000100010011001111110011110001001100001110110010101111
10100111000010110110011110010111011010010111110100000111100111010100010111001001010111001111001111000101100001110101111111000001101010110101100011100111001001000100101010000111111001011100010011010011
01011110101100111110010011111111011001000011001010101111101101100001001111101010101101110001101110000010001001011001011010111111011001101011010010100111001100100100010111011011111010011011100100100101
01000011011011101001000011011110111000100101000010100101010001011001110001111101110000010111101000101111101001111110101001100111101000100011010110000111001011001101010000101111011100000100010111000111
10010110111111110100010010001001000101110011011000011110100001111110110001111111111111000110011101110101011111000010111010110010101000100010110010110101100011000000110010010111010010011000110101011011
10101101010001101111011011000010110100111110011111010011010001001100001010100100001010001001000101111000100100000101001011000110110110001011111000001000010000010010001011111011100001010000111001101100
00000110111001001110011101101101011110110010100000000010110001011111100001000111101000110111010100011100000001000110100011000100101010001111001011110000110010010000011001110110100110011011010011111100
