001001000010000001000011000000
000110000100000000011000001100
100011001010110001000000001000
010010000000000000001101000101
011100110010000100000101010010
101000000100000010101000000101
000010000010010100000111111100
000010000010100000000000011000
001000000010000001000000000000
010001000010000000000101001000
101010111100000001100111101000
000000000000001000000100000001
001000010000000010101001011000
001000100000000000010011010001
000000000001000010000100000100
000010100000000000000000100011
000001000000101001010000000000
101000001010000010001010010000
000001000010100000000001010100
010000000000010010001001010010
010101000000100001010000001000
000110100111001000000000000100
100000100010010001000001000100
100110100110110000110010000100
000000100010000100000000010010
000010110000110001110000100001
011000110110100000001000000000
010101100000001000100111000010
000010000000000100010000100100
000101000001010100000000010000
