00111110110011011011111011110111110101011101011111
00111001111111111101111101101111101110111011101101
11011001010111111111101011101111011111010010111111
11101011001011011010111111111101011111011111101111
11110001111110011110101111111111101111111111111111
10000011011111101111111101111000000111111101100011
10010101110111100101111110111110111011111110111101
01111110011111011110111110111111101011110101101111
11001010010101111111001111111110101111001111110111
11101111101111111110101111110111101111101101111111
01011101010111101111001111111100111111011100001111
01101111111011110010111011100111001011101111111011
11111111011101111111110101111100101111001111011111
11110111111110110111001111101111101111010101110111
01100110111111001111101011111100110111101011111111
11111001110111000101011011111110110110111011101100
11111101111010100101010101111111010101111111111111
01101111111011111011111110111111011111111110110111
10111101111111100101110010110111110111101111010110
11100110101011111110111101011111100101101011111111
11111111010110100111011010111111101111011101111011
11010111000110011111100011001001110111111000100101
11111111111101110101100111110110111110110101111010
01011111111011001101001011011100101111110101111011
10111011111101110110111100011111111111111110001001
11111100111111111001011100111111010111111110110111
11111111111111111110101001011001111001111111011111
10011111111010111111101111101101110111101001111111
01111111101011111101110111110111001111111111111011
11111011111111111111101111011011111111111101111011
11101011110101011111101011001101111111100100110011
11111001010101001111110011111110111101100111011111
11001011111011110011111110110111011100111000111111
10110010001000111110011011110111100111000011111001
01111011111111000100101110101111100011010110101010
11111100111011111111111111011111110001111010111110
01111111111111110110111111011110011001111111001011
10111111111111101111110111111111011110001100111001
01001111010100111111011111111111100110010111011111
11111111001001011100111111101100101110101101001111
11011110111110111111110011111100100111010010101111
10011111111111001110101111101111001011110011101111
01111010100110111111000011101001011110101101011111
11011101110111111011101100111101010010110110101100
01111111110101111101111101011110111101001101011010
10101010110111101111101101111111110101100010101011
11111011011110111001101110111101111111111111110101
11111011111011111111010001110001100100111111001010
10111101111111101111101101111111101110111110110101
11111111111111101101110111111111110011111110011010
