011111101111100001011111100111110110111111110111010111010111011010101001101110110011011011
100100111011101001111110011001010111111111111001111011111101101111101111101011110110110011
100101010110011111110111000011111111110110011101101111010011010111110111111110111110110111
111011111110111001111101110011111101011100111110100011111010111111111111011111110111111101
100101110111101000111111111111011011111001111111011111111000111111110110110111111111111101
101110110111111101111001111111110111111111111111111010111100100111111110111111111111011110
110111011111001111111011111110000111110011100111111001111010011101111110111101010110110111
011111100101111001001100100010011111111110101111101101011111011101111111111100111111111111
110100100111111111111110100101011111010110111111111011010011101000101101111101111111111111
101111111011111001111110100001111100000111011011111000111101111111111011011011101111011110
111111101100100111101111011000010101100101101111111011111011010111100111111101100111111111
110011111100111111111101111101101011111111011101101100111010011111011101111011001100111001
110111011111001111101011111111101011100111011100110011111111100011011111110100110110110000
001101011101000100011000111101111011011011011110111101101111101111011111111101111110110011
011111111101100001111111010011011011111111111111111101110101111111001011100111111111110101
001001101011110011110111111101111101101111111110101111010101011001111111111011110111111111
001000101011100101111111101001000101111110111111110111111111111010101111111011011111111110
111101111111101110110110101111010111111111111111111111110101011101100110111111011011111011
011111101111101111011111010010101111101111100011011111001110001111111000001111111011110111
111111101101011111101111110111111101110111110011111110101110101111101011111100101101111100
110111111111111010110111011011000111111111110101001001110111011110010011011111111011010011
111110011111001111111011110111110011101101011110110111011111101100111111111111101111111111
111010101110101111111101101111110111101111111110111010011011100111101111111101011010111111
101111100011101110111110100111111110110111101111100010111001111111011110110111111011000101
100111111101110111010111010111111111101100101100111111101111101110001110011000111101111111
010111100011111100111100101011100111101100111111100111111010111011111010111001111111111111
010011100011110111001010010101011011111101110111111111111111111010111111100111011111011110
100011101001110101010111101011111001111110100111010011111101000100010011011111111111111011
101111110000101001111111110101111111111111111111110110011111000111110111011111111011111111
111111001101111111011111111110111011111110011111110111101111001111010110011111111111100011
101101000101110100110111110111010101010001001101011111101111101110111111101010011111011011
111111011110011101010111101111101011001100111111101101111011111001111111100101111111111111
001110011101111100110001101111010111111101110111010101001111111101111111111111111011111111
111101111110000111111011110010101011110001101100110111111100110011111101001110011110110110
111011111001111001101111111011011101011110111001101100101010110110111111111010111100110111
011111111011111111111110111111111110111101110101110111111011101101111001100110111101111011
111011110011101111111111111111001101011010011010111111111111110111111111011111011111111101
111111111001011011011001001111101111101011100111111101011111111111111111011111111101110011
110111010001011111101110111111011011110110011111110111111011111111110101011111111101011111
111101011111101111111111111111011011001010101010111010111111001111101111101101111110011110
111001111101111111111011000111000010111101011110010101100111111100000010111011011110111111
110011100111111101111111001010101101010010011100111011011111111100010011010111011100100111
110111111010001111111011111110011111010100011111111011100111101011111110110111010111111111
111111001101111111011110011011011011101011100111111111111011110111110111111110011111111011
011111011111111111000111110011110110101111100011001111011110111110011101111111111111111111
101111111011111111001111111111111101011011110011101011111100111100011111111111111111111100
100111111110011111110111011111011000111110111101101101111111010110110000111011111101111111
111011111111001011111001011111111011011000111110101111111100010010111111111111110111101111
011101111111111111010111111011010111111101110111001101010111111111101110111010011111111111
110011101110111011110110101111101101111111110000000011011101011110111001111110110000101110
011011111111011101111010101000110010110101111111100110111101111111110101110001001110001110
101010010001011111110100111011111111111010011011101011110111111100101110101101111111000010
111111001010100111110111111111100101101101111101011101010111110011110111110111101100111011
111110111010111111101100111101111101111011111111110110101101111111011111110001111101110111
010111100111111011011001111101110111101110110111001101011110111100111111111101110011011111
111111111111101111001111011110010101111101011111111110101101111010100111011011011111011101
010111110111110010110111111111111111111101011111011001110111111101111111111111011000111110
110001010100111111111100101111101100110111101111111111111001110011111101101010011011000011
101100111011110010111110111011111011111111111010100110101000110101111111111111100111011101
111000011110111111001111101111111001111111110010111111011100111001111111000111101111111111
010111001100111010010111111000111111111011111100101111111111011011110011010010001100110111
101110110111001111001001011000011110111011011111111111111111101111111111000011100000101100
110110111101011111111101111001111001011111101100111101111001110110001111011111101011111111
011111110111011001111111100111101011111111011110111101101010011001001110000011101111111111
111111000111111010111011111011100110111100111011111011010100111000101011101100011111101011
011111110111111101110011010011011101111100110000101011001111110100111011111101001100100101
111111111110000111110110011010111111111100110011111110111111110011011110011110111111111011
001111110101110100101101011111111111111001111111011011101111110001100111110111110101111111
110101111101111110110111111000111111110100101101110101101111011111100011111010111110111101
011111111011110111000111101011111110111100111101101111111111011100110011011111011011111101
011111110110111111011111111111111010110111110101100111111011111111111100110011111111101011
111100011111111110011110001110111111111101011101011011111111111011011100111001110111111011
111011111011111111010111011000111011000110111111111111101110000011011011011111111111110100
001111111111110111011111110111001010111011111111111011111010101001111111101011111101111111
111101111111010111111110110111101110111110011111110100111110001011101101110101100100110111
101111111010111001111111001111011101111101111101010110101011001011110100101011101110111110
111111000101001111101101001111101111111011111111110010011111111100111110110100111111100111
010111101111011111101111011111011000111111101111001111111011011101010111111100101101111111
111111011110111100111101110111011011011100001111010111100011011100111011111111011101101001
111111111000111111101011111111111111111111111111110101111100000010111111110010101000011111
001011011101011011111111111111111111111111011110101111011101101111101110110111110100111111
011111111111111110010100111101110111111111111111101111010011100111111011111111101011110110
111111111110111111101111011111111100100110111101101100110111001110101111100110000101010011
100111011110001111111101111111111001111000111111100101110111001110110111110011100110111111
011110111011111111110110110111011111110011111111110011001001111111111111111111101101011110
111111111111111111111110111110111111111110111110100011111011101100111101111101011111101111
100111011111000111010110111110111001101110111111111010111011011110111111010101111001110011
001111111110001110110111111010011110101111101111111001111011111101011100111111011101110010
111001111110010111101110111111111111011111111011111111101101101110110011011111011111111100
111110111011011101101111110111111011111011111011100011110111101111111111011011111011011000
