011111101111110111111111110111111111101111111111100110111011001101011110111011011011101111111100101010111011111101111001111011111111111111111101011111
101111101110111111111111111110100101110111111011111111111011111111100011111101111111111111111111011111110101111111110101110101111110111111111100111111
110010011111111111111111101110010110111010110111110010111111111100111011111111111111111101000011100010011100000111111101110011010010101101110011010111
110011011011111011111111111111110011111101101111110011111011110110011100011011110111111101011101111111101101110011011111010110100101111011001111110101
111100110111111101101011101011110111000110111110100101111111111111001111011101111000011110110011010111111111111111111100111111110011111011111110110011
110100101110111111101111101111010111110011111111011110111101100111110010111011101111011111111111111111111011111111111111111101011111010111000110111110
110011011111100011111111111011111101101111011011111000111111101011101111111111111111110011111000101111111011101011111111011001111111101111111011111111
001110100011111111110111110011110100101011111110111011111111111111111111111011110111011111011011111110011011111011111111110011011110100110011101111111
111101100110111101110111011111011011011011111101111011010110111011101101011110111001010010111000111111111101111111010101101110101111010110111111001111
111011101000101000111110110111110110111111111101111101101101011111100101111101111001011111111111101111000111111011111111111000111111111111111100101111
111111111000001001100111111101111011011110100001001111101101111101111101111111111111110111110011111110110110111101011011111101010011111011111111010110
101110110000011001101110011100011111111110101101111111101111111111110111011111011001111111110111101011111111111110000010110011111111111111110100000111
111111111100011100111011101010010101101111110111111010011111011111101111111011010011111111101111011011111110111011110110111111110010110011111111111101
111111011001101110100101111010101110110111001101111111111111101111011010110110111101010111111101110110111000110001011111111110101111111011111011110110
011111011111110111110110001110011110111111101101100101010101111110111110111111111001111111111111011111111101111101101111001101111111011011111111101101
111011011000111000111111110110101110111110111011110110110111100101011110111010110001101101110111011101001011111011011001101010100011011101011111111111
111101110000011001010111110111110101111110110110111111011010101111111110111111001110011101001011110111101100101110111101111011101101101111111011101011
111111111011001010101011110111111011011011111111011111010111110001111011111111110111111111111111111111111111111111001100011111111111110001011011011111
111111111111111101011111100010111111110111000010111111111011111111101011111100111011111110011100101111111111111111010111011010110010111110011111111011
111100111100101110101111111111110100111101010011001110111110011111001111001001101111111011111110111110111110111111110110111110111111101111011101111110
111111100101100101110000110111110010101110101110111111111111001001111111011110111010010111011111101011000001011110111001010101111111111100111010011110
111101111111011110110001011111101101111110111011110111101100001100001110111111011101010100001101111110110011001110001111011111111111110101111011110110
111111111111101111110001111000110111111111100110110011100111111100110100111111101111100011111111110011101111111111110011011101101111100010111101111101
111111111010110111110110100011111111111101111111110111111111111011001001110011011111011111111001101111111111100111101111101111100001001001101111101011
111111110110110111111011011011110111110111110001101101011001110110101011110111110111111110011001111110111110000111001001110001111111101110011111111110
110100111111010111011110100110010110111001111001110111111111011011011011011111100111100011110111101010011110100110011010111110001011010110001011001101
011111101011111000010110100001111111001111011111101100011101110111010111111110111111100111110110111101110110111111001110111010111111010100001101111011
111101001111001111011100010010001011011110110100111011111101111010111111011101111011101111001110111001011011111111111101111111110101111110111111011111
111111111100111111111101110101110111111111000111101111011101101111110111111011011111111110111110101010111111010010101111110101111111111111011101011111
100111111110000011011101101010101111011111011111100111101101111110101111110000101011101001111010111011111101100111011111101111111111011111101111110101
110110110110010111111111101011011101001110011111011101011111111101100111010111111111111011111011101011000011111110100010111110110111110111110101100010
101111111111101011111011111010101101010111101101011101111110010010110101000111011110111111110111110001111101011111111011101110001111110111110011110011
100000101011011101100101001101110111101001100111000110111111110110110010011010110100010001101101111011110111101001111110111111101001010001100111011111
111011110101111110110111111011111011101011111101111110011111110111010111011101011000001111000111111001101111101111111111110111110101010111111101111111
101111001111011101101011111111001101101011110001111111110010111111011110111010001111001110111100101101101111111111011101111111101100110011111111111111
110111101011100011100111101111111110011100111110000111100111111111111000100011011111111011101101101101110101111011011110111011110011111111110011111111
111101110101111110111111110010001110011111001101011101011111111111101000101011111111111111111111101101110111110101001110101111111111110001011010101110
011101001111011111110111110111010001101101011100010111101101110010111100111110111111110101001101111010111111111011101001100111111111111111011110111111
101100111111101111011111011111101111110101101110111111111111111110111101100101111011110011111100011011111101111111110111111111111111010011011101101011
110110100111111110111111101111110001111011111101110111011111101011110111110001100111101010111000101111111111111111010101111011111111110111111101111101
111011111111111111101110101111110110100101011111111111111111111010111111011101111101011111111110101111101111011011111100011100110111011001111011011101
110101111100111001110011111011011110111110111101010101111110111111111110111111110010100111110110111011111101110111111100000111101110111111001111011111
111111011111101111001111110100011111001101010011110111111111110111111111111101110111111110110111101110111010110110111101110010110111111111101000101111
111011111100100111010101111101100111010111101111011101111011011110001101111100101010101101111111110001111111111111111110111101011101111111111010111111
110111111101011101001101011001110101111111010101011011011100101011111101001111101111101111010110010110110111011111111111001011111111011111110011101111
101111011101111011001011001111111101111111011011101111110110010011010011111110011010111111101110111111110111111011011111111010111111110111101010111010
111111110000100111111111001011101001001010110101111111000111011111111111011011010111101101111111100111111111111111100111111110011110111101110011010110
111101101111111101010101111011111110100111111110110100011110101011101010110110011101111111111110111111011111111011001111111011111111110101010111111101
111110111101111110101111111111000110001110100111001110111100111011110101100111100111011111110011111001101111101110101111111011111111111111111100111111
011101111101110111101111010100110110111111111011001101001111111110101011010111101111011010100011110111100111111111111111111111110111111111111111011010
010001111111110011111000101110110110101010011110110111111111110011111111011111101101010111111011011011111111011010100110111100111111011101111011001101
110011000111011111111101111011111111111111110111111011011111111111011111111011110111111111011111110111111111111011111010100110110111001111111111111101
111101011011110111111111010111001111011110101110101101110101111111010111101111111101111111111111101111000111100111101111011011011111111111101011111011
010110011111011011101111110111110011111111111110011110110001011101101100101101111111100111111001010111111111100111110110011111111011101111110101011111
111111110111010100111111010101011011011011110100101011011111001001110111101011011011110100110010110010101011111110110111110111111101011011011111111101
111111111000111111111001111110111110101111111101101111101111001011111100111111100101011101101001110011011011111100011010111111111111010101101011111111
111111110111110010111101111111111100111111111001111100110011111101011011111111111111011110101111111111110001001111011111111111111111111011110101110011
001011111111111101011111011111111101111111101111111110110011111101111111111111111110000011011101110111110010110010111110011001011111101011110100100111
111110111001110111111011010000111111101111110111011100111101011111011111011110011110011101110010110101010110111100111111101101010111111011000111011110
111111110111111101101011111111101101111110110010011111111110001110011101011110100101100010001111111011111111010111101111110100010111111101101111101111
011111111011011111100011101111101111111111101001111110001100001111110010101001111111110111001110101011100111111111011110111111100011110011111111111010
011110011111101001110011111101111111111011110110111111001110001111111001111111001101111011110111111100110011101100010101111111111110111111111111110001
111010111111111010111111010111100011101111011011110111111111110111110101011110111111101111001111111111010000011111111011111110100000001111111010111110
111111010111111110110110101011101111101001110010010111001111111010111011101101101111100001110110111001101110111100101111110101111111111111111111010111
010111111101111010110001111111011111111111111111111110010011111101110110111100111000111001011010010111111101110111111111111011111101110111011011101001
110011111111110111111001011010100111100101101111101111111110111010001111111001010111111011111101011110111110111110111100100100101001111111011101111110
011001111111101011101010100111111001111111101011111001110100111110001010010111110111011010111111111111111111100111111011111111001011111101011111011110
101101010011011111001010011110011111011111101110101110111111111110001011111101111111111101111101011101101110111111110111111111111001111100100011111100
101110111010111111111101110101000011111011111011011101011111010101110010110111111111110111111110111111111110101111111110110111111111011001111111001100
100110111111101110011110001111110110011111111010101111110111001011000010010111100110101101101111111101011101011111001101101111101111101111011111100110
111011110001111111111100111111101110000111100111011110101110100111111100101001110101011011111011111011111110111010101101111111101111110111111101011111
011010111111100001111001111111110100001110111110111110101111011101010000111111011111111101111111101111001011111111101111011110111111111101110110100111
111001110110111111100111101011000011111101110101100111111100110111011011010110110111100110110101110011111111011110101110101011110110111111111101110101
111111111111111111101111111111101110010111110111011100011111011011111101101011011100101111111101111000111110110010111101011111110111111010011010101010
111111111111101111111110011110001110110011111110001111111111111111010011010111110111111111111111110101111101111111111111110101111010001111011011111011
011010101111011011101110111100110100011011111101111011011111011110111101101011100110011010111111111111111111111011110111111111100010011010110110111000
101101111011111111001111111010111011110001001111111110111111011000101101111101101011011101101011101101100111110111110011101111111111111100110101100011
111111110111101011010111110110110101101111101010111111111100110101111111011110101011001111111001110011011101111111111101101111010100011101110101110100
011111111110011101111010111101101000111111111000111111011101101110111110101111011111111010111111011011111011110010001111111111111100111011101111101110
111110111111111101101101101110111101111011100111000111101110101011111011111000100111110101101111011110101111010111111111111000010101011111100111101111
111011101111011010111111001111110111111010011101011011101110111110011001010011100110111110111101110111111111000111111101111011101111111110100111111110
011101110010010011010111111010111011110110101011111111011111111101111111111100111011101001001011110011111011101111111111100101111011101010111110001111
111101110010100011111011111111110011111101111110110101101110101101111101101111111101110101111000111111111111000110111111010111110111010111111010111000
111101111111111101110111111111100011111110101011111111111001111101111011101011110110110110111011111001111111010101111111110110111111110011100111110110
111100100011101101110010111111110001111101111111000111100001111111011101111000111111001100111111101011101110100101111111101100011110001110111011001011
011111111111111011111101100010111001111010100101111110111010110011111011001110111011001101111111111101011111110111111110110110111111010001110111110110
111111010101101111110001100111110111100110111111110110011010011011110111011111101100110010110011111111111111101110100111111001111110101111111111011101
111111010111111111101101101110010110110011111111101111111010101000011101111011011011110001110111111111100111110111011011111101111101111001111111101001
110011111111111001111011111110110111101111101101111111001101111001101010111101101001001001010111110010101110100111111111001110111100111111111111001110
111101110111111111011011011101111101111011011111101111010110111111011111011011010110010110110011111011111111110110110011101110110110001011111111010111
110011101111111101010011011011111011101111110111111011111010010101111111111111111011111101011111001001111111111001111111111010111011110011111111111111
110111111111011101111011111011110010101111111011101111100110010111111011111101101011111111100010111101101011101011111101111100110111111110110110111110
110101111100111011111111100111101011111110010111001111011101101011111111011111111111110000100111100011101111010110101101010011101010111101011111011111
110101000101111101111110011110011111111011111111000110001101111101111101111100111000110110101011111010111011011111111111101111111100111111111111101100
011011010111101111011010011111110100100011111111111110101011111110101111001110110101111111111101111100001111111110001001111011111111111111101111100011
011111010111111111001111110000111101110000110010111111011101011001110111111111111101111111101110111111011111111111110111101101111011111101111111111111
101101111111010011111111111111111111110111110111110110111111111100101111111111001111111111011111011011011010110011010111001111111001101110111111111111
010111011010111111010110101101011100011001011101111101111111011111111110111101111111011111010111101110001010101111111111001111101111101111101101000011
110101111111101101111101111111101111111111100101101010001001111101111111010110110011111101110111110011111111011100111111111010101010110101111001011101
010111111110011111110101101000000011100110101111010111001110011011111101001110011010011100010011010000111110110001111011110110001011111101111111111101
111111111111111011111111110011101000011111101111011111111101101011101011100101111110101111001101111001111101100100100111001101011111111111110110011111
010111101101101111101011001101111111101111010111111111011111101110111111101111101111111101111001101010110111111101111111001011011111111010111001111101
110111101011111011110111101011011111111111111110111101101101110111111010111110111111101111111100001111011111111010000111101111111001101100001101111111
111011111011111001110101111111011001111101111111001101011111011011101110111101101111011001100101101111101011101111110011011010111111100101111011110111
101111111001111111110011110111010110011111110011101101110001000111111111111101111111111011111111111110110111111011110111111111111111110111111010101111
011110001111101011110011111011011111111111011111111111000011100111111110111111011011111111101011001111101011110110100101101111010110111100111111010111
100011110111100101110111111110101110110110111111111111110111110101111011110110111111111111111111111101111100111101100111010010101011111111111011111111
110111111101001101101111000111111111111111011111111111111001110010100101101111111111011101111111001011111100110111111100111111101110111011111111111111
110111111111111111110011011101101111111101110111110111110110110111111011011111100100111111110011110111111111011100111100110111111101111111101011100111
110111011111111101111010001110110011111111111111011100110111101111010111111111110001010101101111101101101111101111111010101011111111001011010111111111
110011111111101111111110001100111111011110011111111100111010111101011111101101000100001000110111011001111010110111100110111011110110101111000110011001
111011001011001011111111111101110110101101111010110011111011111111111101101011011111111111001111011011010111111000100001001011111110111110011111110111
011111111101100111111111111111110111011111111111111111101101101011111111111111111110011111011111110000111101011001101111111011110011101110111110111010
111111111110111101110011101101011111111111011111010111001001101010111101001111011101110110110101110101011011011010111111110111111111111111111111101111
111011110100101010011011000110111100011011111010111111100111001111111011111111011111111011111101011111011111111111011101110111011110101111111111011111
111111111110110110111010010101011111001111111100010101111110111011111000011111011111110111110101111101011001110001101111110111110111110011011111111111
101111110110011111001101111111011111110011111101110110011111101111101111111001111111110110111110011101000001110011110011111010010101011100010011110111
011111111100111011110101001111001111101111111111111011101111110111011111111101111111111010111101111011101111101011110001111100110000101101011011111111
000101110111111000110111011011111101101000011111111111111111101110111001101110110111111111100101111111111010011011011001011111110110111101011111111011
111101111110011110101111100111010110011100101111110010101011011110110111011111111111101111111111111111111110000111111110111111110110111111110010111111
111011011111110110010001111111111111111100110111111100111011111111111110101111111101111101110111001100101101111011111101010010110111101101111101001111
111111110111110011111110111110101111001110110111111011111101111110111011011100111011011100111010001100011011101011111111101111001111011101001110011111
100011101110111111110111011101111011101110011111111011011110111010110111110111111000101111110111111011111101011110001111010101100011101011011110011010
010111001010111001011111010111111110111011010010011101111011111101111111011111100111110111010101110110101101100001110111011011110010111111011101111101
101110011001110111110101011101111111111101101111110111111000111010111111110111101011010011101110111101111111111111111011110101111101111001111110101011
111011110011101011001111100111001111111101011001110011111110110110111110111111101110001100001111110011101101111111110011011110101101111001011111111001
110110101101111111111111101111101111111111101101111101111000111111011111111110101111011111111111111000111011111111010111101111010110101110111011111111
111011110111101001111100101111100101111110111111111111111111010110011001111011110111111111110111100011111100111111111111100110101010111111111111001011
110001111101011011011110111011011010111101011111101011111100010111111111001010101101111110101111111111111011110101100000010011010110011101111100111111
110101111101011011011110101111110110111111111111111110111111010110001111110011111011111111010110010011011101111101111011110011101011111101111100111111
111011111111111101111110111011110001111111101111111111011111110100101111111110001111111001111011011111011111011111110011111100111101101101111111110011
100111101111011111011111111111111101111110111101111111111111100111111111010010011111010100110011110111111010110011011000111011000110111111010101111111
111110110111110011111110100110110011110101110111110011001111110111110111110010101101001110111111111111111111101111110111101111110111011010101001100001
110111001111111101101100011111111111111111111111111010111011110111111011110111111011010110111111001111001111100101011011010111011101101100111111100101
111110100111011110111001100111000001010011111010111111101111011101111101111111111100101111011111110111100111111111101111111111111111110111110100000111
111001111101000110111100111111110101010101111111111111010001011111110111101011011010101010011111111110111110101111101111110100111111011001010011010111
110111111111111010110010110111110111011101111100110111101110111111000110111100111111101011110110110011001011111111110001001100110001101001111111101110
111111100111111111010101000011111111111111111111111111111111111111101111101001110011011111101111011110011011111001110111111111011111001110101111111110
111010101111111010001111000101111111000110111110111111011101111100011011100111111111111111110111111111011111100011100001100010111110111011011110111101
111010111111111111111110100110110111111110011011111101101100111111101111111111000110111111111101101111011111010111111111101111111111011110101111110111
110110111110111111111111111111000110111111110100111110110001111111101110111000100110101111101111111101111111100111110110111111111110110011110000111111
110111011111101100110011101111101110011101000001110101101111110101101111100111111101011111111111110110100101011111110010111111011111011011110011111101
001111101010111111101101110101011011110011011111011110110011111110111101011100111111111111111111100110011111111111111111011011110010010111110100110111
101100111010111111110111111111111111001111001011011111111011110111111110101011111001111111101111111101110111110101111110100101110011110111010100111011
010111110100111110110111101001110111111100111101100110111101111011010101111111111011010100110111100101111011110111011111000111101111110011111111011111
111111110010110101111110101111011111010111010111110111111010111101110010101101001011011001111001101111110111011110111111011101101111000101111111101011
110001111100101111111011111110001111111111111101111111110011101011111010011100111110101110111101101111101011011011110111111111111101000011101101110111
111101111111111101011110110111001111110111111011101101110111001101111111100001111101011011111101101111111111110101111101110100101101011111111110101001
111011111111010111111101101110111111111001111110110011011111101101100111011010111101110011111011110010111111110111111111111010111111001111011011111001
111110111101101111100011011111011111011111111001101111111101010110000011101010010100101101101011111111111111111101111111110111111111111100111111111110
