011101111011111111110111011111110111101011111111111110111111
101111101010111011011111111111110010001111111111110100111111
110110111110111110011110111111111111011010110111101111101011
111011010101111111011100101011110111011111001111111111011101
011101011110101111111111001111000111011010111000111111101010
110110101011111011100111101111101111101110111110001101111110
111001010000111111111111111000101011001101001010111011100110
101110101011110110100101101110101011101001111111110110111111
111011010111111111110100111110111001011010010111111111110111
001110001001111011011110111011011111110111011110011110111111
111011011001111111111111111111111011111111111011111111111110
100101011110111111111100110101111111111111111111110001101110
111111111111011111101110011010111001111111100111011111011011
111101111111101010111111110110011010111111011011111110011110
111111101111110011111011111001111110110011011111100111111111
101110111011100011111111101110101001001111010111111111111111
111111111111111101011100011111110111111110011111011110101111
110111101111101110011111011111111111111011111011011111001100
100011111011111100011111110111001000011111011110001010101111
111110101111011111101011010011111110111111111101110111110111
011110100111111111110111001111011101011111101110111101101010
111111111111110111101010010011111111111010011111111011110111
111011100110111101111100110111101111110111101111110111111011
110011110010011101111000110111000100110111111100011010110101
011101111111011100100011011011111011111111111111110110011111
111000101111111011110111100010101111111111111111000011101110
111111111110101111001000100110111010101111111010011101101111
111011011011010111101011001011110110000011111111110111110111
111111011110110111111111111101000111110011110011111100011101
111111000111001011111111100110111001011111111011001100101101
111101111011101111010110111101010110110110110110111111011111
111100001111111011011100101101101011111111111001111011111110
001001111111111101111110111001010001111101111101111111101111
101111000101001011011111010110100011111111110011110111001011
111111110111011011010110111110110101111110111011111110110110
101111111111100111001110110011011110001001101011111010111110
100001010111111011010111111010111110011111011111011010011111
001110001111111011111111110011111110100101111110110110111110
111111111011110111111100111001011111100111111011001100111111
010101100111110110111011111001111110111011011101011111111111
111111001111111111111111111111110110101101101111011101001111
110100110111111101111011111111011101111110101111111101111110
111011010011100001011011111111111111011011010010100101111011
111011011111011111110101111111111110111100101110101111101101
110111110111011011111111111101011011111111010010101111110101
111101011101101110111111110100101000110111010010111011101110
111101111111111111101110111111100111111011111100111101111001
111100011011111111010110110111011111101111000000001111101011
111110111011011100011110100110111111010001111110011010110001
110110111111110111011111101110111111110111000110101111101101
101111101110110111101101001011111011101111011111110101100111
111111011110111111011010101111101110011111111011011011111111
101110111110111111110111110100111111110100011101110101111111
001111101011101101011110011100111100000111111111011110101001
111011111111001110111111011101011011011101111111111111001111
110101011110111100010111100110110011111101101010100110001101
111111010111111111101010111011111101111111110111010111110111
110101111111011111110101111111111011111111011100011110111010
111011111111111110111110111100111111111111100101001110101100
111100011100101110110111101111101100101110111011111111111000
