0010010011000000111001010000011010101000001000000001000001011000000010
0000001110010101000000000000010010000001010000000100000001100011100000
1000100010110010000000000100000000000010101101010000000000000010110000
0000101000101011000000000000101000000000000000111000000000000010100110
0011000000000001010010001000101001010000100001000100000000000100001000
1000001000010000000100000100000000100001011100101111000001101000000000
0101010000110000100011010000101000110010001100000001000001000100000011
0100000000001000010011110001010000001100000000000010001000000000000000
1110000000011110001000100000001100000111010010001010010000111100000100
1000000000000100000010110110000101010110010000000000111000000100000000
0011001000010000000010000000001001010001000000010010100000001101001000
0110011010100000111100010011000011000000001001100000100000000010101101
0001000110000100001010101000000001000100010000000000000001000010011100
0100000011001000000010000000010001000100000110000000001100100100000000
0011000010000000100110000000000000100011000100010001001000000000010000
0101100000000000000000001110000010001100001000001001000101010000000001
1000001000010010000000000000010001000010010000011010001001000000100000
1000100100010000000011000110001000000000100000010000100010010000000011
1000000010011000000100010001011010000001010010010100101110001000000000
0000010000010010001000100100000100000000011100000000010000000010000010
0000101101101110010000101000101000000000100000001000000010100011001000
1000001100000000010000011011011100001111001010001100001000001100000000
0000000111001000000110011110010000000100000000010001001010000000001111
1000001101010000001001100010100001011000000000000110011110000001000011
0000100000001001000011100000100011000100000100010010001010100010000001
0010010001000001010100100000110010000010001000001100000100001000010110
0000000001010001010001110000000000000111001001000001010001101001100100
0000000100010000001001000000000100101000100000100000100000100000000000
0001101000000000000010011100000001000101000010000001100100010000000000
1100000100000100101001100100000110010001100100110101001010000000010001
1001101010100000011011000000000000110010100011100001100000100100001000
0000000011000000000101000001010010000000000111000011000101001100010100
1100000000010001001000001100010100000100000000101111110000000011000001
0000100001111100100000011000100000100011010001010011010000000000000000
1000011000000010000000000001001001000000000010100010001000000111001000
0000101001100000000000010000011000001000110000000111000000011001000000
1000000100000001000001010001000000010000001000000011000000010100000000
0000000111001101000001101010100010000000000100111000000000000000010111
0010001011000010100001000110001001000000000111000000100100110000100000
0100010010100010001001000010110001000000011000000001100100000000000000
0010100000000000010010000001011000010000000011000001001000100110100000
0100010011001000101100000000000001010001000010100000110001010101100000
1010011000010001000101000110000000001001000000010111100000101001100010
0010011000000110000100001000010100000110000000110011000010001100000001
0000000010000100001001000000101100100010110001001000100010000000001000
0010100000010000000000000010001101000010100010000001101001000001010010
0001010000010000000000000001011010100100010100010000000000100000000000
0011000000100010111000101000010001000100001100100000010110001010000100
0001010010000001100011000100000010000100000010000010001001001001000000
0100110000000000001001010100010010010000001000000000000001001000001000
0000010110100000100000011000000111111000001100001000100100010111011000
1000011000000011000000100010111111011001101101000000010000001110101001
0000000001110000011000000001101010000011011011000010000010010001000000
0000000011000000000100010010000011000000010000010001000010001101000000
0000000101000110101001111000010000100000100001001000000000000001000010
0000000000000101001000010100100100000011000000010010000000000010000000
0000000000000000011010111000010000000000000110010000110001000000000000
1100011000001001100000000010000100000000010001001100000010000000001010
0100010010000100000010001011001000000010101000100000000000000100100100
1000000010000001010000000000100000011010010000000010100000000000100010
1000010010100000001001000110000100010000001100011101010000000010011001
0000101011100100000001000000001100101000110100000011010000100000001000
0111000000011000000110001000000010100000100000010011000100001000000011
0100000000100000000010010010000010110000011001001010111000000000000000
0111000000010000100000000010000000000010111000000001000000110000001110
0010000000001010000000000100010100000100000001000010000000001000001000
0000100000111000000010100000001000100000000010000111000001001100110100
0001000010011000000000100110000100000100000000010000000000100000101000
1001001000000000010100110100000000000100001001000000001001010010100001
0000001000010001010000111000010010000100000100000001000000001010000010
