0110111011111111011111111101111101110111110111111001111100110110111111111111111011011111110101111111
1011011110111111111110101011011110111001111111101100111111111110111001111101111111100111111101111001
1101011101010001100111011001011111111101111011011100111111011011110110111111111011011111111111011100
0110111001111110111011110001001011101110110111110011101111101101111111001011111111001110011011111011
1001011011100111111110111111110111110110111111010010011111100011110100111111111111110111011101111010
1111101001111000000111100111110111111111111110111101110111110101111011011011110111001011110110110110
1111110110111000111111011110111111111011111110010100111111010110001110010100110011111011111011111111
0110001010101110111111111111011011111111011111111011100011111011110000111111100011110111101111101111
1100101101100111101111111111111011111010110011111111100110111111101101111111011111111011111011011101
1011110010010010111111111110110011111111001111111110110110011000011111010010110101111101011111111101
1101111110010111110111111110111111110111111001100011110111111101111111110101111011100111111100111110
1111011001101111010100110111011111111111111110111011111110110111000111111011111111110011111111111011
1101011100010111010111101100111110101101111111011011101110101110111111011111110010001101110011101001
1101100110111011110011010111111111111111111111011001101110010110111011111010011111110100110110110011
1101100111111101111101110101011111101011010011101111111011111101001111110011011010110110011011011111
1110100010111110011110101111010110011101111111111110110101010101101111101111010111010111001111101111
0111101111100110011011111000111011110110110010110110111110001111111011111111100010111011110101011110
1101101101111111101111111111111110111011111010110101111100100100100111111110001001100101001111111111
1101101111000011110110110101110111101111111111111010111111111111111111100110111110011001011101111111
1110111111111011011001101011101101111010011101100111111010111011011111111111101111011111011110111111
1111111111101101111000111101111101010110010011011111111110111111111010011111111011011001101111011110
1011011111101110110100110111101110110101011011111111001011111111011111001111110101110110111111111100
1101110111111011111111011111010111111111111111111011100110111111010011111110110101011001111010111110
1011101111110110111011101111101011111110111111111111011011010111110011111010111111111111010111111001
1110101111101001110110110111011001011100101100101011010010111000001101011111101011010010111100101110
1000111111111111011011111011111110011111111111111110111011010100001101110111101111111011111001111110
0100111111110101010101111100111110111111110100001110111111111111011110111101111100100111111101000111
1111110110010111011111111100111111101010101110001011010111100111111110101111111110110101111100011110
1000111011101100111111010111011111111111110001011111011110011110111101110111110011101111011111111111
1110111111111111111010101111100111101111111110101001111000111111011011011101101101011111111111101110
1111001110111110110111011111100110110111011111011111111011111111001111101010011111101101101101101011
1110111000111111011111100111111010011001110111110110011110010111001001010110101101110101111110111110
0111111111111111111001110111111101011001110011111111111110100011011111101110111101111111011111010001
1011111111110110101110111001110010101111011010101111010011100010010101111111111011111110101111100011
1111111111111110111101110011111001011100111101101110110100010110101110101111011100101110001000011111
1110111111110101110111111110101110101100101101111110010101000111100111111110101110111111001110111110
0111011111011111011100111111110111110100101100000101110100111100101111101001111111011111111100101111
1011110101111101101011111110111001111011001101110101111111111111111001101010011111001111101111101011
1001111111110110111110110111111001000101100111110100110011101111110111111001011000010001101101010110
1110011101111111011001100110111111000110100110111100101101101111101011111111111111010111011010111100
1111111010111101111000111111110110111011011111101101111110011001101111111111111011111010111111110111
1111111110111111111111110110111111100000101111101111110110111110101111111011111001011111011011101111
0110111101111101011101111101011001111100110001011111010111010100111111111111110111101011100111110111
1101111101011101001100111111011100111111110011000101100011100111110111111111100111101111011101111111
1111111111011111111011110101011111000011110100001101111111011111111011111011111111111110111111111111
1111100111101111001111110100101110110110111100111011101111111011111011011111110101111001110111011110
1101010111110011111101111100010111110111110001000111111110101111011101110110011110111011111011101011
1011111111011101111011110100101110010111001001001000111111111111111111110111111101011110100011100111
1110010111011111001011111111111011110001111011010110111111111111101011111111111111111111111011111111
0110011011000011110111010110101111111111111110101001011011110011110011111111111111110110111010100101
0001100111111011101111111111101111110000011001101000011111001101111111100101110010110011111111101110
1001010110111110010111111001111011001100111111100100110111010101011111111011111111110011110111011111
1111011111111111111110100110011010101111110111111001011101111111110111111111110111111011111111111111
1110111001110011111110011111111111111110111010111111100111111000010110111111111101111101100110001111
1111101000011110111111010110111110000101100011111110100110110101111011101010111110011011101101011011
1111111011111101111010100011100110111101111011111011111010111111111110010110111110101110111101111011
0111111111111110101111111111101111000110111111111111011101011111101110101110111001101011010011011011
0111111100100011001001010111001001010111001111011111110010111110111110111110111101110111010111111010
1101110110111010011111101011011011001111010101111100111101011111101111110011000011110111111100110111
1110011111110111001111111110111100101100111011011101111111101101111111111110100111111110110101111110
0111000111101010101111101010111000001111110011111010110111110010011011101101111111001111111101011111
1101011010111111111011110111111100111111011110111011101111110011111110101111111100100101101110111110
1110101110011100101111110011111111110111010111111100100111101101101011100011110111011110111100000011
0011110110110011101111110011011110010111100111111111101110110110101110111111111111100111111111111111
1111110110101101111010010001100000111111111111011110101111110111001001111111101111111111111010011100
1111110101101100101111110011110011000110001111110111111101011100001110111111101111010111100000101101
1101011011101111101111001111111110101101111011111011001111111111110111111111101111111001111111100110
1011101011111011011101001111101011111010111100110011110111110101011001000011101011111101110111001111
1011011001111111111111110011011010111011111111011111111111111111011001111111111110101110110101100101
1101010011111111111101111100111111011111111111111111101000111010101110111010111111111101111110110011
1110100110110111111100110111101011111111111110111111111011111111111011011011110011011110111111111110
1110111111111110110110111110110101010011111111111101110101110001111011101011111110110001111110101111
1111110110011101110111111011011011111111111111001101111011011101111011110111111010011111001111100111
1110101110101001111111101111110111110001101101111110110111011101111010001011111010101011100011111110
1011110111011111111111111101101111110101111111111101111111110111111111111100101111111111011110011011
1111110110111011100111001111110001101011111111011111110000101111111110111100001101111111001101011110
1111111101111000101111111111110111011001111111011111111111011111111111111110001101111011111110110111
1111111011111111001011110011101011101111111011111111111111001111000011111100000101001110111110101111
1111100010110110011110011111011111111111110010111101011111001101111111011111100111010111111111111001
0101110011010101001101110111011110111101001111111101111101011111111011010011111011100111111011011111
1111111110111111101110011101101001011101101110101111101100111011111111111110001101101001111101110101
1111111111110101010111111100111111001101111111011101110011111011111101100011111110100101110001111100
0100101111110110110001010111101111110000101111101111110111110101101111010111100111011100111111111101
1010101111010111101111111101010111011011110011111111111001110010111101111011101000101111110011101111
1011011011001000101110110100111011111100111111111000111110011010101111101111110010110101111110111110
1111100101101111010101010011111111111101010110011100010101111111110111101011011101111001111100111011
1111111110110011100101011110110011111101111110111111101111111011110010101111111100010001011111000111
1110111111111001111110110111111110011111011101101011111011101101111101011111101111011110011101101011
1110011110111100100011101111011101001110101011111111111100111111111111110100111111111100010101111110
1111111011111110101101111111110110001001110111101111100111111011101111110010111111111111101011100101
0111101111110011011111101111111111111111110110101110101100101111101001111011111110101111010101011001
1110110101110101111111011011111111011110101111000011111101111111001111111011111010101111101011111101
0011011111011111010111110000110111010101111011111111110011000101101101111110111100111010010101111111
1111101111011011111011010110111011000110111111111011101111011001001110101101001111110011111110110101
1101111101111101011101111100111101011101111110111110100101110101011011111100111011111101110111011111
1111111011110110111111110101100110110011101111001001101111111101100001100111101111101100101111101100
1111101111111011111111111101111100111101010111101011111111011101110100110111011101111101101110110111
1010011111100011111111101111110100111011111111011111110000111101111110111101110111111010110111111001
1001111100110111111110101111111101111110111111111011111111111111001101111111110100011111100010101000
1101001111011111011100010010101011101100111110111101111110101011010111011010111110110111011111101100
