001001111000011001001110000000010100000000000000000101000010000100010000000000001100001100
000101000001001001100000001000100000000000001000010000000000000010101001000000100000010100
100110101000010001110000110010100000000010100001000010100000010101000011100010000000010000
011001011010010101110110100010001101000011000000011000010000000100000001100001010100100101
001000010000001000000100100001111000011100000000001010000011100000001010010010010000010001
110100111000000001010000000100010000000000000000000000111000000101001000000000010110000000
101001000000110100000010010000100110000000000010000000000000101011100011000001001101100100
100111000000001100000000000110000010000000010101100110010010100011000001001010010100000000
101101000000000000000101010000010100000000001100011000000000000010110110011100000001100000
000000000000000000000111001011000000110100100000110010010010001000001001110000101010010100
000100000000100000011000000000101000100001101101000001000101100000000000000000101110000110
010000000000000000110100000000000010001001000000100100000000000001000010100110010000000000
000000100010000000000110100000100100000110001010010001000010100000000110100000000000010000
101100100000001000000000000110000000000100011000110100001010001101001001101101001001010000
110010010000010000000011000000000000000001100100000001010000101000010100000000011001000000
000100110000000000001100100001101000100010001000001010000100001100000100000000001000110000
000000000000000000010110000111010000010000001000101100001110100000100000001010100000000000
111101000000000000001000101000110100011001010000010010001011000000010000000000000111000101
011100000001000000001000001010000100001100000010101000010000011000000010111000000001110000
001101000011000010000000011000010010000000000100100010000100100000010001000100110000000000
100000000010000101100000110100000000000100000000000010000000000101111100010000011100100101
100110001101100110000001010000001010001000001000000000110100001001100000000000010000000010
100100100100101010000000101010010000000001000010001000011000000010000001010001101000000001
000000001100001000000100000000101110000100000010000110010010000000011000001000000001000100
001110000000100101001010001000000101010111011010000100000000100100001000010000011000011100
001000101000000000011100000000100110000001000010010000001110100000100010000110000000000100
010000000100000001110010100100110000010100000000000010010000000000000000000101001000000100
000001010000010010001000001010000101000110001001000011000000000001100110010000000000000001
001100010100010010100010000100101100000011000010010110010000000000101000100101001100001001
000010000100000110000000000000000000000100100000000110000010001010000000111001110000001001
011010100010100101000001011010000001010000000000100010100000000000001000000100000000010001
100011001000000011010010001000000001000111010001000100000011011000001110100010100000110010
000110000010000100000101000010000000010100000000100000000000001000001100100100001100010000
100100101000100001100001110110000000100101000001100100100000000001000010001101000001000000
000000110001000000010101010000000001010010000000000000001001101010000011100000000000000000
000100000000000000000000100100110010100001000010000000000100000111000100000001100100000001
000000000110000100000000000000000101000001010000010011000000001000001000000000000000101101
000010000100000011000000101000101010001011000000101011000000000000011100100010000010101010
000010000001000001100100000000000000010000000001010100100000000010001101100010101110111000
000010000100110000101001101101011100000001001001001000000000000111000000000000101100100100
001100000000100100000000100110010010010000010001000000011001000001000001000001100101010000
000100000011001001000010110010010101110100110000000000000010001000001010001101000110001000
001000000110001000000000000001000000000001000010100000101000000000100000000001001100100100
000000010000010001000000100000010000100011000000001010110100000100000000100010000010001000
010000001010110110000100100100000000000100000010000000010101000001000010101010110111000010
000000011010001000010000000000000000000000000010000110000000101000100010110100110010000000
000000100000100000100011110010000001000000101100001000000010100000100000000010000000000000
001000010010000000000000000100010100001110000000001000110000000000000110001001010000000010
000000010101010010110000000000101100010000100000000011010010001110000000001001110110000000
010100001100110001000000010010000000101000000000000010010000100001000101000110100000000110
000110001000000110100010000000000000010100010011000000100001100010111000100000000000100100
100000010001010010000001100011010100001000000100000000000000000010110101000110101100000101
001010010100000101011001001111100000110000010100110000000010000100000110001010000000000010
100000000010101000000000000100000000110000000000100000000011010100000000000000000011001000
001001000000000000000100000000100100001000110001001000010001010000001110000000000100001000
000101010100001000100111001010000000000010011001110000101000010101110000100000000000010000
000001000000010011000010010000000010000010100000000000010000000010100100000001010000001100
000000000010000110010100010000000001000000011000000000000000000000011111001000101010001101
100010010100110011000001010001010000000001000010100011000000100000000000010000001000000010
000010000010000001000000000000010010000010001000001001100000010000010100011000100101100110
000010110010101010010000110000000010000000000110011000000010001100001000000001100011110000
001000000000000000100000000000010000000000000000000001110001000000000000010000000100000000
000000100100011100100100000001011010100001000100100000000000100000010000001001000011000010
101101000000010100001000100000000001000100010000100011010000100000010001100001000000000001
010000111000000000000010000001000011001100000000101100001000000000101010000100000001001100
001001110001010000001100000100000101000110001000010000010000000000001110000010011000000000
010000101000000010001100010110000000000000100110001100011000000010000010000000000010101000
100000001000001001011001000000000000010000000000001100010101001100000000011000000000000100
010011000100010000001001100010111000111001000000001000100100100011000011000000000000001001
000000001000101100001000000100011001011000000001010110101101000001000000000010110111010000
001010101001100000100000010100010110000001001101000010100100000011101000100001100100000001
011100110100010000010010000000000010001010000000010100000100000100001000000001000001100100
001100000101110000100000000011011010011000011100001000010000000100000010011111010000110100
000010001100000000101010100101000000000000000100000000000011010000010000101100010110011010
000000011000010010100001000001000100000001001001100010000101001000010000110000001000001000
000000001001010000010000011010101100000001000100010100000000000010000000110000000110000000
001010010001000010000000010000010000011000011010010110000000000001000100100001000000110000
000100100000010000000010001011000101000011100001100000001000101100000011100010000011000010
010000000110000010010010000001010001001110001100110100000101100000000110000000010101010110
000111010001001000011100100001000000000000001101100000001000000001000100110000100010100010
100000100110011100001010101010001000001100100000000100000110000001000000001000000010000011
100101110010000001001000000010001001001111101000100100100001010000000110010100100000000000
000001000110000001000000000000000000011001011100100001000100101000100100010101011000100000
000000101000011001100001000000000100000010001000000001000001101010000101000001100000100110
000100101000000100101000000000010000111100100000001000000001100000100001100010010011010100
011010000100110100100000100000111000001010000000000000010000100000000100110010100000100001
100000000000000000000000100011000000111001010000000001101100000010101000011000000000000000
110100100110000001001001111000000000100100100000011100001101000010010001100000100001100000
000000000010000000000100000000010000010000001001010010000011001000000000010001111001000000
000110000000000001001010000111100001100000000000000100000100000100001010000000001000010000
