00001101000001101010110000001111000001101011001111
00110001111001101011101100100000011010001000000100
01010101011110111101110000111101100000111001011101
01100000110000011000010101101001111100100010111011
10000000110100111001011010011000110011101000000111
10100001001100001100011111011011001000000100101111
00000001100111100000111101000001011011010100011110
11100110010101110100101111111000111010101001000011
01011010011010001100110000101110001010011100110111
01111001100010100000000101100000101100110100011001
01100100100010101000100101000110000011110100011011
00101111000000000000010110010101111010100110011100
00100010111001000010110100101011000100110100110001
11000011000010001110100101000000001101000110110100
11101011011000010101011010011011001101111001001110
00111001000000101101011011101101100011110010100100
11111100101001010101001010011001011100011111100100
00100101100001111001101000000101101100110110111001
11000000000011000001010010000100010000011011110001
01101000000000111110000111110100000101000111100001
11100011101011000100010000100011110001000101101010
10111110100110110010101001101001101100010100010001
01001111000000111100010000110010110010100100000100
01010111011111000001000011110101010101001110000011
00001101000100111011000100001001000000010111001101
00010111011001010001010100001011011110011110111101
01110001110010010001111100001110101101011011000100
00101101000100101001001100000100111100011110010110
10111101100010111000010011100001011010001000111011
10100000101100010111000100110000111011011100000010
10000100101010100000101001100000001101111110110110
10110110000110111100110111001000101100100101111101
00111001010100010100111000110101011010000100001100
01011011000100001010101101011100101011001110100000
01010111110101101100010001111111110111101010011111
00010000010011101101010101110011001000100011000111
01001011101100010000001001001100111001110010000010
10001010001001110001100100100110011010111101101011
10111001011110110100001000000011001111010111101110
00100010111010111110010011110110000011100011100001
11101001100000101010000101111110011001000010000110
00000110111111001101111111010111110001100000001100
10010000000101011111000111110010011110111001000000
10100001000000101011100010100001000101110010000110
00010100100011011111100001001011010001110000011100
00110010111111000110010001011011001000000000100111
10110110011100100100100011001001101001100100100001
11101110100101111000001011110011101100101101110001
10011111101000100000100100011110001111101001010001
10111101111010000111010111001001001101010000011110
