010111111011001111101100110011111110111110010111111101011011111111111111101111111111110101
101101111010111111001110111111101001100011011111011010011111101110010110011101001101110001
010111000101111001110011111111111111100101011111111111111101101111110110110010111011111110
111011011011011111111011111001111110111111110110001101101110001110111111111110101111111111
101101110100111101111101111111011110111111110111100011111111100111101111011110001110111101
111110101101010111110111111111111110111101111111101111101111100001111111011110110011110111
110011011111111111010001111001101110000101111101001111101111111011111101010111111111111101
110110101010000011101111011011111111110111011111111111001111111111101111101001111110111111
110101110010111101100110000111101111111111011011110010111110110111001111111110101111111101
001011100001101111111011101011111110111111111101001101111111101101011111001111100110111101
110100111001111011111101010111111111111100110111111111111101110111110111011010111110011110
101101100110111111111011111101111101011011010111011111101110111111101010011110110110111110
011010101111011011110001110111011011111110101100011101111110101110011111111110111111111110
011111101011100111111110111110011100111011111101111100101101101111101101111011101011011101
111110101111100111101110011101111111011111001100100111111011101101100101011111101111101111
110111101101011000111110110001011011111011101111111111110111111111111111111110010111111111
110101110111111001111011110110011010111101111001111001011011010101011111100111111111111111
111111111111111010111101111111011110111011001111101001110011111101101111101101001001111111
101111011111111111010101001111100111111111011111111011111010101111110101111110111111111100
001111100111110111101111101111110110011101111011010111111110001100111111101111101111011111
110110010111011111010111110011011111011110111100011110110011111111100111000110011001011101
110011011010011101111000111110101111110110111111101111111110101111111110011110010111111111
011101011101011110011001111101010111000011001111110101011111010101010111111000111101110111
001111110111100011111010101001110111110011111110100011001111111111101111101011101101010111
111111100101110111011111010010111111101111111111111101010111111011011111111100111111111111
111111110011111111001110101111001111111111110100111111110100111101111111011101010011101111
011111110101011001110111010101111111110011111111111111110111010111111111111010111111010111
011011001011111011110110011011110100111110111111111011111011100001011110111101010101110111
111011011110110011111100110101110111000111111011011111001110011011110011110111100111001011
111111111111101101111011011110111111110110101101101111111110111111010101111111111101111000
111101111111001000110101101111011010101111111100001011110000011101111111101111011110101101
101111010111111111011011101111101010111101111111101000111111011101111011011110111100111111
111111111111111111001100111001110111111111111110110101111011101111100111110111100010110001
101111111111011001111111111111001001111001111101111111011111100111111111111101101010111100
101111111110101111111111111011111001111010110101101111111111111011110100111111111111010111
011000011011101100101111111011001110101111110010101111110101011111100111111111100100111111
111111011110110111100101111101111111000111111111111110110011111111010011111101011111101100
100111011111111111111101011101011110001111001101101110111100110101111001001111111111111111
100111001111111111111000110100111111010111111111110001110101111011100110111101110101101100
101111111110101010111100110111111001111001111111111000111010111101111000111110111001011111
110110011101111101101111111111101011111001111011111001111011101111101011011100111111111111
011111111101011111110011111010111101111110111001010011101101011111010111011111111110011110
000111100110110110011101111111111111101111011010111111011000111001111111100100111111111111
111111111111010010111101111110111111101111101111111110111110011001101111110110111111101010
011001111100111111111111101111111100111111110110011110111110111001010101110100011111110111
111111110111111101101111111101111110111100011010111101111010110111110110100111111011111101
111111011011000101110111101110011001101110111100101001010011010101111111111101111110101101
111011111111010111110110101111010110111111010000011001110100011111111101111111011101110010
101011011010011111100111111101011111111110110110011110111111111111101010101010001111000111
111000011011110110111010111110001100101111111101101101111110101101001111001011011111111011
111101110111110111101100111111110111110110111111110111110111101111101100111111111111011111
101101110111111100011110111011001111110000111100111001110001111000001010010111111010011101
011011111011001100111101011111100111110001111000101001111111110111111011011111111111101111
101111110111101111110111111111101111001011100111011110110101110001011111111101010111111011
001111101111111101111100011101111011111111011101111111011010110111111010111111011111111010
111010001110101111111110111101111111111110111111111111101101101010110111011000101111011101
111111111111111010110111000111011110010111111100110010110101011111010111000011011111101100
011111111111110100010111111011010111011001011001111011011011111111100111101111000101000110
110111111101101111111111101111011110100110011110111010100100101011111011110100101111110101
111011110110011111001011101100011111101011000010101111011100111101001110101101011100101111
111011111111111101101101110101001110111110101100111111110111011111011111101101110101011111
100000111011000111001011111011110011111101111111100111101101101011101101010111111111110000
111100110101111101111101110011111011101111111001111100011111110011110001111111111111110010
111110011111111111111111011001111101110111000111111010101101100001110101101101111011011111
111110111011110100101101101011001111101011000101101010111110111000111111111111001110111011
101011111111011111101111111111111111111111111111111011101111111100110111011111101111111010
101111110011011101111101011010111111011110110111101010110110011111011010101111111011110111
111101100110100110110110111111110110110101101111000011111010101111101111111110110101111100
100111111101110111010101111100110100010110110011111111100011110010110101111010111111011100
111111111110111111111111111101101111001001111111011001011101110111011001010100110111111101
111111011111100111011111111110111101101011110110110111111111100011110001111111111011101111
100111111110111111111011111011111101110011111011010011011110111111011110110111011101110101
101100011000110111110011101111101111101100111111101001100111101110111011000111100101101101
011111101011111100100110111111011111101111011011001111110010011011011111001110111011100111
110111011111111101110111111101110111111111000011111011110101101111111010010111101011010110
110111101101101111111100110111111111111111111111001111100111111111110111111000100101111111
101111101111111110111101001011111011010101010101111110101100011011111011111001011111111111
110000110100011011010001010111101111111001000111011111101101111111100011101010111111111101
101101111111111010110011101011011111011111110110001110010010111101111110111101000101011011
101001110011100110101110111101110010111111111111011111101001111100111111010011000111111011
111110111010111011111011101001110110110111111111111110111011011111101011011011000111010011
110110111111101110110111101111110011111011111011111011111111111011011101100111111011010110
101111111111111110110100111010101110110011111110111111111010011111101110011011011101111011
111101101000111111111111111111000010111110111101111011111110111101111111111111111110101111
111111111101101111100110110101111101111010111111010011101011011011110111110111010011010111
111111111111110111111111101101011111010111101101011101110010111111111101001111111110101111
001110111111111111111100110011110101111111110110011111111001100111011110100111110011010001
101111111111111111111111111100110111111111101110101110011111100100111111111111000101110001
001101010011101111010111111110010011010111111001111011100101101111100010011110111111110001
110111111100011111011111111110111011010110101110111111010011100110100111110111111011111110
