001000000010100000001000000001
001000100000010000110000001000
110110010000110011000001000000
001010000000000000000000000101
001100001000000000000000100000
000000010000010100110010000001
010000000000000100000000000010
001001000000000001000000000100
000010000001101000001000100010
000000000010001010110000001011
100000000100100000000010000100
000000001000000010100000010100
101000001010000001100100010000
011001000000001000010000100101
000000001100010001000000110000
000001100000000010000010001100
001000000101000100111000000000
001000010000101000000100101001
010001000101100010010001110000
010001000100010010100100001010
100000001000000010000001000100
000000000000100001010000001101
000001000010000100000001000010
001000000000000000101010000101
000010001000011001100000001001
000000000001101000100000000000
010000000100000101010100100111
000100010011010100001101001000
000000101100000000010010001000
100101000100010001000101101000
