011010101000000000110011001101001100011101010100000110010100110111100010010001111111000110
101110011001101111011101000101110110101100011000111100100110101110011011110110100110001110
110111010000010000000010110011011111010010001011101001010011000111010010110000111111001001
011011011001001111001000100110111010101111010010100100101111000001100110000110101110111001
111100000110010111010100000011111110110011100111000010010101101110111010101101110100011101
001100110100011010000110101100001110100110011110000000011100010110011011000101101111011101
100001001101010001010010110100100111110011010110000001001101001111101101011100110100010101
011101001010100111011000111111001000001110001011110100110001111011000101001110110001000101
110100110010010010100000000111010010011011101111000011100100011101000110000010111001011100
000011100011001111001111110110111111001101001101001000000110101001111110100111110101100000
000010011100101110100011000111101101110111101000011010010100101100001100000110100111111000
010100100100011100000110000011110111110010001001000110100001111100110111000000111001001100
010000010010000111000110001001010001110011101000010001000000101110011101101101101001100110
001011101001000100001100100101110000010111111010011001101011011111110011101000001010111101
010101000111000100101100001011110101011110111110100101010001110111000100000101000000100010
010110010111111010010111001001100010010111110111110111010100100001100001000101100000010111
010111011110100100110110001001101100011001100101011100011100111000011100010101100010110101
010110110100100000010001100100001000100110111000110111100100111011110111000001001101001100
100000001010001010011010010101011001110011110011111001001001010110001011100001101010110111
110010110000000111100101010101101000010110010001110110001001101001001010000111000001101010
010100010100011000100101010110011010110111011011100011010001000010100010010101101111011001
010011000101111110011000110111100000101001100000011101110001100011100110001000000111000011
101001100111100110100001000100101010000000001110001101011000100011101110110000011010000110
110000000110000101011010110010010111100111011000100001100010000010111010000000101001101100
001101110100010001000101000001010110110101110011010100010101011000000100110110010111100111
001000110100000000111101001111001111111100110110100101010110011011111111001100000111011101
100001010000101110000000010101010110010010001111110110111001101011010110101010000100100101
110101111110010001111110011001100011111001111000011010011000010010101001111010001101110000
001110011111001000001101010000111100100110000001110100001000110010111101111001101111100110
111010011011111110110100111100001110110001111000010010010100101101010010110111001100101100
010110100111011110010110000110011110100011100111101111100111000111011000100101100111011110
011110001101111000101001101010100110000011101111100101011000110000011101000011001000011000
101111010110000011111010010011100111001010101011100101000000001101111001001000011011100111
111011100111001010000001111011111011000111110111111011110101111100101111011010111000000000
011111101101000100001011111101111101101110101101100011010001110010001011001000010111111010
001000100111101000100001010100001110001101001011111001000100110011101110000010001110110110
010111100011100001101101110111100010010011111100101010110000101010000001100110000011010000
101010101011111110111000111101000000101101010000111101100001000111011101011011001001011100
110100011100001010000100010100001011010110111001011110111100110110001110100100010100000100
110101010110011101011001110010000111011001100001110110101111111011001000000100001111111100
001111111011111101111001001010111110101001001010110000001000011101000111111100100000011000
100110101110110110101101100101110101110110100011100110011010101110100101110100001000100111
000010001010111111100100110101111110101101011101011001110000010110100000000001101101000001
110101100000011101111001110101000100111000101001101111110010101000011011001101110100001101
011001011111111001001011001101011011101010110110011111110110000001101110010110001000101110
100011101100001110000010011000110110100000101000000011110110110111010110000110000100010101
001111111000011100101010111000111101000011001001010110111011010011011100000000001110000101
001010011101000110111000101010111111001101110010111011000000010111010001101001100100110110
011100010000001101111001011010111111110111010001011010000100001101101011000000011001010010
010000010010110111110100101111000101011110101011101010101001000100100110000111101010011001
011000000110010010100110000100100101111000111001110100010100010110110101011110111100001110
110100010001001111010110111010111000011101011010001001100011101100000000001110001000100111
100010001011000101011000001101100110101101011111110001000011111101110101000010100101100000
001000101000111101101111010000111111010000111101000110101011101110010000000100110000010000
010100011001010001000101001000100100111100111110010101010110110011011111111111011000001000
101011010010001110001110111101010110101001111110001000100010010000010100101010011000101110
000101100000010010110010001110010000001111000010010001000100100001101010000100100001001000
110111101110000111000000110001100101001100001100101000101001001011011110101001010010011101
011100000100010000000001010000100000000101011110000111110001000101001110010001111101001000
001110110001011000111100101000100110010100000010010111000110010110111110100000000001011101
110010010111101111010110001011010111101101010100000111101000011000011110110000001010001101
100001011001011011100000110110010111001110100111001010110001100111001100100011000101001000
010010111111110011010000111001001100100111010000100111000100100110110100100010101010101011
111011101011111000100000000001101100011011100101111111000011011010111010000100010101000111
111011110000111001101111011110100011111101100111001001100101011100000001111010111100010000
101100111100011101010110011001101001010110001111100010101110010000100001110100010101110011
100110100101010101001111010110001101000001101000111010001001001101001011101101011111010101
011011000101110011000001011011111000010000010111001011110101101100001000000001000011100000
010011100110100010110011010110111111011100011010100000101111110100110100011100101001000101
000100111111101011000110111010010101011011001110011010110111111000001010101000010001000100
111111001101010001111111011001000111001010011100110000101111100100100100110010000110111010
010001110001110101100000010110011110110011010001101010100000000011100000100001001000001000
011010000100110000100010101111100000101011000001000000110101111011100111010110011111000000
111000100000000010001010100111000100010011001000001000100010100011001010101101100001111000
000010110000110000000100011110001110010010010001001100110100000010101100010011001110000111
010111110110101110011000110001100000101111011100011101101000000101101000110010110101111101
010100011110000000010000101101010101110000001100011110110000011010000010101101101001011100
100011000100101111111000000011110000010000110001010000100110010000110001011010000100110001
111111111111100110101001000010100100000010110001011011001010001010001000010110011001001011
101010111101000000000010100000001110001000010000101001110110000111100100100100101010000000
101101001001110001101011000111011101010101101010111100110010101010101001101010110110001010
111111100110000001001100111111100011001100110111001010000010010111100010101101001001011100
111101000010010010101110110010101011100100000010010000000100101000110010101000011001001010
101001011111100001011101110110101010110100100000100010001011010101111100110110100110111110
000100000110111010110001101111001011000101001001000110010000001001010010010101000001011101
000111101010010110101000010100110011110110000101110001000101000011100010010111000101101110
011111001011010001011001010001110010010110011000011000111111111000000011010110101111110110
110011111001110111100011111011101001011101011111001100010101100100101100001110000101111001
110000000000101100110110100010101011000001001001101100010000001101000010001000101011011001
001111110000010110101100111000001000000001110110010100000101101101101000001101100000100110
