0110111111111110010101011011111111110101100101101101011011100011111001
1011101111010011111111111111110111110101111100110100100111101111111111
1101101111101110011011110100101110111011011000011011111111111101111111
0110111110010011100110111110110110101111101011101111010111111110011111
1111001111110110111111111101101011101111111110011101001111101111011101
1001001010110111110111110010011101001101000111100111110101111111110111
1111110111111111010110100101111101111000111001011110100011111101111111
1111101011111010010110111001001101110101011011111010111111101110000011
1111111101111101111111111110101111101101111000110111111010100000111111
1110101110011101110111101111111110111111111111110111011101111111011111
1010111110010011101000101110110111101000111111011111001111111110111101
1101111111101111111111111101011100110111111011111011011111011101111111
1010001111010110011011111011110111110110111110111111010101111111101111
1010111011011010111110011101110110011011001111101101101101111110101111
1111111100111101011110011111101111111111101011110111111110101110011011
0101011011110010010110101000101111110110101101101110111101010110111001
0101110011110100010111101011101011111111101110110011101011011111111011
1110111111011111101101100111111011111111100111111111010101111111111101
0110100010111110010000001111011011100111110111010101001101111101101010
1101111111010111110011111011111011110111011111101110111111111111111111
0111111111011111100101111111011001101010111111111111010111111111111111
1110110011011000110110101100111011011011111111111011110111010101101110
0111111111111001110111011111111011111111110011011011011110111110101001
1111110110011110000110101101101101111001101111101101111110111111101011
1101100111111111101111110011111111111111111101100111111001111011001011
0111101011110110011011110011000111011111111011111110101111001011111111
1101010011101010111110101100011001111011100011001111100011111010111011
1100101101011110111110111100111101001111101110011111111101101110111110
1111101011101111110101111001000111111110111111010100111101111001111101
1101011001111100011111101011001111111111010011101110111110001001110111
1010111111010011111111111011010111010000101111111011001101011010100010
1111011111111111000000011101111011101111011011001111111010001011111101
1111100011101111111101101100111101000100111111000001111110010001110101
1100111110101011111111111111111110110111111001100110010110111110111101
1111101111111011111110111010110101001101101111001110110111100011000001
1110001101011111110101111110111001001111011100010111101011101111100010
0011111011100110110011111111110100110111111110001111010001111101111011
1101110111011011111100101101110111111011110011101111111100010111001100
0011100001011111111111101111110101011100111111111100101011111101011100
1111110111010110111101111111010101111100111111011111101111111011110001
1101101011111011111011111111101011101111011101011111111110110100011111
0110101111111000001111101100110111011111101101101110111101011001010110
0111101111111111100111011101101111111011110111001111110111111101111111
1100110001101101111111011001101010111011111001111011111111111100011101
0001110101111110111111110111111110101111001000111110001011111111111111
1001011101110111011111111110111111100111111100001111111110111110001100
1101010111011111110111011100011001000110010110011111011110110111101111
0110101111111010111011100101101000010011100110100111111011111101001111
1011101100111101010111110111011100101111111111100100011101001011111011
1101111011101111011110011111110101111111111011111010111111101001101111
0011011111111011110111101111011101111101111111110101111111101010100111
1011110011111110111011111011001110011101101101110010001011101110011111
0110011110000111100101011111110110110111111101010110001011001110101101
1011010111011011010111111001110111101100111101111110001110100011111111
1010100111110111101100111101111110010111110111111111110111100010011111
0111110101111111011111110101111011100101111101101110011011101110101011
1111101110110010100111110110010111110011101111110111111100110110110001
1111111101111101111111001111101000111011011110011111101100101100010111
1111111111101110011110111011100001111011101111110111011111011110101011
0011011001111101111111111010101011001111111111110000000010101111100011
0111111101111110111110111111111101011011011111011111100101110111001111
0111111101111111111111110001000001011110101111110001100111111011110111
1101110101101111110110111111001101110101000011101011111110111101110110
1110111001011000111111011100110110111111011010111100010000011110111110
1110011010111101111111110111111111011001001010101110110110110111011000
1111111011110011110110000111110111001011111110001001011011000111100110
1111101011111111111111111111100101001110101111111101111100101001100111
0111111011111100010111000101110111000110111111110111111001001111011011
0111011111011110101111011111011000011000111010111111011101111111011101
1111111111111111110110111110110111101001101110111111111111111100001110
