000000000100000000000000000001010101000000001001000110010000001001000110101011000001000100010000000000000100000100000000000101000111000000000010010001
000000000100000000000000000001010101000000001001000110010000001001000110101011000001000100010000000000000100000100000000000101000111000000000010010001
000000000100000000000000000001010101000000001001000110010000001001000110101011000001000100010000000000000100000100000000000101000111000000000010010001
000000000100000000000000000001010101000000001001000110010000001001000110101011000001000100010000000000000100000100000000000101000111000000000010010001
000000000100000000000000000001010101000000001001000110010000001001000110101011000001000100010000000000000100000100000000000101000111000000000010010001
000000000100000000000000000001010101000000001001000110010000001001000110101011000001000100010000000000000100000100000000000101000111000000000010010001
000000000100000000000000000001010101000000001001000110010000001001000110101011000001000100010000000000000100000100000000000101000111000000000010010001
000000000100000000000000000001010101000000001001000110010000001001000110101011000001000100010000000000000100000100000000000101000111000000000010010001
000000000100000000000000000001010101000000001001000110010000001001000110101011000001000100010000000000000100000100000000000101000111000000000010010001
111111111000000000000000000001010101000000001001000110010000001001000110101011000001000100010000000000000100000100000000000101000111000000000010010001
000000000000000000000000000001010101000000001001000110010000001001000110101011000001000100010000000000000100000100000000000101000111000000000010010001
000000000000000000000000000001010101000000001001000110010000001001000110101011000001000100010000000000000100000100000000000101000111000000000010010001
000000000000000000000000000001010101000000001001000110010000001001000110101011000001000100010000000000000100000100000000000101000111000000000010010001
000000000000000000000000000001010101000000001001000110010000001001000110101011000001000100010000000000000100000100000000000101000111000000000010010001
000000000000000000000000000001010101000000001001000110010000001001000110101011000001000100010000000000000100000100000000000101000111000000000010010001
000000000000000000000000000001010101000000001001000110010000001001000110101011000001000100010000000000000100000100000000000101000111000000000010010001
000000000000000000000000000001010101000000001001000110010000001001000110101011000001000100010000000000000100000100000000000101000111000000000010010001
000000000000000000000000000001010101000000001001000110010000001001000110101011000001000100010000000000000100000100000000000101000111000000000010010001
000000000000000000000000000001010101000000001001000110010000001001000110101011000001000100010000000000000100000100000000000101000111000000000010010001
000000000000000000000000000001010101000000001001000110010000001001000110101011000001000100010000000000000100000100000000000101000111000000000010010001
000000000000000000000000000001010101000000001001000110010000001001000110101011000001000100010000000000000100000100000000000101000111000000000010010001
000000000000000000000000000001010101000000001001000110010000001001000110101011000001000100010000000000000100000100000000000101000111000000000010010001
000000000000000000000000000001010101000000001001000110010000001001000110101011000001000100010000000000000100000100000000000101000111000000000010010001
000000000000000000000000000001010101000000001001000110010000001001000110101011000001000100010000000000000100000100000000000101000111000000000010010001
000000000000000000000000000001010101000000001001000110010000001001000110101011000001000100010000000000000100000100000000000101000111000000000010010001
000000000000000000000000000001010101000000001001000110010000001001000110101011000001000100010000000000000100000100000000000101000111000000000010010001
000000000000000000000000000001010101000000001001000110010000001001000110101011000001000100010000000000000100000100000000000101000111000000000010010001
000000000000000000000000000001010101000000001001000110010000001001000110101011000001000100010000000000000100000100000000000101000111000000000010010001
000000000000000000000000000001010101000000001001000110010000001001000110101011000001000100010000000000000100000100000000000101000111000000000010010001
111111111111111111111111111110010101000000001001000110010000001001000110101011000001000100010000000000000100000100000000000101000111000000000010010001
000000000000000000000000000000010101000000001001000110010000001001000110101011000001000100010000000000000100000100000000000101000111000000000010010001
111111111111111111111111111111100101000000001001000110010000001001000110101011000001000100010000000000000100000100000000000101000111000000000010010001
000000000000000000000000000000000101000000001001000110010000001001000110101011000001000100010000000000000100000100000000000101000111000000000010010001
111111111111111111111111111111111001000000001001000110010000001001000110101011000001000100010000000000000100000100000000000101000111000000000010010001
000000000000000000000000000000000001000000001001000110010000001001000110101011000001000100010000000000000100000100000000000101000111000000000010010001
111111111111111111111111111111111110000000001001000110010000001001000110101011000001000100010000000000000100000100000000000101000111000000000010010001
000000000000000000000000000000000000000000001001000110010000001001000110101011000001000100010000000000000100000100000000000101000111000000000010010001
000000000000000000000000000000000000000000001001000110010000001001000110101011000001000100010000000000000100000100000000000101000111000000000010010001
000000000000000000000000000000000000000000001001000110010000001001000110101011000001000100010000000000000100000100000000000101000111000000000010010001
000000000000000000000000000000000000000000001001000110010000001001000110101011000001000100010000000000000100000100000000000101000111000000000010010001
000000000000000000000000000000000000000000001001000110010000001001000110101011000001000100010000000000000100000100000000000101000111000000000010010001
000000000000000000000000000000000000000000001001000110010000001001000110101011000001000100010000000000000100000100000000000101000111000000000010010001
000000000000000000000000000000000000000000001001000110010000001001000110101011000001000100010000000000000100000100000000000101000111000000000010010001
000000000000000000000000000000000000000000001001000110010000001001000110101011000001000100010000000000000100000100000000000101000111000000000010010001
111111111111111111111111111111111111111111110001000110010000001001000110101011000001000100010000000000000100000100000000000101000111000000000010010001
000000000000000000000000000000000000000000000001000110010000001001000110101011000001000100010000000000000100000100000000000101000111000000000010010001
000000000000000000000000000000000000000000000001000110010000001001000110101011000001000100010000000000000100000100000000000101000111000000000010010001
111111111111111111111111111111111111111111111110000110010000001001000110101011000001000100010000000000000100000100000000000101000111000000000010010001
000000000000000000000000000000000000000000000000000110010000001001000110101011000001000100010000000000000100000100000000000101000111000000000010010001
000000000000000000000000000000000000000000000000000110010000001001000110101011000001000100010000000000000100000100000000000101000111000000000010010001
000000000000000000000000000000000000000000000000000110010000001001000110101011000001000100010000000000000100000100000000000101000111000000000010010001
111111111111111111111111111111111111111111111111111010010000001001000110101011000001000100010000000000000100000100000000000101000111000000000010010001
111111111111111111111111111111111111111111111111111100010000001001000110101011000001000100010000000000000100000100000000000101000111000000000010010001
000000000000000000000000000000000000000000000000000000010000001001000110101011000001000100010000000000000100000100000000000101000111000000000010010001
000000000000000000000000000000000000000000000000000000010000001001000110101011000001000100010000000000000100000100000000000101000111000000000010010001
111111111111111111111111111111111111111111111111111111100000001001000110101011000001000100010000000000000100000100000000000101000111000000000010010001
000000000000000000000000000000000000000000000000000000000000001001000110101011000001000100010000000000000100000100000000000101000111000000000010010001
000000000000000000000000000000000000000000000000000000000000001001000110101011000001000100010000000000000100000100000000000101000111000000000010010001
000000000000000000000000000000000000000000000000000000000000001001000110101011000001000100010000000000000100000100000000000101000111000000000010010001
000000000000000000000000000000000000000000000000000000000000001001000110101011000001000100010000000000000100000100000000000101000111000000000010010001
000000000000000000000000000000000000000000000000000000000000001001000110101011000001000100010000000000000100000100000000000101000111000000000010010001
000000000000000000000000000000000000000000000000000000000000001001000110101011000001000100010000000000000100000100000000000101000111000000000010010001
111111111111111111111111111111111111111111111111111111111111110001000110101011000001000100010000000000000100000100000000000101000111000000000010010001
000000000000000000000000000000000000000000000000000000000000000001000110101011000001000100010000000000000100000100000000000101000111000000000010010001
000000000000000000000000000000000000000000000000000000000000000001000110101011000001000100010000000000000100000100000000000101000111000000000010010001
111111111111111111111111111111111111111111111111111111111111111110000110101011000001000100010000000000000100000100000000000101000111000000000010010001
000000000000000000000000000000000000000000000000000000000000000000000110101011000001000100010000000000000100000100000000000101000111000000000010010001
000000000000000000000000000000000000000000000000000000000000000000000110101011000001000100010000000000000100000100000000000101000111000000000010010001
000000000000000000000000000000000000000000000000000000000000000000000110101011000001000100010000000000000100000100000000000101000111000000000010010001
111111111111111111111111111111111111111111111111111111111111111111111010101011000001000100010000000000000100000100000000000101000111000000000010010001
111111111111111111111111111111111111111111111111111111111111111111111100101011000001000100010000000000000100000100000000000101000111000000000010010001
000000000000000000000000000000000000000000000000000000000000000000000000101011000001000100010000000000000100000100000000000101000111000000000010010001
111111111111111111111111111111111111111111111111111111111111111111111111001011000001000100010000000000000100000100000000000101000111000000000010010001
000000000000000000000000000000000000000000000000000000000000000000000000001011000001000100010000000000000100000100000000000101000111000000000010010001
111111111111111111111111111111111111111111111111111111111111111111111111110011000001000100010000000000000100000100000000000101000111000000000010010001
000000000000000000000000000000000000000000000000000000000000000000000000000011000001000100010000000000000100000100000000000101000111000000000010010001
111111111111111111111111111111111111111111111111111111111111111111111111111101000001000100010000000000000100000100000000000101000111000000000010010001
111111111111111111111111111111111111111111111111111111111111111111111111111110000001000100010000000000000100000100000000000101000111000000000010010001
000000000000000000000000000000000000000000000000000000000000000000000000000000000001000100010000000000000100000100000000000101000111000000000010010001
000000000000000000000000000000000000000000000000000000000000000000000000000000000001000100010000000000000100000100000000000101000111000000000010010001
000000000000000000000000000000000000000000000000000000000000000000000000000000000001000100010000000000000100000100000000000101000111000000000010010001
000000000000000000000000000000000000000000000000000000000000000000000000000000000001000100010000000000000100000100000000000101000111000000000010010001
000000000000000000000000000000000000000000000000000000000000000000000000000000000001000100010000000000000100000100000000000101000111000000000010010001
111111111111111111111111111111111111111111111111111111111111111111111111111111111110000100010000000000000100000100000000000101000111000000000010010001
000000000000000000000000000000000000000000000000000000000000000000000000000000000000000100010000000000000100000100000000000101000111000000000010010001
000000000000000000000000000000000000000000000000000000000000000000000000000000000000000100010000000000000100000100000000000101000111000000000010010001
000000000000000000000000000000000000000000000000000000000000000000000000000000000000000100010000000000000100000100000000000101000111000000000010010001
111111111111111111111111111111111111111111111111111111111111111111111111111111111111111000010000000000000100000100000000000101000111000000000010010001
000000000000000000000000000000000000000000000000000000000000000000000000000000000000000000010000000000000100000100000000000101000111000000000010010001
000000000000000000000000000000000000000000000000000000000000000000000000000000000000000000010000000000000100000100000000000101000111000000000010010001
000000000000000000000000000000000000000000000000000000000000000000000000000000000000000000010000000000000100000100000000000101000111000000000010010001
111111111111111111111111111111111111111111111111111111111111111111111111111111111111111111100000000000000100000100000000000101000111000000000010010001
000000000000000000000000000000000000000000000000000000000000000000000000000000000000000000000000000000000100000100000000000101000111000000000010010001
000000000000000000000000000000000000000000000000000000000000000000000000000000000000000000000000000000000100000100000000000101000111000000000010010001
000000000000000000000000000000000000000000000000000000000000000000000000000000000000000000000000000000000100000100000000000101000111000000000010010001
000000000000000000000000000000000000000000000000000000000000000000000000000000000000000000000000000000000100000100000000000101000111000000000010010001
000000000000000000000000000000000000000000000000000000000000000000000000000000000000000000000000000000000100000100000000000101000111000000000010010001
000000000000000000000000000000000000000000000000000000000000000000000000000000000000000000000000000000000100000100000000000101000111000000000010010001
000000000000000000000000000000000000000000000000000000000000000000000000000000000000000000000000000000000100000100000000000101000111000000000010010001
000000000000000000000000000000000000000000000000000000000000000000000000000000000000000000000000000000000100000100000000000101000111000000000010010001
000000000000000000000000000000000000000000000000000000000000000000000000000000000000000000000000000000000100000100000000000101000111000000000010010001
000000000000000000000000000000000000000000000000000000000000000000000000000000000000000000000000000000000100000100000000000101000111000000000010010001
000000000000000000000000000000000000000000000000000000000000000000000000000000000000000000000000000000000100000100000000000101000111000000000010010001
000000000000000000000000000000000000000000000000000000000000000000000000000000000000000000000000000000000100000100000000000101000111000000000010010001
000000000000000000000000000000000000000000000000000000000000000000000000000000000000000000000000000000000100000100000000000101000111000000000010010001
111111111111111111111111111111111111111111111111111111111111111111111111111111111111111111111111111111111000000100000000000101000111000000000010010001
000000000000000000000000000000000000000000000000000000000000000000000000000000000000000000000000000000000000000100000000000101000111000000000010010001
000000000000000000000000000000000000000000000000000000000000000000000000000000000000000000000000000000000000000100000000000101000111000000000010010001
000000000000000000000000000000000000000000000000000000000000000000000000000000000000000000000000000000000000000100000000000101000111000000000010010001
000000000000000000000000000000000000000000000000000000000000000000000000000000000000000000000000000000000000000100000000000101000111000000000010010001
000000000000000000000000000000000000000000000000000000000000000000000000000000000000000000000000000000000000000100000000000101000111000000000010010001
111111111111111111111111111111111111111111111111111111111111111111111111111111111111111111111111111111111111111000000000000101000111000000000010010001
000000000000000000000000000000000000000000000000000000000000000000000000000000000000000000000000000000000000000000000000000101000111000000000010010001
000000000000000000000000000000000000000000000000000000000000000000000000000000000000000000000000000000000000000000000000000101000111000000000010010001
000000000000000000000000000000000000000000000000000000000000000000000000000000000000000000000000000000000000000000000000000101000111000000000010010001
000000000000000000000000000000000000000000000000000000000000000000000000000000000000000000000000000000000000000000000000000101000111000000000010010001
000000000000000000000000000000000000000000000000000000000000000000000000000000000000000000000000000000000000000000000000000101000111000000000010010001
000000000000000000000000000000000000000000000000000000000000000000000000000000000000000000000000000000000000000000000000000101000111000000000010010001
000000000000000000000000000000000000000000000000000000000000000000000000000000000000000000000000000000000000000000000000000101000111000000000010010001
000000000000000000000000000000000000000000000000000000000000000000000000000000000000000000000000000000000000000000000000000101000111000000000010010001
000000000000000000000000000000000000000000000000000000000000000000000000000000000000000000000000000000000000000000000000000101000111000000000010010001
000000000000000000000000000000000000000000000000000000000000000000000000000000000000000000000000000000000000000000000000000101000111000000000010010001
000000000000000000000000000000000000000000000000000000000000000000000000000000000000000000000000000000000000000000000000000101000111000000000010010001
111111111111111111111111111111111111111111111111111111111111111111111111111111111111111111111111111111111111111111111111111001000111000000000010010001
000000000000000000000000000000000000000000000000000000000000000000000000000000000000000000000000000000000000000000000000000001000111000000000010010001
111111111111111111111111111111111111111111111111111111111111111111111111111111111111111111111111111111111111111111111111111110000111000000000010010001
000000000000000000000000000000000000000000000000000000000000000000000000000000000000000000000000000000000000000000000000000000000111000000000010010001
000000000000000000000000000000000000000000000000000000000000000000000000000000000000000000000000000000000000000000000000000000000111000000000010010001
000000000000000000000000000000000000000000000000000000000000000000000000000000000000000000000000000000000000000000000000000000000111000000000010010001
111111111111111111111111111111111111111111111111111111111111111111111111111111111111111111111111111111111111111111111111111111111011000000000010010001
111111111111111111111111111111111111111111111111111111111111111111111111111111111111111111111111111111111111111111111111111111111101000000000010010001
111111111111111111111111111111111111111111111111111111111111111111111111111111111111111111111111111111111111111111111111111111111110000000000010010001
000000000000000000000000000000000000000000000000000000000000000000000000000000000000000000000000000000000000000000000000000000000000000000000010010001
000000000000000000000000000000000000000000000000000000000000000000000000000000000000000000000000000000000000000000000000000000000000000000000010010001
000000000000000000000000000000000000000000000000000000000000000000000000000000000000000000000000000000000000000000000000000000000000000000000010010001
000000000000000000000000000000000000000000000000000000000000000000000000000000000000000000000000000000000000000000000000000000000000000000000010010001
000000000000000000000000000000000000000000000000000000000000000000000000000000000000000000000000000000000000000000000000000000000000000000000010010001
000000000000000000000000000000000000000000000000000000000000000000000000000000000000000000000000000000000000000000000000000000000000000000000010010001
000000000000000000000000000000000000000000000000000000000000000000000000000000000000000000000000000000000000000000000000000000000000000000000010010001
000000000000000000000000000000000000000000000000000000000000000000000000000000000000000000000000000000000000000000000000000000000000000000000010010001
000000000000000000000000000000000000000000000000000000000000000000000000000000000000000000000000000000000000000000000000000000000000000000000010010001
000000000000000000000000000000000000000000000000000000000000000000000000000000000000000000000000000000000000000000000000000000000000000000000010010001
111111111111111111111111111111111111111111111111111111111111111111111111111111111111111111111111111111111111111111111111111111111111111111111100010001
000000000000000000000000000000000000000000000000000000000000000000000000000000000000000000000000000000000000000000000000000000000000000000000000010001
000000000000000000000000000000000000000000000000000000000000000000000000000000000000000000000000000000000000000000000000000000000000000000000000010001
111111111111111111111111111111111111111111111111111111111111111111111111111111111111111111111111111111111111111111111111111111111111111111111111100001
000000000000000000000000000000000000000000000000000000000000000000000000000000000000000000000000000000000000000000000000000000000000000000000000000001
000000000000000000000000000000000000000000000000000000000000000000000000000000000000000000000000000000000000000000000000000000000000000000000000000001
000000000000000000000000000000000000000000000000000000000000000000000000000000000000000000000000000000000000000000000000000000000000000000000000000001
111111111111111111111111111111111111111111111111111111111111111111111111111111111111111111111111111111111111111111111111111111111111111111111111111110
