0000001000000010010001001110000000100000100000010100000011000001000000
0000001000000010010001001110000000100000100000010100000011000001000000
0000001000000010010001001110000000100000100000010100000011000001000000
0000001000000010010001001110000000100000100000010100000011000001000000
0000001000000010010001001110000000100000100000010100000011000001000000
0000001000000010010001001110000000100000100000010100000011000001000000
1111110000000010010001001110000000100000100000010100000011000001000000
0000000000000010010001001110000000100000100000010100000011000001000000
0000000000000010010001001110000000100000100000010100000011000001000000
0000000000000010010001001110000000100000100000010100000011000001000000
0000000000000010010001001110000000100000100000010100000011000001000000
0000000000000010010001001110000000100000100000010100000011000001000000
0000000000000010010001001110000000100000100000010100000011000001000000
0000000000000010010001001110000000100000100000010100000011000001000000
1111111111111100010001001110000000100000100000010100000011000001000000
0000000000000000010001001110000000100000100000010100000011000001000000
0000000000000000010001001110000000100000100000010100000011000001000000
1111111111111111100001001110000000100000100000010100000011000001000000
0000000000000000000001001110000000100000100000010100000011000001000000
0000000000000000000001001110000000100000100000010100000011000001000000
0000000000000000000001001110000000100000100000010100000011000001000000
1111111111111111111110001110000000100000100000010100000011000001000000
0000000000000000000000001110000000100000100000010100000011000001000000
0000000000000000000000001110000000100000100000010100000011000001000000
1111111111111111111111110110000000100000100000010100000011000001000000
1111111111111111111111111010000000100000100000010100000011000001000000
1111111111111111111111111100000000100000100000010100000011000001000000
0000000000000000000000000000000000100000100000010100000011000001000000
0000000000000000000000000000000000100000100000010100000011000001000000
0000000000000000000000000000000000100000100000010100000011000001000000
0000000000000000000000000000000000100000100000010100000011000001000000
0000000000000000000000000000000000100000100000010100000011000001000000
0000000000000000000000000000000000100000100000010100000011000001000000
0000000000000000000000000000000000100000100000010100000011000001000000
1111111111111111111111111111111111000000100000010100000011000001000000
0000000000000000000000000000000000000000100000010100000011000001000000
0000000000000000000000000000000000000000100000010100000011000001000000
0000000000000000000000000000000000000000100000010100000011000001000000
0000000000000000000000000000000000000000100000010100000011000001000000
0000000000000000000000000000000000000000100000010100000011000001000000
1111111111111111111111111111111111111111000000010100000011000001000000
0000000000000000000000000000000000000000000000010100000011000001000000
0000000000000000000000000000000000000000000000010100000011000001000000
0000000000000000000000000000000000000000000000010100000011000001000000
0000000000000000000000000000000000000000000000010100000011000001000000
0000000000000000000000000000000000000000000000010100000011000001000000
0000000000000000000000000000000000000000000000010100000011000001000000
1111111111111111111111111111111111111111111111100100000011000001000000
0000000000000000000000000000000000000000000000000100000011000001000000
1111111111111111111111111111111111111111111111111000000011000001000000
0000000000000000000000000000000000000000000000000000000011000001000000
0000000000000000000000000000000000000000000000000000000011000001000000
0000000000000000000000000000000000000000000000000000000011000001000000
0000000000000000000000000000000000000000000000000000000011000001000000
0000000000000000000000000000000000000000000000000000000011000001000000
0000000000000000000000000000000000000000000000000000000011000001000000
1111111111111111111111111111111111111111111111111111111101000001000000
1111111111111111111111111111111111111111111111111111111110000001000000
0000000000000000000000000000000000000000000000000000000000000001000000
0000000000000000000000000000000000000000000000000000000000000001000000
0000000000000000000000000000000000000000000000000000000000000001000000
0000000000000000000000000000000000000000000000000000000000000001000000
0000000000000000000000000000000000000000000000000000000000000001000000
1111111111111111111111111111111111111111111111111111111111111110000000
0000000000000000000000000000000000000000000000000000000000000000000000
0000000000000000000000000000000000000000000000000000000000000000000000
0000000000000000000000000000000000000000000000000000000000000000000000
0000000000000000000000000000000000000000000000000000000000000000000000
0000000000000000000000000000000000000000000000000000000000000000000000
0000000000000000000000000000000000000000000000000000000000000000000000
