011101111111111111111011111111010101111101011111111111101010111111111111011101011100111110110111110111110101101111101111101011111101110111010011100001
101101111111111111111011111111010101111101011111111111101010111111111111011101011100111110110111110111110101101111101111101011111101110111010011100001
110101111111111111111011111111010101111101011111111111101010111111111111011101011100111110110111110111110101101111101111101011111101110111010011100001
111001111111111111111011111111010101111101011111111111101010111111111111011101011100111110110111110111110101101111101111101011111101110111010011100001
000001111111111111111011111111010101111101011111111111101010111111111111011101011100111110110111110111110101101111101111101011111101110111010011100001
111110111111111111111011111111010101111101011111111111101010111111111111011101011100111110110111110111110101101111101111101011111101110111010011100001
111111011111111111111011111111010101111101011111111111101010111111111111011101011100111110110111110111110101101111101111101011111101110111010011100001
111111101111111111111011111111010101111101011111111111101010111111111111011101011100111110110111110111110101101111101111101011111101110111010011100001
111111110111111111111011111111010101111101011111111111101010111111111111011101011100111110110111110111110101101111101111101011111101110111010011100001
111111111011111111111011111111010101111101011111111111101010111111111111011101011100111110110111110111110101101111101111101011111101110111010011100001
111111111101111111111011111111010101111101011111111111101010111111111111011101011100111110110111110111110101101111101111101011111101110111010011100001
111111111110111111111011111111010101111101011111111111101010111111111111011101011100111110110111110111110101101111101111101011111101110111010011100001
111111111111011111111011111111010101111101011111111111101010111111111111011101011100111110110111110111110101101111101111101011111101110111010011100001
111111111111101111111011111111010101111101011111111111101010111111111111011101011100111110110111110111110101101111101111101011111101110111010011100001
111111111111110111111011111111010101111101011111111111101010111111111111011101011100111110110111110111110101101111101111101011111101110111010011100001
111111111111111011111011111111010101111101011111111111101010111111111111011101011100111110110111110111110101101111101111101011111101110111010011100001
111111111111111101111011111111010101111101011111111111101010111111111111011101011100111110110111110111110101101111101111101011111101110111010011100001
111111111111111110111011111111010101111101011111111111101010111111111111011101011100111110110111110111110101101111101111101011111101110111010011100001
111111111111111111011011111111010101111101011111111111101010111111111111011101011100111110110111110111110101101111101111101011111101110111010011100001
111111111111111111101011111111010101111101011111111111101010111111111111011101011100111110110111110111110101101111101111101011111101110111010011100001
111111111111111111110011111111010101111101011111111111101010111111111111011101011100111110110111110111110101101111101111101011111101110111010011100001
000000000000000000000011111111010101111101011111111111101010111111111111011101011100111110110111110111110101101111101111101011111101110111010011100001
111111111111111111111101111111010101111101011111111111101010111111111111011101011100111110110111110111110101101111101111101011111101110111010011100001
111111111111111111111110111111010101111101011111111111101010111111111111011101011100111110110111110111110101101111101111101011111101110111010011100001
111111111111111111111111011111010101111101011111111111101010111111111111011101011100111110110111110111110101101111101111101011111101110111010011100001
111111111111111111111111101111010101111101011111111111101010111111111111011101011100111110110111110111110101101111101111101011111101110111010011100001
111111111111111111111111110111010101111101011111111111101010111111111111011101011100111110110111110111110101101111101111101011111101110111010011100001
111111111111111111111111111011010101111101011111111111101010111111111111011101011100111110110111110111110101101111101111101011111101110111010011100001
111111111111111111111111111101010101111101011111111111101010111111111111011101011100111110110111110111110101101111101111101011111101110111010011100001
111111111111111111111111111110010101111101011111111111101010111111111111011101011100111110110111110111110101101111101111101011111101110111010011100001
000000000000000000000000000000010101111101011111111111101010111111111111011101011100111110110111110111110101101111101111101011111101110111010011100001
111111111111111111111111111111100101111101011111111111101010111111111111011101011100111110110111110111110101101111101111101011111101110111010011100001
000000000000000000000000000000000101111101011111111111101010111111111111011101011100111110110111110111110101101111101111101011111101110111010011100001
111111111111111111111111111111111001111101011111111111101010111111111111011101011100111110110111110111110101101111101111101011111101110111010011100001
000000000000000000000000000000000001111101011111111111101010111111111111011101011100111110110111110111110101101111101111101011111101110111010011100001
111111111111111111111111111111111110111101011111111111101010111111111111011101011100111110110111110111110101101111101111101011111101110111010011100001
111111111111111111111111111111111111011101011111111111101010111111111111011101011100111110110111110111110101101111101111101011111101110111010011100001
111111111111111111111111111111111111101101011111111111101010111111111111011101011100111110110111110111110101101111101111101011111101110111010011100001
111111111111111111111111111111111111110101011111111111101010111111111111011101011100111110110111110111110101101111101111101011111101110111010011100001
111111111111111111111111111111111111111001011111111111101010111111111111011101011100111110110111110111110101101111101111101011111101110111010011100001
000000000000000000000000000000000000000001011111111111101010111111111111011101011100111110110111110111110101101111101111101011111101110111010011100001
111111111111111111111111111111111111111110011111111111101010111111111111011101011100111110110111110111110101101111101111101011111101110111010011100001
000000000000000000000000000000000000000000011111111111101010111111111111011101011100111110110111110111110101101111101111101011111101110111010011100001
111111111111111111111111111111111111111111101111111111101010111111111111011101011100111110110111110111110101101111101111101011111101110111010011100001
111111111111111111111111111111111111111111110111111111101010111111111111011101011100111110110111110111110101101111101111101011111101110111010011100001
111111111111111111111111111111111111111111111011111111101010111111111111011101011100111110110111110111110101101111101111101011111101110111010011100001
111111111111111111111111111111111111111111111101111111101010111111111111011101011100111110110111110111110101101111101111101011111101110111010011100001
111111111111111111111111111111111111111111111110111111101010111111111111011101011100111110110111110111110101101111101111101011111101110111010011100001
111111111111111111111111111111111111111111111111011111101010111111111111011101011100111110110111110111110101101111101111101011111101110111010011100001
111111111111111111111111111111111111111111111111101111101010111111111111011101011100111110110111110111110101101111101111101011111101110111010011100001
111111111111111111111111111111111111111111111111110111101010111111111111011101011100111110110111110111110101101111101111101011111101110111010011100001
111111111111111111111111111111111111111111111111111011101010111111111111011101011100111110110111110111110101101111101111101011111101110111010011100001
111111111111111111111111111111111111111111111111111101101010111111111111011101011100111110110111110111110101101111101111101011111101110111010011100001
111111111111111111111111111111111111111111111111111110101010111111111111011101011100111110110111110111110101101111101111101011111101110111010011100001
111111111111111111111111111111111111111111111111111111001010111111111111011101011100111110110111110111110101101111101111101011111101110111010011100001
000000000000000000000000000000000000000000000000000000001010111111111111011101011100111110110111110111110101101111101111101011111101110111010011100001
111111111111111111111111111111111111111111111111111111110010111111111111011101011100111110110111110111110101101111101111101011111101110111010011100001
000000000000000000000000000000000000000000000000000000000010111111111111011101011100111110110111110111110101101111101111101011111101110111010011100001
111111111111111111111111111111111111111111111111111111111100111111111111011101011100111110110111110111110101101111101111101011111101110111010011100001
000000000000000000000000000000000000000000000000000000000000111111111111011101011100111110110111110111110101101111101111101011111101110111010011100001
111111111111111111111111111111111111111111111111111111111111011111111111011101011100111110110111110111110101101111101111101011111101110111010011100001
111111111111111111111111111111111111111111111111111111111111101111111111011101011100111110110111110111110101101111101111101011111101110111010011100001
111111111111111111111111111111111111111111111111111111111111110111111111011101011100111110110111110111110101101111101111101011111101110111010011100001
111111111111111111111111111111111111111111111111111111111111111011111111011101011100111110110111110111110101101111101111101011111101110111010011100001
111111111111111111111111111111111111111111111111111111111111111101111111011101011100111110110111110111110101101111101111101011111101110111010011100001
111111111111111111111111111111111111111111111111111111111111111110111111011101011100111110110111110111110101101111101111101011111101110111010011100001
111111111111111111111111111111111111111111111111111111111111111111011111011101011100111110110111110111110101101111101111101011111101110111010011100001
111111111111111111111111111111111111111111111111111111111111111111101111011101011100111110110111110111110101101111101111101011111101110111010011100001
111111111111111111111111111111111111111111111111111111111111111111110111011101011100111110110111110111110101101111101111101011111101110111010011100001
111111111111111111111111111111111111111111111111111111111111111111111011011101011100111110110111110111110101101111101111101011111101110111010011100001
111111111111111111111111111111111111111111111111111111111111111111111101011101011100111110110111110111110101101111101111101011111101110111010011100001
111111111111111111111111111111111111111111111111111111111111111111111110011101011100111110110111110111110101101111101111101011111101110111010011100001
000000000000000000000000000000000000000000000000000000000000000000000000011101011100111110110111110111110101101111101111101011111101110111010011100001
111111111111111111111111111111111111111111111111111111111111111111111111101101011100111110110111110111110101101111101111101011111101110111010011100001
111111111111111111111111111111111111111111111111111111111111111111111111110101011100111110110111110111110101101111101111101011111101110111010011100001
111111111111111111111111111111111111111111111111111111111111111111111111111001011100111110110111110111110101101111101111101011111101110111010011100001
000000000000000000000000000000000000000000000000000000000000000000000000000001011100111110110111110111110101101111101111101011111101110111010011100001
111111111111111111111111111111111111111111111111111111111111111111111111111110011100111110110111110111110101101111101111101011111101110111010011100001
000000000000000000000000000000000000000000000000000000000000000000000000000000011100111110110111110111110101101111101111101011111101110111010011100001
111111111111111111111111111111111111111111111111111111111111111111111111111111101100111110110111110111110101101111101111101011111101110111010011100001
111111111111111111111111111111111111111111111111111111111111111111111111111111110100111110110111110111110101101111101111101011111101110111010011100001
111111111111111111111111111111111111111111111111111111111111111111111111111111111000111110110111110111110101101111101111101011111101110111010011100001
000000000000000000000000000000000000000000000000000000000000000000000000000000000000111110110111110111110101101111101111101011111101110111010011100001
000000000000000000000000000000000000000000000000000000000000000000000000000000000000111110110111110111110101101111101111101011111101110111010011100001
111111111111111111111111111111111111111111111111111111111111111111111111111111111111011110110111110111110101101111101111101011111101110111010011100001
111111111111111111111111111111111111111111111111111111111111111111111111111111111111101110110111110111110101101111101111101011111101110111010011100001
111111111111111111111111111111111111111111111111111111111111111111111111111111111111110110110111110111110101101111101111101011111101110111010011100001
111111111111111111111111111111111111111111111111111111111111111111111111111111111111111010110111110111110101101111101111101011111101110111010011100001
111111111111111111111111111111111111111111111111111111111111111111111111111111111111111100110111110111110101101111101111101011111101110111010011100001
000000000000000000000000000000000000000000000000000000000000000000000000000000000000000000110111110111110101101111101111101011111101110111010011100001
111111111111111111111111111111111111111111111111111111111111111111111111111111111111111111010111110111110101101111101111101011111101110111010011100001
111111111111111111111111111111111111111111111111111111111111111111111111111111111111111111100111110111110101101111101111101011111101110111010011100001
000000000000000000000000000000000000000000000000000000000000000000000000000000000000000000000111110111110101101111101111101011111101110111010011100001
111111111111111111111111111111111111111111111111111111111111111111111111111111111111111111111011110111110101101111101111101011111101110111010011100001
111111111111111111111111111111111111111111111111111111111111111111111111111111111111111111111101110111110101101111101111101011111101110111010011100001
111111111111111111111111111111111111111111111111111111111111111111111111111111111111111111111110110111110101101111101111101011111101110111010011100001
111111111111111111111111111111111111111111111111111111111111111111111111111111111111111111111111010111110101101111101111101011111101110111010011100001
111111111111111111111111111111111111111111111111111111111111111111111111111111111111111111111111100111110101101111101111101011111101110111010011100001
000000000000000000000000000000000000000000000000000000000000000000000000000000000000000000000000000111110101101111101111101011111101110111010011100001
111111111111111111111111111111111111111111111111111111111111111111111111111111111111111111111111111011110101101111101111101011111101110111010011100001
111111111111111111111111111111111111111111111111111111111111111111111111111111111111111111111111111101110101101111101111101011111101110111010011100001
111111111111111111111111111111111111111111111111111111111111111111111111111111111111111111111111111110110101101111101111101011111101110111010011100001
111111111111111111111111111111111111111111111111111111111111111111111111111111111111111111111111111111010101101111101111101011111101110111010011100001
111111111111111111111111111111111111111111111111111111111111111111111111111111111111111111111111111111100101101111101111101011111101110111010011100001
000000000000000000000000000000000000000000000000000000000000000000000000000000000000000000000000000000000101101111101111101011111101110111010011100001
111111111111111111111111111111111111111111111111111111111111111111111111111111111111111111111111111111111001101111101111101011111101110111010011100001
000000000000000000000000000000000000000000000000000000000000000000000000000000000000000000000000000000000001101111101111101011111101110111010011100001
111111111111111111111111111111111111111111111111111111111111111111111111111111111111111111111111111111111110101111101111101011111101110111010011100001
111111111111111111111111111111111111111111111111111111111111111111111111111111111111111111111111111111111111001111101111101011111101110111010011100001
000000000000000000000000000000000000000000000000000000000000000000000000000000000000000000000000000000000000001111101111101011111101110111010011100001
111111111111111111111111111111111111111111111111111111111111111111111111111111111111111111111111111111111111110111101111101011111101110111010011100001
111111111111111111111111111111111111111111111111111111111111111111111111111111111111111111111111111111111111111011101111101011111101110111010011100001
111111111111111111111111111111111111111111111111111111111111111111111111111111111111111111111111111111111111111101101111101011111101110111010011100001
111111111111111111111111111111111111111111111111111111111111111111111111111111111111111111111111111111111111111110101111101011111101110111010011100001
111111111111111111111111111111111111111111111111111111111111111111111111111111111111111111111111111111111111111111001111101011111101110111010011100001
000000000000000000000000000000000000000000000000000000000000000000000000000000000000000000000000000000000000000000001111101011111101110111010011100001
111111111111111111111111111111111111111111111111111111111111111111111111111111111111111111111111111111111111111111110111101011111101110111010011100001
111111111111111111111111111111111111111111111111111111111111111111111111111111111111111111111111111111111111111111111011101011111101110111010011100001
111111111111111111111111111111111111111111111111111111111111111111111111111111111111111111111111111111111111111111111101101011111101110111010011100001
111111111111111111111111111111111111111111111111111111111111111111111111111111111111111111111111111111111111111111111110101011111101110111010011100001
111111111111111111111111111111111111111111111111111111111111111111111111111111111111111111111111111111111111111111111111001011111101110111010011100001
000000000000000000000000000000000000000000000000000000000000000000000000000000000000000000000000000000000000000000000000001011111101110111010011100001
111111111111111111111111111111111111111111111111111111111111111111111111111111111111111111111111111111111111111111111111110011111101110111010011100001
000000000000000000000000000000000000000000000000000000000000000000000000000000000000000000000000000000000000000000000000000011111101110111010011100001
111111111111111111111111111111111111111111111111111111111111111111111111111111111111111111111111111111111111111111111111111101111101110111010011100001
111111111111111111111111111111111111111111111111111111111111111111111111111111111111111111111111111111111111111111111111111110111101110111010011100001
111111111111111111111111111111111111111111111111111111111111111111111111111111111111111111111111111111111111111111111111111111011101110111010011100001
111111111111111111111111111111111111111111111111111111111111111111111111111111111111111111111111111111111111111111111111111111101101110111010011100001
111111111111111111111111111111111111111111111111111111111111111111111111111111111111111111111111111111111111111111111111111111110101110111010011100001
111111111111111111111111111111111111111111111111111111111111111111111111111111111111111111111111111111111111111111111111111111111001110111010011100001
000000000000000000000000000000000000000000000000000000000000000000000000000000000000000000000000000000000000000000000000000000000001110111010011100001
111111111111111111111111111111111111111111111111111111111111111111111111111111111111111111111111111111111111111111111111111111111110110111010011100001
111111111111111111111111111111111111111111111111111111111111111111111111111111111111111111111111111111111111111111111111111111111111010111010011100001
111111111111111111111111111111111111111111111111111111111111111111111111111111111111111111111111111111111111111111111111111111111111100111010011100001
000000000000000000000000000000000000000000000000000000000000000000000000000000000000000000000000000000000000000000000000000000000000000111010011100001
111111111111111111111111111111111111111111111111111111111111111111111111111111111111111111111111111111111111111111111111111111111111111011010011100001
111111111111111111111111111111111111111111111111111111111111111111111111111111111111111111111111111111111111111111111111111111111111111101010011100001
111111111111111111111111111111111111111111111111111111111111111111111111111111111111111111111111111111111111111111111111111111111111111110010011100001
000000000000000000000000000000000000000000000000000000000000000000000000000000000000000000000000000000000000000000000000000000000000000000010011100001
111111111111111111111111111111111111111111111111111111111111111111111111111111111111111111111111111111111111111111111111111111111111111111100011100001
000000000000000000000000000000000000000000000000000000000000000000000000000000000000000000000000000000000000000000000000000000000000000000000011100001
000000000000000000000000000000000000000000000000000000000000000000000000000000000000000000000000000000000000000000000000000000000000000000000011100001
111111111111111111111111111111111111111111111111111111111111111111111111111111111111111111111111111111111111111111111111111111111111111111111101100001
111111111111111111111111111111111111111111111111111111111111111111111111111111111111111111111111111111111111111111111111111111111111111111111110100001
111111111111111111111111111111111111111111111111111111111111111111111111111111111111111111111111111111111111111111111111111111111111111111111111000001
000000000000000000000000000000000000000000000000000000000000000000000000000000000000000000000000000000000000000000000000000000000000000000000000000001
000000000000000000000000000000000000000000000000000000000000000000000000000000000000000000000000000000000000000000000000000000000000000000000000000001
000000000000000000000000000000000000000000000000000000000000000000000000000000000000000000000000000000000000000000000000000000000000000000000000000001
000000000000000000000000000000000000000000000000000000000000000000000000000000000000000000000000000000000000000000000000000000000000000000000000000001
111111111111111111111111111111111111111111111111111111111111111111111111111111111111111111111111111111111111111111111111111111111111111111111111111110
