01010000111000001000101100100000000011000000100001
10010000111000001000101100100000000011000000100001
00010000111000001000101100100000000011000000100001
11100000111000001000101100100000000011000000100001
00000000111000001000101100100000000011000000100001
00000000111000001000101100100000000011000000100001
00000000111000001000101100100000000011000000100001
00000000111000001000101100100000000011000000100001
11111111011000001000101100100000000011000000100001
11111111101000001000101100100000000011000000100001
11111111110000001000101100100000000011000000100001
00000000000000001000101100100000000011000000100001
00000000000000001000101100100000000011000000100001
00000000000000001000101100100000000011000000100001
00000000000000001000101100100000000011000000100001
00000000000000001000101100100000000011000000100001
11111111111111110000101100100000000011000000100001
00000000000000000000101100100000000011000000100001
00000000000000000000101100100000000011000000100001
00000000000000000000101100100000000011000000100001
11111111111111111111001100100000000011000000100001
00000000000000000000001100100000000011000000100001
11111111111111111111110100100000000011000000100001
11111111111111111111111000100000000011000000100001
00000000000000000000000000100000000011000000100001
00000000000000000000000000100000000011000000100001
11111111111111111111111111000000000011000000100001
00000000000000000000000000000000000011000000100001
00000000000000000000000000000000000011000000100001
00000000000000000000000000000000000011000000100001
00000000000000000000000000000000000011000000100001
00000000000000000000000000000000000011000000100001
00000000000000000000000000000000000011000000100001
00000000000000000000000000000000000011000000100001
00000000000000000000000000000000000011000000100001
00000000000000000000000000000000000011000000100001
11111111111111111111111111111111111101000000100001
11111111111111111111111111111111111110000000100001
00000000000000000000000000000000000000000000100001
00000000000000000000000000000000000000000000100001
00000000000000000000000000000000000000000000100001
00000000000000000000000000000000000000000000100001
00000000000000000000000000000000000000000000100001
00000000000000000000000000000000000000000000100001
11111111111111111111111111111111111111111111000001
00000000000000000000000000000000000000000000000001
00000000000000000000000000000000000000000000000001
00000000000000000000000000000000000000000000000001
00000000000000000000000000000000000000000000000001
11111111111111111111111111111111111111111111111110
