00111110001000011110100011011100011111101110100100110000011101101100010110010011000100100111101101001011111100101000001100100110101000000001011101001001010010011000010111111011111101100010000001101011
00111110001000011110100011011100011111101110100100110000011101101100010110010011000100100111101101001011111100101000001100100110101000000001011101001001010010011000010111111011111101100010000001101011
11011110001000011110100011011100011111101110100100110000011101101100010110010011000100100111101101001011111100101000001100100110101000000001011101001001010010011000010111111011111101100010000001101011
11101110001000011110100011011100011111101110100100110000011101101100010110010011000100100111101101001011111100101000001100100110101000000001011101001001010010011000010111111011111101100010000001101011
11110110001000011110100011011100011111101110100100110000011101101100010110010011000100100111101101001011111100101000001100100110101000000001011101001001010010011000010111111011111101100010000001101011
11111010001000011110100011011100011111101110100100110000011101101100010110010011000100100111101101001011111100101000001100100110101000000001011101001001010010011000010111111011111101100010000001101011
11111100001000011110100011011100011111101110100100110000011101101100010110010011000100100111101101001011111100101000001100100110101000000001011101001001010010011000010111111011111101100010000001101011
00000000001000011110100011011100011111101110100100110000011101101100010110010011000100100111101101001011111100101000001100100110101000000001011101001001010010011000010111111011111101100010000001101011
00000000001000011110100011011100011111101110100100110000011101101100010110010011000100100111101101001011111100101000001100100110101000000001011101001001010010011000010111111011111101100010000001101011
00000000001000011110100011011100011111101110100100110000011101101100010110010011000100100111101101001011111100101000001100100110101000000001011101001001010010011000010111111011111101100010000001101011
11111111110000011110100011011100011111101110100100110000011101101100010110010011000100100111101101001011111100101000001100100110101000000001011101001001010010011000010111111011111101100010000001101011
00000000000000011110100011011100011111101110100100110000011101101100010110010011000100100111101101001011111100101000001100100110101000000001011101001001010010011000010111111011111101100010000001101011
00000000000000011110100011011100011111101110100100110000011101101100010110010011000100100111101101001011111100101000001100100110101000000001011101001001010010011000010111111011111101100010000001101011
00000000000000011110100011011100011111101110100100110000011101101100010110010011000100100111101101001011111100101000001100100110101000000001011101001001010010011000010111111011111101100010000001101011
00000000000000011110100011011100011111101110100100110000011101101100010110010011000100100111101101001011111100101000001100100110101000000001011101001001010010011000010111111011111101100010000001101011
11111111111111101110100011011100011111101110100100110000011101101100010110010011000100100111101101001011111100101000001100100110101000000001011101001001010010011000010111111011111101100010000001101011
11111111111111110110100011011100011111101110100100110000011101101100010110010011000100100111101101001011111100101000001100100110101000000001011101001001010010011000010111111011111101100010000001101011
11111111111111111010100011011100011111101110100100110000011101101100010110010011000100100111101101001011111100101000001100100110101000000001011101001001010010011000010111111011111101100010000001101011
11111111111111111100100011011100011111101110100100110000011101101100010110010011000100100111101101001011111100101000001100100110101000000001011101001001010010011000010111111011111101100010000001101011
00000000000000000000100011011100011111101110100100110000011101101100010110010011000100100111101101001011111100101000001100100110101000000001011101001001010010011000010111111011111101100010000001101011
11111111111111111111000011011100011111101110100100110000011101101100010110010011000100100111101101001011111100101000001100100110101000000001011101001001010010011000010111111011111101100010000001101011
00000000000000000000000011011100011111101110100100110000011101101100010110010011000100100111101101001011111100101000001100100110101000000001011101001001010010011000010111111011111101100010000001101011
00000000000000000000000011011100011111101110100100110000011101101100010110010011000100100111101101001011111100101000001100100110101000000001011101001001010010011000010111111011111101100010000001101011
00000000000000000000000011011100011111101110100100110000011101101100010110010011000100100111101101001011111100101000001100100110101000000001011101001001010010011000010111111011111101100010000001101011
11111111111111111111111101011100011111101110100100110000011101101100010110010011000100100111101101001011111100101000001100100110101000000001011101001001010010011000010111111011111101100010000001101011
11111111111111111111111110011100011111101110100100110000011101101100010110010011000100100111101101001011111100101000001100100110101000000001011101001001010010011000010111111011111101100010000001101011
00000000000000000000000000011100011111101110100100110000011101101100010110010011000100100111101101001011111100101000001100100110101000000001011101001001010010011000010111111011111101100010000001101011
11111111111111111111111111101100011111101110100100110000011101101100010110010011000100100111101101001011111100101000001100100110101000000001011101001001010010011000010111111011111101100010000001101011
11111111111111111111111111110100011111101110100100110000011101101100010110010011000100100111101101001011111100101000001100100110101000000001011101001001010010011000010111111011111101100010000001101011
11111111111111111111111111111000011111101110100100110000011101101100010110010011000100100111101101001011111100101000001100100110101000000001011101001001010010011000010111111011111101100010000001101011
00000000000000000000000000000000011111101110100100110000011101101100010110010011000100100111101101001011111100101000001100100110101000000001011101001001010010011000010111111011111101100010000001101011
00000000000000000000000000000000011111101110100100110000011101101100010110010011000100100111101101001011111100101000001100100110101000000001011101001001010010011000010111111011111101100010000001101011
00000000000000000000000000000000011111101110100100110000011101101100010110010011000100100111101101001011111100101000001100100110101000000001011101001001010010011000010111111011111101100010000001101011
11111111111111111111111111111111101111101110100100110000011101101100010110010011000100100111101101001011111100101000001100100110101000000001011101001001010010011000010111111011111101100010000001101011
11111111111111111111111111111111110111101110100100110000011101101100010110010011000100100111101101001011111100101000001100100110101000000001011101001001010010011000010111111011111101100010000001101011
11111111111111111111111111111111111011101110100100110000011101101100010110010011000100100111101101001011111100101000001100100110101000000001011101001001010010011000010111111011111101100010000001101011
11111111111111111111111111111111111101101110100100110000011101101100010110010011000100100111101101001011111100101000001100100110101000000001011101001001010010011000010111111011111101100010000001101011
11111111111111111111111111111111111110101110100100110000011101101100010110010011000100100111101101001011111100101000001100100110101000000001011101001001010010011000010111111011111101100010000001101011
11111111111111111111111111111111111111001110100100110000011101101100010110010011000100100111101101001011111100101000001100100110101000000001011101001001010010011000010111111011111101100010000001101011
00000000000000000000000000000000000000001110100100110000011101101100010110010011000100100111101101001011111100101000001100100110101000000001011101001001010010011000010111111011111101100010000001101011
11111111111111111111111111111111111111110110100100110000011101101100010110010011000100100111101101001011111100101000001100100110101000000001011101001001010010011000010111111011111101100010000001101011
11111111111111111111111111111111111111111010100100110000011101101100010110010011000100100111101101001011111100101000001100100110101000000001011101001001010010011000010111111011111101100010000001101011
11111111111111111111111111111111111111111100100100110000011101101100010110010011000100100111101101001011111100101000001100100110101000000001011101001001010010011000010111111011111101100010000001101011
00000000000000000000000000000000000000000000100100110000011101101100010110010011000100100111101101001011111100101000001100100110101000000001011101001001010010011000010111111011111101100010000001101011
11111111111111111111111111111111111111111111000100110000011101101100010110010011000100100111101101001011111100101000001100100110101000000001011101001001010010011000010111111011111101100010000001101011
00000000000000000000000000000000000000000000000100110000011101101100010110010011000100100111101101001011111100101000001100100110101000000001011101001001010010011000010111111011111101100010000001101011
00000000000000000000000000000000000000000000000100110000011101101100010110010011000100100111101101001011111100101000001100100110101000000001011101001001010010011000010111111011111101100010000001101011
11111111111111111111111111111111111111111111111000110000011101101100010110010011000100100111101101001011111100101000001100100110101000000001011101001001010010011000010111111011111101100010000001101011
00000000000000000000000000000000000000000000000000110000011101101100010110010011000100100111101101001011111100101000001100100110101000000001011101001001010010011000010111111011111101100010000001101011
00000000000000000000000000000000000000000000000000110000011101101100010110010011000100100111101101001011111100101000001100100110101000000001011101001001010010011000010111111011111101100010000001101011
11111111111111111111111111111111111111111111111111010000011101101100010110010011000100100111101101001011111100101000001100100110101000000001011101001001010010011000010111111011111101100010000001101011
11111111111111111111111111111111111111111111111111100000011101101100010110010011000100100111101101001011111100101000001100100110101000000001011101001001010010011000010111111011111101100010000001101011
00000000000000000000000000000000000000000000000000000000011101101100010110010011000100100111101101001011111100101000001100100110101000000001011101001001010010011000010111111011111101100010000001101011
00000000000000000000000000000000000000000000000000000000011101101100010110010011000100100111101101001011111100101000001100100110101000000001011101001001010010011000010111111011111101100010000001101011
00000000000000000000000000000000000000000000000000000000011101101100010110010011000100100111101101001011111100101000001100100110101000000001011101001001010010011000010111111011111101100010000001101011
00000000000000000000000000000000000000000000000000000000011101101100010110010011000100100111101101001011111100101000001100100110101000000001011101001001010010011000010111111011111101100010000001101011
00000000000000000000000000000000000000000000000000000000011101101100010110010011000100100111101101001011111100101000001100100110101000000001011101001001010010011000010111111011111101100010000001101011
11111111111111111111111111111111111111111111111111111111101101101100010110010011000100100111101101001011111100101000001100100110101000000001011101001001010010011000010111111011111101100010000001101011
11111111111111111111111111111111111111111111111111111111110101101100010110010011000100100111101101001011111100101000001100100110101000000001011101001001010010011000010111111011111101100010000001101011
11111111111111111111111111111111111111111111111111111111111001101100010110010011000100100111101101001011111100101000001100100110101000000001011101001001010010011000010111111011111101100010000001101011
00000000000000000000000000000000000000000000000000000000000001101100010110010011000100100111101101001011111100101000001100100110101000000001011101001001010010011000010111111011111101100010000001101011
11111111111111111111111111111111111111111111111111111111111110101100010110010011000100100111101101001011111100101000001100100110101000000001011101001001010010011000010111111011111101100010000001101011
11111111111111111111111111111111111111111111111111111111111111001100010110010011000100100111101101001011111100101000001100100110101000000001011101001001010010011000010111111011111101100010000001101011
00000000000000000000000000000000000000000000000000000000000000001100010110010011000100100111101101001011111100101000001100100110101000000001011101001001010010011000010111111011111101100010000001101011
11111111111111111111111111111111111111111111111111111111111111110100010110010011000100100111101101001011111100101000001100100110101000000001011101001001010010011000010111111011111101100010000001101011
11111111111111111111111111111111111111111111111111111111111111111000010110010011000100100111101101001011111100101000001100100110101000000001011101001001010010011000010111111011111101100010000001101011
00000000000000000000000000000000000000000000000000000000000000000000010110010011000100100111101101001011111100101000001100100110101000000001011101001001010010011000010111111011111101100010000001101011
00000000000000000000000000000000000000000000000000000000000000000000010110010011000100100111101101001011111100101000001100100110101000000001011101001001010010011000010111111011111101100010000001101011
00000000000000000000000000000000000000000000000000000000000000000000010110010011000100100111101101001011111100101000001100100110101000000001011101001001010010011000010111111011111101100010000001101011
11111111111111111111111111111111111111111111111111111111111111111111100110010011000100100111101101001011111100101000001100100110101000000001011101001001010010011000010111111011111101100010000001101011
00000000000000000000000000000000000000000000000000000000000000000000000110010011000100100111101101001011111100101000001100100110101000000001011101001001010010011000010111111011111101100010000001101011
11111111111111111111111111111111111111111111111111111111111111111111111010010011000100100111101101001011111100101000001100100110101000000001011101001001010010011000010111111011111101100010000001101011
11111111111111111111111111111111111111111111111111111111111111111111111100010011000100100111101101001011111100101000001100100110101000000001011101001001010010011000010111111011111101100010000001101011
00000000000000000000000000000000000000000000000000000000000000000000000000010011000100100111101101001011111100101000001100100110101000000001011101001001010010011000010111111011111101100010000001101011
00000000000000000000000000000000000000000000000000000000000000000000000000010011000100100111101101001011111100101000001100100110101000000001011101001001010010011000010111111011111101100010000001101011
11111111111111111111111111111111111111111111111111111111111111111111111111100011000100100111101101001011111100101000001100100110101000000001011101001001010010011000010111111011111101100010000001101011
00000000000000000000000000000000000000000000000000000000000000000000000000000011000100100111101101001011111100101000001100100110101000000001011101001001010010011000010111111011111101100010000001101011
00000000000000000000000000000000000000000000000000000000000000000000000000000011000100100111101101001011111100101000001100100110101000000001011101001001010010011000010111111011111101100010000001101011
11111111111111111111111111111111111111111111111111111111111111111111111111111101000100100111101101001011111100101000001100100110101000000001011101001001010010011000010111111011111101100010000001101011
11111111111111111111111111111111111111111111111111111111111111111111111111111110000100100111101101001011111100101000001100100110101000000001011101001001010010011000010111111011111101100010000001101011
00000000000000000000000000000000000000000000000000000000000000000000000000000000000100100111101101001011111100101000001100100110101000000001011101001001010010011000010111111011111101100010000001101011
00000000000000000000000000000000000000000000000000000000000000000000000000000000000100100111101101001011111100101000001100100110101000000001011101001001010010011000010111111011111101100010000001101011
00000000000000000000000000000000000000000000000000000000000000000000000000000000000100100111101101001011111100101000001100100110101000000001011101001001010010011000010111111011111101100010000001101011
11111111111111111111111111111111111111111111111111111111111111111111111111111111111000100111101101001011111100101000001100100110101000000001011101001001010010011000010111111011111101100010000001101011
00000000000000000000000000000000000000000000000000000000000000000000000000000000000000100111101101001011111100101000001100100110101000000001011101001001010010011000010111111011111101100010000001101011
00000000000000000000000000000000000000000000000000000000000000000000000000000000000000100111101101001011111100101000001100100110101000000001011101001001010010011000010111111011111101100010000001101011
11111111111111111111111111111111111111111111111111111111111111111111111111111111111111000111101101001011111100101000001100100110101000000001011101001001010010011000010111111011111101100010000001101011
00000000000000000000000000000000000000000000000000000000000000000000000000000000000000000111101101001011111100101000001100100110101000000001011101001001010010011000010111111011111101100010000001101011
00000000000000000000000000000000000000000000000000000000000000000000000000000000000000000111101101001011111100101000001100100110101000000001011101001001010010011000010111111011111101100010000001101011
11111111111111111111111111111111111111111111111111111111111111111111111111111111111111111011101101001011111100101000001100100110101000000001011101001001010010011000010111111011111101100010000001101011
11111111111111111111111111111111111111111111111111111111111111111111111111111111111111111101101101001011111100101000001100100110101000000001011101001001010010011000010111111011111101100010000001101011
11111111111111111111111111111111111111111111111111111111111111111111111111111111111111111110101101001011111100101000001100100110101000000001011101001001010010011000010111111011111101100010000001101011
11111111111111111111111111111111111111111111111111111111111111111111111111111111111111111111001101001011111100101000001100100110101000000001011101001001010010011000010111111011111101100010000001101011
00000000000000000000000000000000000000000000000000000000000000000000000000000000000000000000001101001011111100101000001100100110101000000001011101001001010010011000010111111011111101100010000001101011
11111111111111111111111111111111111111111111111111111111111111111111111111111111111111111111110101001011111100101000001100100110101000000001011101001001010010011000010111111011111101100010000001101011
11111111111111111111111111111111111111111111111111111111111111111111111111111111111111111111111001001011111100101000001100100110101000000001011101001001010010011000010111111011111101100010000001101011
00000000000000000000000000000000000000000000000000000000000000000000000000000000000000000000000001001011111100101000001100100110101000000001011101001001010010011000010111111011111101100010000001101011
11111111111111111111111111111111111111111111111111111111111111111111111111111111111111111111111110001011111100101000001100100110101000000001011101001001010010011000010111111011111101100010000001101011
00000000000000000000000000000000000000000000000000000000000000000000000000000000000000000000000000001011111100101000001100100110101000000001011101001001010010011000010111111011111101100010000001101011
00000000000000000000000000000000000000000000000000000000000000000000000000000000000000000000000000001011111100101000001100100110101000000001011101001001010010011000010111111011111101100010000001101011
11111111111111111111111111111111111111111111111111111111111111111111111111111111111111111111111111110011111100101000001100100110101000000001011101001001010010011000010111111011111101100010000001101011
00000000000000000000000000000000000000000000000000000000000000000000000000000000000000000000000000000011111100101000001100100110101000000001011101001001010010011000010111111011111101100010000001101011
11111111111111111111111111111111111111111111111111111111111111111111111111111111111111111111111111111101111100101000001100100110101000000001011101001001010010011000010111111011111101100010000001101011
11111111111111111111111111111111111111111111111111111111111111111111111111111111111111111111111111111110111100101000001100100110101000000001011101001001010010011000010111111011111101100010000001101011
11111111111111111111111111111111111111111111111111111111111111111111111111111111111111111111111111111111011100101000001100100110101000000001011101001001010010011000010111111011111101100010000001101011
11111111111111111111111111111111111111111111111111111111111111111111111111111111111111111111111111111111101100101000001100100110101000000001011101001001010010011000010111111011111101100010000001101011
11111111111111111111111111111111111111111111111111111111111111111111111111111111111111111111111111111111110100101000001100100110101000000001011101001001010010011000010111111011111101100010000001101011
11111111111111111111111111111111111111111111111111111111111111111111111111111111111111111111111111111111111000101000001100100110101000000001011101001001010010011000010111111011111101100010000001101011
00000000000000000000000000000000000000000000000000000000000000000000000000000000000000000000000000000000000000101000001100100110101000000001011101001001010010011000010111111011111101100010000001101011
00000000000000000000000000000000000000000000000000000000000000000000000000000000000000000000000000000000000000101000001100100110101000000001011101001001010010011000010111111011111101100010000001101011
11111111111111111111111111111111111111111111111111111111111111111111111111111111111111111111111111111111111111001000001100100110101000000001011101001001010010011000010111111011111101100010000001101011
00000000000000000000000000000000000000000000000000000000000000000000000000000000000000000000000000000000000000001000001100100110101000000001011101001001010010011000010111111011111101100010000001101011
11111111111111111111111111111111111111111111111111111111111111111111111111111111111111111111111111111111111111110000001100100110101000000001011101001001010010011000010111111011111101100010000001101011
00000000000000000000000000000000000000000000000000000000000000000000000000000000000000000000000000000000000000000000001100100110101000000001011101001001010010011000010111111011111101100010000001101011
00000000000000000000000000000000000000000000000000000000000000000000000000000000000000000000000000000000000000000000001100100110101000000001011101001001010010011000010111111011111101100010000001101011
00000000000000000000000000000000000000000000000000000000000000000000000000000000000000000000000000000000000000000000001100100110101000000001011101001001010010011000010111111011111101100010000001101011
00000000000000000000000000000000000000000000000000000000000000000000000000000000000000000000000000000000000000000000001100100110101000000001011101001001010010011000010111111011111101100010000001101011
00000000000000000000000000000000000000000000000000000000000000000000000000000000000000000000000000000000000000000000001100100110101000000001011101001001010010011000010111111011111101100010000001101011
11111111111111111111111111111111111111111111111111111111111111111111111111111111111111111111111111111111111111111111110100100110101000000001011101001001010010011000010111111011111101100010000001101011
11111111111111111111111111111111111111111111111111111111111111111111111111111111111111111111111111111111111111111111111000100110101000000001011101001001010010011000010111111011111101100010000001101011
00000000000000000000000000000000000000000000000000000000000000000000000000000000000000000000000000000000000000000000000000100110101000000001011101001001010010011000010111111011111101100010000001101011
00000000000000000000000000000000000000000000000000000000000000000000000000000000000000000000000000000000000000000000000000100110101000000001011101001001010010011000010111111011111101100010000001101011
11111111111111111111111111111111111111111111111111111111111111111111111111111111111111111111111111111111111111111111111111000110101000000001011101001001010010011000010111111011111101100010000001101011
00000000000000000000000000000000000000000000000000000000000000000000000000000000000000000000000000000000000000000000000000000110101000000001011101001001010010011000010111111011111101100010000001101011
00000000000000000000000000000000000000000000000000000000000000000000000000000000000000000000000000000000000000000000000000000110101000000001011101001001010010011000010111111011111101100010000001101011
11111111111111111111111111111111111111111111111111111111111111111111111111111111111111111111111111111111111111111111111111111010101000000001011101001001010010011000010111111011111101100010000001101011
11111111111111111111111111111111111111111111111111111111111111111111111111111111111111111111111111111111111111111111111111111100101000000001011101001001010010011000010111111011111101100010000001101011
00000000000000000000000000000000000000000000000000000000000000000000000000000000000000000000000000000000000000000000000000000000101000000001011101001001010010011000010111111011111101100010000001101011
11111111111111111111111111111111111111111111111111111111111111111111111111111111111111111111111111111111111111111111111111111111001000000001011101001001010010011000010111111011111101100010000001101011
00000000000000000000000000000000000000000000000000000000000000000000000000000000000000000000000000000000000000000000000000000000001000000001011101001001010010011000010111111011111101100010000001101011
11111111111111111111111111111111111111111111111111111111111111111111111111111111111111111111111111111111111111111111111111111111110000000001011101001001010010011000010111111011111101100010000001101011
00000000000000000000000000000000000000000000000000000000000000000000000000000000000000000000000000000000000000000000000000000000000000000001011101001001010010011000010111111011111101100010000001101011
00000000000000000000000000000000000000000000000000000000000000000000000000000000000000000000000000000000000000000000000000000000000000000001011101001001010010011000010111111011111101100010000001101011
00000000000000000000000000000000000000000000000000000000000000000000000000000000000000000000000000000000000000000000000000000000000000000001011101001001010010011000010111111011111101100010000001101011
00000000000000000000000000000000000000000000000000000000000000000000000000000000000000000000000000000000000000000000000000000000000000000001011101001001010010011000010111111011111101100010000001101011
00000000000000000000000000000000000000000000000000000000000000000000000000000000000000000000000000000000000000000000000000000000000000000001011101001001010010011000010111111011111101100010000001101011
00000000000000000000000000000000000000000000000000000000000000000000000000000000000000000000000000000000000000000000000000000000000000000001011101001001010010011000010111111011111101100010000001101011
00000000000000000000000000000000000000000000000000000000000000000000000000000000000000000000000000000000000000000000000000000000000000000001011101001001010010011000010111111011111101100010000001101011
00000000000000000000000000000000000000000000000000000000000000000000000000000000000000000000000000000000000000000000000000000000000000000001011101001001010010011000010111111011111101100010000001101011
11111111111111111111111111111111111111111111111111111111111111111111111111111111111111111111111111111111111111111111111111111111111111111110011101001001010010011000010111111011111101100010000001101011
00000000000000000000000000000000000000000000000000000000000000000000000000000000000000000000000000000000000000000000000000000000000000000000011101001001010010011000010111111011111101100010000001101011
11111111111111111111111111111111111111111111111111111111111111111111111111111111111111111111111111111111111111111111111111111111111111111111101101001001010010011000010111111011111101100010000001101011
11111111111111111111111111111111111111111111111111111111111111111111111111111111111111111111111111111111111111111111111111111111111111111111110101001001010010011000010111111011111101100010000001101011
11111111111111111111111111111111111111111111111111111111111111111111111111111111111111111111111111111111111111111111111111111111111111111111111001001001010010011000010111111011111101100010000001101011
00000000000000000000000000000000000000000000000000000000000000000000000000000000000000000000000000000000000000000000000000000000000000000000000001001001010010011000010111111011111101100010000001101011
11111111111111111111111111111111111111111111111111111111111111111111111111111111111111111111111111111111111111111111111111111111111111111111111110001001010010011000010111111011111101100010000001101011
00000000000000000000000000000000000000000000000000000000000000000000000000000000000000000000000000000000000000000000000000000000000000000000000000001001010010011000010111111011111101100010000001101011
00000000000000000000000000000000000000000000000000000000000000000000000000000000000000000000000000000000000000000000000000000000000000000000000000001001010010011000010111111011111101100010000001101011
11111111111111111111111111111111111111111111111111111111111111111111111111111111111111111111111111111111111111111111111111111111111111111111111111110001010010011000010111111011111101100010000001101011
00000000000000000000000000000000000000000000000000000000000000000000000000000000000000000000000000000000000000000000000000000000000000000000000000000001010010011000010111111011111101100010000001101011
00000000000000000000000000000000000000000000000000000000000000000000000000000000000000000000000000000000000000000000000000000000000000000000000000000001010010011000010111111011111101100010000001101011
11111111111111111111111111111111111111111111111111111111111111111111111111111111111111111111111111111111111111111111111111111111111111111111111111111110010010011000010111111011111101100010000001101011
00000000000000000000000000000000000000000000000000000000000000000000000000000000000000000000000000000000000000000000000000000000000000000000000000000000010010011000010111111011111101100010000001101011
11111111111111111111111111111111111111111111111111111111111111111111111111111111111111111111111111111111111111111111111111111111111111111111111111111111100010011000010111111011111101100010000001101011
00000000000000000000000000000000000000000000000000000000000000000000000000000000000000000000000000000000000000000000000000000000000000000000000000000000000010011000010111111011111101100010000001101011
00000000000000000000000000000000000000000000000000000000000000000000000000000000000000000000000000000000000000000000000000000000000000000000000000000000000010011000010111111011111101100010000001101011
11111111111111111111111111111111111111111111111111111111111111111111111111111111111111111111111111111111111111111111111111111111111111111111111111111111111100011000010111111011111101100010000001101011
00000000000000000000000000000000000000000000000000000000000000000000000000000000000000000000000000000000000000000000000000000000000000000000000000000000000000011000010111111011111101100010000001101011
00000000000000000000000000000000000000000000000000000000000000000000000000000000000000000000000000000000000000000000000000000000000000000000000000000000000000011000010111111011111101100010000001101011
11111111111111111111111111111111111111111111111111111111111111111111111111111111111111111111111111111111111111111111111111111111111111111111111111111111111111101000010111111011111101100010000001101011
11111111111111111111111111111111111111111111111111111111111111111111111111111111111111111111111111111111111111111111111111111111111111111111111111111111111111110000010111111011111101100010000001101011
00000000000000000000000000000000000000000000000000000000000000000000000000000000000000000000000000000000000000000000000000000000000000000000000000000000000000000000010111111011111101100010000001101011
00000000000000000000000000000000000000000000000000000000000000000000000000000000000000000000000000000000000000000000000000000000000000000000000000000000000000000000010111111011111101100010000001101011
00000000000000000000000000000000000000000000000000000000000000000000000000000000000000000000000000000000000000000000000000000000000000000000000000000000000000000000010111111011111101100010000001101011
00000000000000000000000000000000000000000000000000000000000000000000000000000000000000000000000000000000000000000000000000000000000000000000000000000000000000000000010111111011111101100010000001101011
11111111111111111111111111111111111111111111111111111111111111111111111111111111111111111111111111111111111111111111111111111111111111111111111111111111111111111111100111111011111101100010000001101011
00000000000000000000000000000000000000000000000000000000000000000000000000000000000000000000000000000000000000000000000000000000000000000000000000000000000000000000000111111011111101100010000001101011
11111111111111111111111111111111111111111111111111111111111111111111111111111111111111111111111111111111111111111111111111111111111111111111111111111111111111111111111011111011111101100010000001101011
11111111111111111111111111111111111111111111111111111111111111111111111111111111111111111111111111111111111111111111111111111111111111111111111111111111111111111111111101111011111101100010000001101011
11111111111111111111111111111111111111111111111111111111111111111111111111111111111111111111111111111111111111111111111111111111111111111111111111111111111111111111111110111011111101100010000001101011
11111111111111111111111111111111111111111111111111111111111111111111111111111111111111111111111111111111111111111111111111111111111111111111111111111111111111111111111111011011111101100010000001101011
11111111111111111111111111111111111111111111111111111111111111111111111111111111111111111111111111111111111111111111111111111111111111111111111111111111111111111111111111101011111101100010000001101011
11111111111111111111111111111111111111111111111111111111111111111111111111111111111111111111111111111111111111111111111111111111111111111111111111111111111111111111111111110011111101100010000001101011
00000000000000000000000000000000000000000000000000000000000000000000000000000000000000000000000000000000000000000000000000000000000000000000000000000000000000000000000000000011111101100010000001101011
11111111111111111111111111111111111111111111111111111111111111111111111111111111111111111111111111111111111111111111111111111111111111111111111111111111111111111111111111111101111101100010000001101011
11111111111111111111111111111111111111111111111111111111111111111111111111111111111111111111111111111111111111111111111111111111111111111111111111111111111111111111111111111110111101100010000001101011
11111111111111111111111111111111111111111111111111111111111111111111111111111111111111111111111111111111111111111111111111111111111111111111111111111111111111111111111111111111011101100010000001101011
11111111111111111111111111111111111111111111111111111111111111111111111111111111111111111111111111111111111111111111111111111111111111111111111111111111111111111111111111111111101101100010000001101011
11111111111111111111111111111111111111111111111111111111111111111111111111111111111111111111111111111111111111111111111111111111111111111111111111111111111111111111111111111111110101100010000001101011
11111111111111111111111111111111111111111111111111111111111111111111111111111111111111111111111111111111111111111111111111111111111111111111111111111111111111111111111111111111111001100010000001101011
00000000000000000000000000000000000000000000000000000000000000000000000000000000000000000000000000000000000000000000000000000000000000000000000000000000000000000000000000000000000001100010000001101011
11111111111111111111111111111111111111111111111111111111111111111111111111111111111111111111111111111111111111111111111111111111111111111111111111111111111111111111111111111111111110100010000001101011
11111111111111111111111111111111111111111111111111111111111111111111111111111111111111111111111111111111111111111111111111111111111111111111111111111111111111111111111111111111111111000010000001101011
00000000000000000000000000000000000000000000000000000000000000000000000000000000000000000000000000000000000000000000000000000000000000000000000000000000000000000000000000000000000000000010000001101011
00000000000000000000000000000000000000000000000000000000000000000000000000000000000000000000000000000000000000000000000000000000000000000000000000000000000000000000000000000000000000000010000001101011
00000000000000000000000000000000000000000000000000000000000000000000000000000000000000000000000000000000000000000000000000000000000000000000000000000000000000000000000000000000000000000010000001101011
11111111111111111111111111111111111111111111111111111111111111111111111111111111111111111111111111111111111111111111111111111111111111111111111111111111111111111111111111111111111111111100000001101011
00000000000000000000000000000000000000000000000000000000000000000000000000000000000000000000000000000000000000000000000000000000000000000000000000000000000000000000000000000000000000000000000001101011
00000000000000000000000000000000000000000000000000000000000000000000000000000000000000000000000000000000000000000000000000000000000000000000000000000000000000000000000000000000000000000000000001101011
00000000000000000000000000000000000000000000000000000000000000000000000000000000000000000000000000000000000000000000000000000000000000000000000000000000000000000000000000000000000000000000000001101011
00000000000000000000000000000000000000000000000000000000000000000000000000000000000000000000000000000000000000000000000000000000000000000000000000000000000000000000000000000000000000000000000001101011
00000000000000000000000000000000000000000000000000000000000000000000000000000000000000000000000000000000000000000000000000000000000000000000000000000000000000000000000000000000000000000000000001101011
00000000000000000000000000000000000000000000000000000000000000000000000000000000000000000000000000000000000000000000000000000000000000000000000000000000000000000000000000000000000000000000000001101011
11111111111111111111111111111111111111111111111111111111111111111111111111111111111111111111111111111111111111111111111111111111111111111111111111111111111111111111111111111111111111111111111110101011
11111111111111111111111111111111111111111111111111111111111111111111111111111111111111111111111111111111111111111111111111111111111111111111111111111111111111111111111111111111111111111111111111001011
00000000000000000000000000000000000000000000000000000000000000000000000000000000000000000000000000000000000000000000000000000000000000000000000000000000000000000000000000000000000000000000000000001011
11111111111111111111111111111111111111111111111111111111111111111111111111111111111111111111111111111111111111111111111111111111111111111111111111111111111111111111111111111111111111111111111111110011
00000000000000000000000000000000000000000000000000000000000000000000000000000000000000000000000000000000000000000000000000000000000000000000000000000000000000000000000000000000000000000000000000000011
11111111111111111111111111111111111111111111111111111111111111111111111111111111111111111111111111111111111111111111111111111111111111111111111111111111111111111111111111111111111111111111111111111101
11111111111111111111111111111111111111111111111111111111111111111111111111111111111111111111111111111111111111111111111111111111111111111111111111111111111111111111111111111111111111111111111111111110
