001101101011011001101010001011
001101101011011001101010001011
110101101011011001101010001011
111001101011011001101010001011
000001101011011001101010001011
111110101011011001101010001011
111111001011011001101010001011
000000001011011001101010001011
111111110011011001101010001011
000000000011011001101010001011
111111111101011001101010001011
111111111110011001101010001011
000000000000011001101010001011
111111111111101001101010001011
111111111111110001101010001011
000000000000000001101010001011
000000000000000001101010001011
111111111111111110101010001011
111111111111111111001010001011
000000000000000000001010001011
111111111111111111110010001011
000000000000000000000010001011
111111111111111111111100001011
000000000000000000000000001011
000000000000000000000000001011
000000000000000000000000001011
111111111111111111111111110011
000000000000000000000000000011
111111111111111111111111111101
111111111111111111111111111110
