011110111111111111010100111111101111011110011101011110101110
101110111111111111010100111111101111011110011101011110101110
110110111111111111010100111111101111011110011101011110101110
111010111111111111010100111111101111011110011101011110101110
111100111111111111010100111111101111011110011101011110101110
000000111111111111010100111111101111011110011101011110101110
111111011111111111010100111111101111011110011101011110101110
111111101111111111010100111111101111011110011101011110101110
111111110111111111010100111111101111011110011101011110101110
111111111011111111010100111111101111011110011101011110101110
111111111101111111010100111111101111011110011101011110101110
111111111110111111010100111111101111011110011101011110101110
111111111111011111010100111111101111011110011101011110101110
111111111111101111010100111111101111011110011101011110101110
111111111111110111010100111111101111011110011101011110101110
111111111111111011010100111111101111011110011101011110101110
111111111111111101010100111111101111011110011101011110101110
111111111111111110010100111111101111011110011101011110101110
000000000000000000010100111111101111011110011101011110101110
111111111111111111100100111111101111011110011101011110101110
000000000000000000000100111111101111011110011101011110101110
111111111111111111111000111111101111011110011101011110101110
000000000000000000000000111111101111011110011101011110101110
000000000000000000000000111111101111011110011101011110101110
111111111111111111111111011111101111011110011101011110101110
111111111111111111111111101111101111011110011101011110101110
111111111111111111111111110111101111011110011101011110101110
111111111111111111111111111011101111011110011101011110101110
111111111111111111111111111101101111011110011101011110101110
111111111111111111111111111110101111011110011101011110101110
111111111111111111111111111111001111011110011101011110101110
000000000000000000000000000000001111011110011101011110101110
111111111111111111111111111111110111011110011101011110101110
111111111111111111111111111111111011011110011101011110101110
111111111111111111111111111111111101011110011101011110101110
111111111111111111111111111111111110011110011101011110101110
000000000000000000000000000000000000011110011101011110101110
111111111111111111111111111111111111101110011101011110101110
111111111111111111111111111111111111110110011101011110101110
111111111111111111111111111111111111111010011101011110101110
111111111111111111111111111111111111111100011101011110101110
000000000000000000000000000000000000000000011101011110101110
000000000000000000000000000000000000000000011101011110101110
111111111111111111111111111111111111111111101101011110101110
111111111111111111111111111111111111111111110101011110101110
111111111111111111111111111111111111111111111001011110101110
000000000000000000000000000000000000000000000001011110101110
111111111111111111111111111111111111111111111110011110101110
000000000000000000000000000000000000000000000000011110101110
111111111111111111111111111111111111111111111111101110101110
111111111111111111111111111111111111111111111111110110101110
111111111111111111111111111111111111111111111111111010101110
111111111111111111111111111111111111111111111111111100101110
000000000000000000000000000000000000000000000000000000101110
111111111111111111111111111111111111111111111111111111001110
000000000000000000000000000000000000000000000000000000001110
111111111111111111111111111111111111111111111111111111110110
111111111111111111111111111111111111111111111111111111111010
111111111111111111111111111111111111111111111111111111111100
000000000000000000000000000000000000000000000000000000000000
