0000000000011000000011100100100000000000000011100001000001001100000011000000011000111100010011010010
0000000000011000000011100100100000000000000011100001000001001100000011000000011000111100010011010010
0000000000011000000011100100100000000000000011100001000001001100000011000000011000111100010011010010
0000000000011000000011100100100000000000000011100001000001001100000011000000011000111100010011010010
0000000000011000000011100100100000000000000011100001000001001100000011000000011000111100010011010010
0000000000011000000011100100100000000000000011100001000001001100000011000000011000111100010011010010
0000000000011000000011100100100000000000000011100001000001001100000011000000011000111100010011010010
0000000000011000000011100100100000000000000011100001000001001100000011000000011000111100010011010010
0000000000011000000011100100100000000000000011100001000001001100000011000000011000111100010011010010
0000000000011000000011100100100000000000000011100001000001001100000011000000011000111100010011010010
0000000000011000000011100100100000000000000011100001000001001100000011000000011000111100010011010010
1111111111101000000011100100100000000000000011100001000001001100000011000000011000111100010011010010
1111111111110000000011100100100000000000000011100001000001001100000011000000011000111100010011010010
0000000000000000000011100100100000000000000011100001000001001100000011000000011000111100010011010010
0000000000000000000011100100100000000000000011100001000001001100000011000000011000111100010011010010
0000000000000000000011100100100000000000000011100001000001001100000011000000011000111100010011010010
0000000000000000000011100100100000000000000011100001000001001100000011000000011000111100010011010010
0000000000000000000011100100100000000000000011100001000001001100000011000000011000111100010011010010
0000000000000000000011100100100000000000000011100001000001001100000011000000011000111100010011010010
0000000000000000000011100100100000000000000011100001000001001100000011000000011000111100010011010010
1111111111111111111101100100100000000000000011100001000001001100000011000000011000111100010011010010
1111111111111111111110100100100000000000000011100001000001001100000011000000011000111100010011010010
1111111111111111111111000100100000000000000011100001000001001100000011000000011000111100010011010010
0000000000000000000000000100100000000000000011100001000001001100000011000000011000111100010011010010
0000000000000000000000000100100000000000000011100001000001001100000011000000011000111100010011010010
1111111111111111111111111000100000000000000011100001000001001100000011000000011000111100010011010010
0000000000000000000000000000100000000000000011100001000001001100000011000000011000111100010011010010
0000000000000000000000000000100000000000000011100001000001001100000011000000011000111100010011010010
1111111111111111111111111111000000000000000011100001000001001100000011000000011000111100010011010010
0000000000000000000000000000000000000000000011100001000001001100000011000000011000111100010011010010
0000000000000000000000000000000000000000000011100001000001001100000011000000011000111100010011010010
0000000000000000000000000000000000000000000011100001000001001100000011000000011000111100010011010010
0000000000000000000000000000000000000000000011100001000001001100000011000000011000111100010011010010
0000000000000000000000000000000000000000000011100001000001001100000011000000011000111100010011010010
0000000000000000000000000000000000000000000011100001000001001100000011000000011000111100010011010010
0000000000000000000000000000000000000000000011100001000001001100000011000000011000111100010011010010
0000000000000000000000000000000000000000000011100001000001001100000011000000011000111100010011010010
0000000000000000000000000000000000000000000011100001000001001100000011000000011000111100010011010010
0000000000000000000000000000000000000000000011100001000001001100000011000000011000111100010011010010
0000000000000000000000000000000000000000000011100001000001001100000011000000011000111100010011010010
0000000000000000000000000000000000000000000011100001000001001100000011000000011000111100010011010010
0000000000000000000000000000000000000000000011100001000001001100000011000000011000111100010011010010
0000000000000000000000000000000000000000000011100001000001001100000011000000011000111100010011010010
0000000000000000000000000000000000000000000011100001000001001100000011000000011000111100010011010010
1111111111111111111111111111111111111111111101100001000001001100000011000000011000111100010011010010
1111111111111111111111111111111111111111111110100001000001001100000011000000011000111100010011010010
1111111111111111111111111111111111111111111111000001000001001100000011000000011000111100010011010010
0000000000000000000000000000000000000000000000000001000001001100000011000000011000111100010011010010
0000000000000000000000000000000000000000000000000001000001001100000011000000011000111100010011010010
0000000000000000000000000000000000000000000000000001000001001100000011000000011000111100010011010010
0000000000000000000000000000000000000000000000000001000001001100000011000000011000111100010011010010
1111111111111111111111111111111111111111111111111110000001001100000011000000011000111100010011010010
0000000000000000000000000000000000000000000000000000000001001100000011000000011000111100010011010010
0000000000000000000000000000000000000000000000000000000001001100000011000000011000111100010011010010
0000000000000000000000000000000000000000000000000000000001001100000011000000011000111100010011010010
0000000000000000000000000000000000000000000000000000000001001100000011000000011000111100010011010010
0000000000000000000000000000000000000000000000000000000001001100000011000000011000111100010011010010
1111111111111111111111111111111111111111111111111111111110001100000011000000011000111100010011010010
0000000000000000000000000000000000000000000000000000000000001100000011000000011000111100010011010010
0000000000000000000000000000000000000000000000000000000000001100000011000000011000111100010011010010
1111111111111111111111111111111111111111111111111111111111110100000011000000011000111100010011010010
1111111111111111111111111111111111111111111111111111111111111000000011000000011000111100010011010010
0000000000000000000000000000000000000000000000000000000000000000000011000000011000111100010011010010
0000000000000000000000000000000000000000000000000000000000000000000011000000011000111100010011010010
0000000000000000000000000000000000000000000000000000000000000000000011000000011000111100010011010010
0000000000000000000000000000000000000000000000000000000000000000000011000000011000111100010011010010
0000000000000000000000000000000000000000000000000000000000000000000011000000011000111100010011010010
0000000000000000000000000000000000000000000000000000000000000000000011000000011000111100010011010010
1111111111111111111111111111111111111111111111111111111111111111111101000000011000111100010011010010
1111111111111111111111111111111111111111111111111111111111111111111110000000011000111100010011010010
0000000000000000000000000000000000000000000000000000000000000000000000000000011000111100010011010010
0000000000000000000000000000000000000000000000000000000000000000000000000000011000111100010011010010
0000000000000000000000000000000000000000000000000000000000000000000000000000011000111100010011010010
0000000000000000000000000000000000000000000000000000000000000000000000000000011000111100010011010010
0000000000000000000000000000000000000000000000000000000000000000000000000000011000111100010011010010
0000000000000000000000000000000000000000000000000000000000000000000000000000011000111100010011010010
0000000000000000000000000000000000000000000000000000000000000000000000000000011000111100010011010010
1111111111111111111111111111111111111111111111111111111111111111111111111111101000111100010011010010
1111111111111111111111111111111111111111111111111111111111111111111111111111110000111100010011010010
0000000000000000000000000000000000000000000000000000000000000000000000000000000000111100010011010010
0000000000000000000000000000000000000000000000000000000000000000000000000000000000111100010011010010
0000000000000000000000000000000000000000000000000000000000000000000000000000000000111100010011010010
1111111111111111111111111111111111111111111111111111111111111111111111111111111111011100010011010010
1111111111111111111111111111111111111111111111111111111111111111111111111111111111101100010011010010
1111111111111111111111111111111111111111111111111111111111111111111111111111111111110100010011010010
1111111111111111111111111111111111111111111111111111111111111111111111111111111111111000010011010010
0000000000000000000000000000000000000000000000000000000000000000000000000000000000000000010011010010
0000000000000000000000000000000000000000000000000000000000000000000000000000000000000000010011010010
0000000000000000000000000000000000000000000000000000000000000000000000000000000000000000010011010010
1111111111111111111111111111111111111111111111111111111111111111111111111111111111111111100011010010
0000000000000000000000000000000000000000000000000000000000000000000000000000000000000000000011010010
0000000000000000000000000000000000000000000000000000000000000000000000000000000000000000000011010010
1111111111111111111111111111111111111111111111111111111111111111111111111111111111111111111101010010
1111111111111111111111111111111111111111111111111111111111111111111111111111111111111111111110010010
0000000000000000000000000000000000000000000000000000000000000000000000000000000000000000000000010010
1111111111111111111111111111111111111111111111111111111111111111111111111111111111111111111111100010
0000000000000000000000000000000000000000000000000000000000000000000000000000000000000000000000000010
0000000000000000000000000000000000000000000000000000000000000000000000000000000000000000000000000010
1111111111111111111111111111111111111111111111111111111111111111111111111111111111111111111111111100
0000000000000000000000000000000000000000000000000000000000000000000000000000000000000000000000000000
