0100101010101101111010100111100100001110
1000101010101101111010100111100100001110
0000101010101101111010100111100100001110
0000101010101101111010100111100100001110
1111001010101101111010100111100100001110
0000001010101101111010100111100100001110
1111110010101101111010100111100100001110
0000000010101101111010100111100100001110
1111111100101101111010100111100100001110
0000000000101101111010100111100100001110
1111111111001101111010100111100100001110
0000000000001101111010100111100100001110
1111111111110101111010100111100100001110
1111111111111001111010100111100100001110
0000000000000001111010100111100100001110
1111111111111110111010100111100100001110
1111111111111111011010100111100100001110
1111111111111111101010100111100100001110
1111111111111111110010100111100100001110
0000000000000000000010100111100100001110
1111111111111111111100100111100100001110
0000000000000000000000100111100100001110
1111111111111111111111000111100100001110
0000000000000000000000000111100100001110
0000000000000000000000000111100100001110
1111111111111111111111111011100100001110
1111111111111111111111111101100100001110
1111111111111111111111111110100100001110
1111111111111111111111111111000100001110
0000000000000000000000000000000100001110
0000000000000000000000000000000100001110
1111111111111111111111111111111000001110
0000000000000000000000000000000000001110
0000000000000000000000000000000000001110
0000000000000000000000000000000000001110
0000000000000000000000000000000000001110
1111111111111111111111111111111111110110
1111111111111111111111111111111111111010
1111111111111111111111111111111111111100
0000000000000000000000000000000000000000
