0111010101011110001010111010110111101111111110111111101011101101110111
1011010101011110001010111010110111101111111110111111101011101101110111
1101010101011110001010111010110111101111111110111111101011101101110111
1110010101011110001010111010110111101111111110111111101011101101110111
0000010101011110001010111010110111101111111110111111101011101101110111
1111100101011110001010111010110111101111111110111111101011101101110111
0000000101011110001010111010110111101111111110111111101011101101110111
1111111001011110001010111010110111101111111110111111101011101101110111
0000000001011110001010111010110111101111111110111111101011101101110111
1111111110011110001010111010110111101111111110111111101011101101110111
0000000000011110001010111010110111101111111110111111101011101101110111
1111111111101110001010111010110111101111111110111111101011101101110111
1111111111110110001010111010110111101111111110111111101011101101110111
1111111111111010001010111010110111101111111110111111101011101101110111
1111111111111100001010111010110111101111111110111111101011101101110111
0000000000000000001010111010110111101111111110111111101011101101110111
0000000000000000001010111010110111101111111110111111101011101101110111
0000000000000000001010111010110111101111111110111111101011101101110111
1111111111111111110010111010110111101111111110111111101011101101110111
0000000000000000000010111010110111101111111110111111101011101101110111
1111111111111111111100111010110111101111111110111111101011101101110111
0000000000000000000000111010110111101111111110111111101011101101110111
1111111111111111111111011010110111101111111110111111101011101101110111
1111111111111111111111101010110111101111111110111111101011101101110111
1111111111111111111111110010110111101111111110111111101011101101110111
0000000000000000000000000010110111101111111110111111101011101101110111
1111111111111111111111111100110111101111111110111111101011101101110111
0000000000000000000000000000110111101111111110111111101011101101110111
1111111111111111111111111111010111101111111110111111101011101101110111
1111111111111111111111111111100111101111111110111111101011101101110111
0000000000000000000000000000000111101111111110111111101011101101110111
1111111111111111111111111111111011101111111110111111101011101101110111
1111111111111111111111111111111101101111111110111111101011101101110111
1111111111111111111111111111111110101111111110111111101011101101110111
1111111111111111111111111111111111001111111110111111101011101101110111
0000000000000000000000000000000000001111111110111111101011101101110111
1111111111111111111111111111111111110111111110111111101011101101110111
1111111111111111111111111111111111111011111110111111101011101101110111
1111111111111111111111111111111111111101111110111111101011101101110111
1111111111111111111111111111111111111110111110111111101011101101110111
1111111111111111111111111111111111111111011110111111101011101101110111
1111111111111111111111111111111111111111101110111111101011101101110111
1111111111111111111111111111111111111111110110111111101011101101110111
1111111111111111111111111111111111111111111010111111101011101101110111
1111111111111111111111111111111111111111111100111111101011101101110111
0000000000000000000000000000000000000000000000111111101011101101110111
1111111111111111111111111111111111111111111111011111101011101101110111
1111111111111111111111111111111111111111111111101111101011101101110111
1111111111111111111111111111111111111111111111110111101011101101110111
1111111111111111111111111111111111111111111111111011101011101101110111
1111111111111111111111111111111111111111111111111101101011101101110111
1111111111111111111111111111111111111111111111111110101011101101110111
1111111111111111111111111111111111111111111111111111001011101101110111
0000000000000000000000000000000000000000000000000000001011101101110111
1111111111111111111111111111111111111111111111111111110011101101110111
0000000000000000000000000000000000000000000000000000000011101101110111
1111111111111111111111111111111111111111111111111111111101101101110111
1111111111111111111111111111111111111111111111111111111110101101110111
1111111111111111111111111111111111111111111111111111111111001101110111
0000000000000000000000000000000000000000000000000000000000001101110111
1111111111111111111111111111111111111111111111111111111111110101110111
1111111111111111111111111111111111111111111111111111111111111001110111
0000000000000000000000000000000000000000000000000000000000000001110111
1111111111111111111111111111111111111111111111111111111111111110110111
1111111111111111111111111111111111111111111111111111111111111111010111
1111111111111111111111111111111111111111111111111111111111111111100111
0000000000000000000000000000000000000000000000000000000000000000000111
1111111111111111111111111111111111111111111111111111111111111111111011
1111111111111111111111111111111111111111111111111111111111111111111101
1111111111111111111111111111111111111111111111111111111111111111111110
