011000110100110010011110010111010100001001111001100001000000000100000110010011010111001101
101000110100110010011110010111010100001001111001100001000000000100000110010011010111001101
110000110100110010011110010111010100001001111001100001000000000100000110010011010111001101
000000110100110010011110010111010100001001111001100001000000000100000110010011010111001101
000000110100110010011110010111010100001001111001100001000000000100000110010011010111001101
000000110100110010011110010111010100001001111001100001000000000100000110010011010111001101
111111010100110010011110010111010100001001111001100001000000000100000110010011010111001101
111111100100110010011110010111010100001001111001100001000000000100000110010011010111001101
000000000100110010011110010111010100001001111001100001000000000100000110010011010111001101
111111111000110010011110010111010100001001111001100001000000000100000110010011010111001101
000000000000110010011110010111010100001001111001100001000000000100000110010011010111001101
000000000000110010011110010111010100001001111001100001000000000100000110010011010111001101
111111111111010010011110010111010100001001111001100001000000000100000110010011010111001101
111111111111100010011110010111010100001001111001100001000000000100000110010011010111001101
000000000000000010011110010111010100001001111001100001000000000100000110010011010111001101
000000000000000010011110010111010100001001111001100001000000000100000110010011010111001101
111111111111111100011110010111010100001001111001100001000000000100000110010011010111001101
000000000000000000011110010111010100001001111001100001000000000100000110010011010111001101
000000000000000000011110010111010100001001111001100001000000000100000110010011010111001101
111111111111111111101110010111010100001001111001100001000000000100000110010011010111001101
111111111111111111110110010111010100001001111001100001000000000100000110010011010111001101
111111111111111111111010010111010100001001111001100001000000000100000110010011010111001101
111111111111111111111100010111010100001001111001100001000000000100000110010011010111001101
000000000000000000000000010111010100001001111001100001000000000100000110010011010111001101
000000000000000000000000010111010100001001111001100001000000000100000110010011010111001101
111111111111111111111111100111010100001001111001100001000000000100000110010011010111001101
000000000000000000000000000111010100001001111001100001000000000100000110010011010111001101
111111111111111111111111111011010100001001111001100001000000000100000110010011010111001101
111111111111111111111111111101010100001001111001100001000000000100000110010011010111001101
111111111111111111111111111110010100001001111001100001000000000100000110010011010111001101
000000000000000000000000000000010100001001111001100001000000000100000110010011010111001101
111111111111111111111111111111100100001001111001100001000000000100000110010011010111001101
000000000000000000000000000000000100001001111001100001000000000100000110010011010111001101
111111111111111111111111111111111000001001111001100001000000000100000110010011010111001101
000000000000000000000000000000000000001001111001100001000000000100000110010011010111001101
000000000000000000000000000000000000001001111001100001000000000100000110010011010111001101
000000000000000000000000000000000000001001111001100001000000000100000110010011010111001101
000000000000000000000000000000000000001001111001100001000000000100000110010011010111001101
111111111111111111111111111111111111110001111001100001000000000100000110010011010111001101
000000000000000000000000000000000000000001111001100001000000000100000110010011010111001101
000000000000000000000000000000000000000001111001100001000000000100000110010011010111001101
111111111111111111111111111111111111111110111001100001000000000100000110010011010111001101
111111111111111111111111111111111111111111011001100001000000000100000110010011010111001101
111111111111111111111111111111111111111111101001100001000000000100000110010011010111001101
111111111111111111111111111111111111111111110001100001000000000100000110010011010111001101
000000000000000000000000000000000000000000000001100001000000000100000110010011010111001101
000000000000000000000000000000000000000000000001100001000000000100000110010011010111001101
111111111111111111111111111111111111111111111110100001000000000100000110010011010111001101
111111111111111111111111111111111111111111111111000001000000000100000110010011010111001101
000000000000000000000000000000000000000000000000000001000000000100000110010011010111001101
000000000000000000000000000000000000000000000000000001000000000100000110010011010111001101
000000000000000000000000000000000000000000000000000001000000000100000110010011010111001101
000000000000000000000000000000000000000000000000000001000000000100000110010011010111001101
111111111111111111111111111111111111111111111111111110000000000100000110010011010111001101
000000000000000000000000000000000000000000000000000000000000000100000110010011010111001101
000000000000000000000000000000000000000000000000000000000000000100000110010011010111001101
000000000000000000000000000000000000000000000000000000000000000100000110010011010111001101
000000000000000000000000000000000000000000000000000000000000000100000110010011010111001101
000000000000000000000000000000000000000000000000000000000000000100000110010011010111001101
000000000000000000000000000000000000000000000000000000000000000100000110010011010111001101
000000000000000000000000000000000000000000000000000000000000000100000110010011010111001101
000000000000000000000000000000000000000000000000000000000000000100000110010011010111001101
000000000000000000000000000000000000000000000000000000000000000100000110010011010111001101
111111111111111111111111111111111111111111111111111111111111111000000110010011010111001101
000000000000000000000000000000000000000000000000000000000000000000000110010011010111001101
000000000000000000000000000000000000000000000000000000000000000000000110010011010111001101
000000000000000000000000000000000000000000000000000000000000000000000110010011010111001101
000000000000000000000000000000000000000000000000000000000000000000000110010011010111001101
000000000000000000000000000000000000000000000000000000000000000000000110010011010111001101
111111111111111111111111111111111111111111111111111111111111111111111010010011010111001101
111111111111111111111111111111111111111111111111111111111111111111111100010011010111001101
000000000000000000000000000000000000000000000000000000000000000000000000010011010111001101
000000000000000000000000000000000000000000000000000000000000000000000000010011010111001101
111111111111111111111111111111111111111111111111111111111111111111111111100011010111001101
000000000000000000000000000000000000000000000000000000000000000000000000000011010111001101
000000000000000000000000000000000000000000000000000000000000000000000000000011010111001101
111111111111111111111111111111111111111111111111111111111111111111111111111101010111001101
111111111111111111111111111111111111111111111111111111111111111111111111111110010111001101
000000000000000000000000000000000000000000000000000000000000000000000000000000010111001101
111111111111111111111111111111111111111111111111111111111111111111111111111111100111001101
000000000000000000000000000000000000000000000000000000000000000000000000000000000111001101
111111111111111111111111111111111111111111111111111111111111111111111111111111111011001101
111111111111111111111111111111111111111111111111111111111111111111111111111111111101001101
111111111111111111111111111111111111111111111111111111111111111111111111111111111110001101
000000000000000000000000000000000000000000000000000000000000000000000000000000000000001101
000000000000000000000000000000000000000000000000000000000000000000000000000000000000001101
111111111111111111111111111111111111111111111111111111111111111111111111111111111111110101
111111111111111111111111111111111111111111111111111111111111111111111111111111111111111001
000000000000000000000000000000000000000000000000000000000000000000000000000000000000000001
111111111111111111111111111111111111111111111111111111111111111111111111111111111111111110
