00001110100101010111000011100110101111001000010011
00001110100101010111000011100110101111001000010011
00001110100101010111000011100110101111001000010011
00001110100101010111000011100110101111001000010011
11110110100101010111000011100110101111001000010011
11111010100101010111000011100110101111001000010011
11111100100101010111000011100110101111001000010011
00000000100101010111000011100110101111001000010011
11111111000101010111000011100110101111001000010011
00000000000101010111000011100110101111001000010011
00000000000101010111000011100110101111001000010011
11111111111001010111000011100110101111001000010011
00000000000001010111000011100110101111001000010011
11111111111110010111000011100110101111001000010011
00000000000000010111000011100110101111001000010011
11111111111111100111000011100110101111001000010011
00000000000000000111000011100110101111001000010011
11111111111111111011000011100110101111001000010011
11111111111111111101000011100110101111001000010011
11111111111111111110000011100110101111001000010011
00000000000000000000000011100110101111001000010011
00000000000000000000000011100110101111001000010011
00000000000000000000000011100110101111001000010011
00000000000000000000000011100110101111001000010011
11111111111111111111111101100110101111001000010011
11111111111111111111111110100110101111001000010011
11111111111111111111111111000110101111001000010011
00000000000000000000000000000110101111001000010011
00000000000000000000000000000110101111001000010011
11111111111111111111111111111010101111001000010011
11111111111111111111111111111100101111001000010011
00000000000000000000000000000000101111001000010011
11111111111111111111111111111111001111001000010011
00000000000000000000000000000000001111001000010011
11111111111111111111111111111111110111001000010011
11111111111111111111111111111111111011001000010011
11111111111111111111111111111111111101001000010011
11111111111111111111111111111111111110001000010011
00000000000000000000000000000000000000001000010011
00000000000000000000000000000000000000001000010011
11111111111111111111111111111111111111110000010011
00000000000000000000000000000000000000000000010011
00000000000000000000000000000000000000000000010011
00000000000000000000000000000000000000000000010011
00000000000000000000000000000000000000000000010011
11111111111111111111111111111111111111111111100011
00000000000000000000000000000000000000000000000011
00000000000000000000000000000000000000000000000011
11111111111111111111111111111111111111111111111101
11111111111111111111111111111111111111111111111110
