010110000101011010000011100111010000110000111001010000111100
100110000101011010000011100111010000110000111001010000111100
000110000101011010000011100111010000110000111001010000111100
111010000101011010000011100111010000110000111001010000111100
111100000101011010000011100111010000110000111001010000111100
000000000101011010000011100111010000110000111001010000111100
000000000101011010000011100111010000110000111001010000111100
000000000101011010000011100111010000110000111001010000111100
000000000101011010000011100111010000110000111001010000111100
111111111001011010000011100111010000110000111001010000111100
000000000001011010000011100111010000110000111001010000111100
111111111110011010000011100111010000110000111001010000111100
000000000000011010000011100111010000110000111001010000111100
111111111111101010000011100111010000110000111001010000111100
111111111111110010000011100111010000110000111001010000111100
000000000000000010000011100111010000110000111001010000111100
111111111111111100000011100111010000110000111001010000111100
000000000000000000000011100111010000110000111001010000111100
000000000000000000000011100111010000110000111001010000111100
000000000000000000000011100111010000110000111001010000111100
000000000000000000000011100111010000110000111001010000111100
000000000000000000000011100111010000110000111001010000111100
111111111111111111111101100111010000110000111001010000111100
111111111111111111111110100111010000110000111001010000111100
111111111111111111111111000111010000110000111001010000111100
000000000000000000000000000111010000110000111001010000111100
000000000000000000000000000111010000110000111001010000111100
111111111111111111111111111011010000110000111001010000111100
111111111111111111111111111101010000110000111001010000111100
111111111111111111111111111110010000110000111001010000111100
000000000000000000000000000000010000110000111001010000111100
111111111111111111111111111111100000110000111001010000111100
000000000000000000000000000000000000110000111001010000111100
000000000000000000000000000000000000110000111001010000111100
000000000000000000000000000000000000110000111001010000111100
000000000000000000000000000000000000110000111001010000111100
111111111111111111111111111111111111010000111001010000111100
111111111111111111111111111111111111100000111001010000111100
000000000000000000000000000000000000000000111001010000111100
000000000000000000000000000000000000000000111001010000111100
000000000000000000000000000000000000000000111001010000111100
000000000000000000000000000000000000000000111001010000111100
111111111111111111111111111111111111111111011001010000111100
111111111111111111111111111111111111111111101001010000111100
111111111111111111111111111111111111111111110001010000111100
000000000000000000000000000000000000000000000001010000111100
000000000000000000000000000000000000000000000001010000111100
111111111111111111111111111111111111111111111110010000111100
000000000000000000000000000000000000000000000000010000111100
111111111111111111111111111111111111111111111111100000111100
000000000000000000000000000000000000000000000000000000111100
000000000000000000000000000000000000000000000000000000111100
000000000000000000000000000000000000000000000000000000111100
000000000000000000000000000000000000000000000000000000111100
111111111111111111111111111111111111111111111111111111011100
111111111111111111111111111111111111111111111111111111101100
111111111111111111111111111111111111111111111111111111110100
111111111111111111111111111111111111111111111111111111111000
000000000000000000000000000000000000000000000000000000000000
000000000000000000000000000000000000000000000000000000000000
