01100101010101100000010010110010011011110101010001
10100101010101100000010010110010011011110101010001
11000101010101100000010010110010011011110101010001
00000101010101100000010010110010011011110101010001
00000101010101100000010010110010011011110101010001
11111001010101100000010010110010011011110101010001
00000001010101100000010010110010011011110101010001
11111110010101100000010010110010011011110101010001
00000000010101100000010010110010011011110101010001
11111111100101100000010010110010011011110101010001
00000000000101100000010010110010011011110101010001
11111111111001100000010010110010011011110101010001
00000000000001100000010010110010011011110101010001
11111111111110100000010010110010011011110101010001
11111111111111000000010010110010011011110101010001
00000000000000000000010010110010011011110101010001
00000000000000000000010010110010011011110101010001
00000000000000000000010010110010011011110101010001
00000000000000000000010010110010011011110101010001
00000000000000000000010010110010011011110101010001
00000000000000000000010010110010011011110101010001
11111111111111111111100010110010011011110101010001
00000000000000000000000010110010011011110101010001
00000000000000000000000010110010011011110101010001
11111111111111111111111100110010011011110101010001
00000000000000000000000000110010011011110101010001
11111111111111111111111111010010011011110101010001
11111111111111111111111111100010011011110101010001
00000000000000000000000000000010011011110101010001
00000000000000000000000000000010011011110101010001
11111111111111111111111111111100011011110101010001
00000000000000000000000000000000011011110101010001
00000000000000000000000000000000011011110101010001
11111111111111111111111111111111101011110101010001
11111111111111111111111111111111110011110101010001
00000000000000000000000000000000000011110101010001
11111111111111111111111111111111111101110101010001
11111111111111111111111111111111111110110101010001
11111111111111111111111111111111111111010101010001
11111111111111111111111111111111111111100101010001
00000000000000000000000000000000000000000101010001
11111111111111111111111111111111111111111001010001
00000000000000000000000000000000000000000001010001
11111111111111111111111111111111111111111110010001
00000000000000000000000000000000000000000000010001
11111111111111111111111111111111111111111111100001
00000000000000000000000000000000000000000000000001
00000000000000000000000000000000000000000000000001
00000000000000000000000000000000000000000000000001
11111111111111111111111111111111111111111111111110
