0100110100011111111111011101101101100111
1000110100011111111111011101101101100111
0000110100011111111111011101101101100111
0000110100011111111111011101101101100111
1111010100011111111111011101101101100111
1111100100011111111111011101101101100111
0000000100011111111111011101101101100111
1111111000011111111111011101101101100111
0000000000011111111111011101101101100111
0000000000011111111111011101101101100111
0000000000011111111111011101101101100111
1111111111101111111111011101101101100111
1111111111110111111111011101101101100111
1111111111111011111111011101101101100111
1111111111111101111111011101101101100111
1111111111111110111111011101101101100111
1111111111111111011111011101101101100111
1111111111111111101111011101101101100111
1111111111111111110111011101101101100111
1111111111111111111011011101101101100111
1111111111111111111101011101101101100111
1111111111111111111110011101101101100111
0000000000000000000000011101101101100111
1111111111111111111111101101101101100111
1111111111111111111111110101101101100111
1111111111111111111111111001101101100111
0000000000000000000000000001101101100111
1111111111111111111111111110101101100111
1111111111111111111111111111001101100111
0000000000000000000000000000001101100111
1111111111111111111111111111110101100111
1111111111111111111111111111111001100111
0000000000000000000000000000000001100111
1111111111111111111111111111111110100111
1111111111111111111111111111111111000111
0000000000000000000000000000000000000111
0000000000000000000000000000000000000111
1111111111111111111111111111111111111011
1111111111111111111111111111111111111101
1111111111111111111111111111111111111110
