0000100000100010000001000110001000010001
0000100000100010000001000110001000010001
0000100000100010000001000110001000010001
0000100000100010000001000110001000010001
1111000000100010000001000110001000010001
0000000000100010000001000110001000010001
0000000000100010000001000110001000010001
0000000000100010000001000110001000010001
0000000000100010000001000110001000010001
0000000000100010000001000110001000010001
1111111111000010000001000110001000010001
0000000000000010000001000110001000010001
0000000000000010000001000110001000010001
0000000000000010000001000110001000010001
1111111111111100000001000110001000010001
0000000000000000000001000110001000010001
0000000000000000000001000110001000010001
0000000000000000000001000110001000010001
0000000000000000000001000110001000010001
0000000000000000000001000110001000010001
0000000000000000000001000110001000010001
1111111111111111111110000110001000010001
0000000000000000000000000110001000010001
0000000000000000000000000110001000010001
0000000000000000000000000110001000010001
1111111111111111111111111010001000010001
1111111111111111111111111100001000010001
0000000000000000000000000000001000010001
0000000000000000000000000000001000010001
0000000000000000000000000000001000010001
1111111111111111111111111111110000010001
0000000000000000000000000000000000010001
0000000000000000000000000000000000010001
0000000000000000000000000000000000010001
0000000000000000000000000000000000010001
1111111111111111111111111111111111100001
0000000000000000000000000000000000000001
0000000000000000000000000000000000000001
0000000000000000000000000000000000000001
1111111111111111111111111111111111111110
