011110001100101100010111010100100101111101010101010000011010
101110001100101100010111010100100101111101010101010000011010
110110001100101100010111010100100101111101010101010000011010
111010001100101100010111010100100101111101010101010000011010
111100001100101100010111010100100101111101010101010000011010
000000001100101100010111010100100101111101010101010000011010
000000001100101100010111010100100101111101010101010000011010
000000001100101100010111010100100101111101010101010000011010
111111110100101100010111010100100101111101010101010000011010
111111111000101100010111010100100101111101010101010000011010
000000000000101100010111010100100101111101010101010000011010
000000000000101100010111010100100101111101010101010000011010
111111111111001100010111010100100101111101010101010000011010
000000000000001100010111010100100101111101010101010000011010
111111111111110100010111010100100101111101010101010000011010
111111111111111000010111010100100101111101010101010000011010
000000000000000000010111010100100101111101010101010000011010
000000000000000000010111010100100101111101010101010000011010
000000000000000000010111010100100101111101010101010000011010
111111111111111111100111010100100101111101010101010000011010
000000000000000000000111010100100101111101010101010000011010
111111111111111111111011010100100101111101010101010000011010
111111111111111111111101010100100101111101010101010000011010
111111111111111111111110010100100101111101010101010000011010
000000000000000000000000010100100101111101010101010000011010
111111111111111111111111100100100101111101010101010000011010
000000000000000000000000000100100101111101010101010000011010
111111111111111111111111111000100101111101010101010000011010
000000000000000000000000000000100101111101010101010000011010
000000000000000000000000000000100101111101010101010000011010
111111111111111111111111111111000101111101010101010000011010
000000000000000000000000000000000101111101010101010000011010
000000000000000000000000000000000101111101010101010000011010
111111111111111111111111111111111001111101010101010000011010
000000000000000000000000000000000001111101010101010000011010
111111111111111111111111111111111110111101010101010000011010
111111111111111111111111111111111111011101010101010000011010
111111111111111111111111111111111111101101010101010000011010
111111111111111111111111111111111111110101010101010000011010
111111111111111111111111111111111111111001010101010000011010
000000000000000000000000000000000000000001010101010000011010
111111111111111111111111111111111111111110010101010000011010
000000000000000000000000000000000000000000010101010000011010
111111111111111111111111111111111111111111100101010000011010
000000000000000000000000000000000000000000000101010000011010
111111111111111111111111111111111111111111111001010000011010
000000000000000000000000000000000000000000000001010000011010
111111111111111111111111111111111111111111111110010000011010
000000000000000000000000000000000000000000000000010000011010
111111111111111111111111111111111111111111111111100000011010
000000000000000000000000000000000000000000000000000000011010
000000000000000000000000000000000000000000000000000000011010
000000000000000000000000000000000000000000000000000000011010
000000000000000000000000000000000000000000000000000000011010
000000000000000000000000000000000000000000000000000000011010
111111111111111111111111111111111111111111111111111111101010
111111111111111111111111111111111111111111111111111111110010
000000000000000000000000000000000000000000000000000000000010
111111111111111111111111111111111111111111111111111111111100
000000000000000000000000000000000000000000000000000000000000
