010101111110111111100111110101111101011011110110111011111101110111011111010111010011111011
100101111110111111100111110101111101011011110110111011111101110111011111010111010011111011
000101111110111111100111110101111101011011110110111011111101110111011111010111010011111011
111001111110111111100111110101111101011011110110111011111101110111011111010111010011111011
000001111110111111100111110101111101011011110110111011111101110111011111010111010011111011
111110111110111111100111110101111101011011110110111011111101110111011111010111010011111011
111111011110111111100111110101111101011011110110111011111101110111011111010111010011111011
111111101110111111100111110101111101011011110110111011111101110111011111010111010011111011
111111110110111111100111110101111101011011110110111011111101110111011111010111010011111011
111111111010111111100111110101111101011011110110111011111101110111011111010111010011111011
111111111100111111100111110101111101011011110110111011111101110111011111010111010011111011
000000000000111111100111110101111101011011110110111011111101110111011111010111010011111011
111111111111011111100111110101111101011011110110111011111101110111011111010111010011111011
111111111111101111100111110101111101011011110110111011111101110111011111010111010011111011
111111111111110111100111110101111101011011110110111011111101110111011111010111010011111011
111111111111111011100111110101111101011011110110111011111101110111011111010111010011111011
111111111111111101100111110101111101011011110110111011111101110111011111010111010011111011
111111111111111110100111110101111101011011110110111011111101110111011111010111010011111011
111111111111111111000111110101111101011011110110111011111101110111011111010111010011111011
000000000000000000000111110101111101011011110110111011111101110111011111010111010011111011
000000000000000000000111110101111101011011110110111011111101110111011111010111010011111011
111111111111111111111011110101111101011011110110111011111101110111011111010111010011111011
111111111111111111111101110101111101011011110110111011111101110111011111010111010011111011
111111111111111111111110110101111101011011110110111011111101110111011111010111010011111011
111111111111111111111111010101111101011011110110111011111101110111011111010111010011111011
111111111111111111111111100101111101011011110110111011111101110111011111010111010011111011
000000000000000000000000000101111101011011110110111011111101110111011111010111010011111011
111111111111111111111111111001111101011011110110111011111101110111011111010111010011111011
000000000000000000000000000001111101011011110110111011111101110111011111010111010011111011
111111111111111111111111111110111101011011110110111011111101110111011111010111010011111011
111111111111111111111111111111011101011011110110111011111101110111011111010111010011111011
111111111111111111111111111111101101011011110110111011111101110111011111010111010011111011
111111111111111111111111111111110101011011110110111011111101110111011111010111010011111011
111111111111111111111111111111111001011011110110111011111101110111011111010111010011111011
000000000000000000000000000000000001011011110110111011111101110111011111010111010011111011
111111111111111111111111111111111110011011110110111011111101110111011111010111010011111011
000000000000000000000000000000000000011011110110111011111101110111011111010111010011111011
111111111111111111111111111111111111101011110110111011111101110111011111010111010011111011
111111111111111111111111111111111111110011110110111011111101110111011111010111010011111011
000000000000000000000000000000000000000011110110111011111101110111011111010111010011111011
111111111111111111111111111111111111111101110110111011111101110111011111010111010011111011
111111111111111111111111111111111111111110110110111011111101110111011111010111010011111011
111111111111111111111111111111111111111111010110111011111101110111011111010111010011111011
111111111111111111111111111111111111111111100110111011111101110111011111010111010011111011
000000000000000000000000000000000000000000000110111011111101110111011111010111010011111011
111111111111111111111111111111111111111111111010111011111101110111011111010111010011111011
111111111111111111111111111111111111111111111100111011111101110111011111010111010011111011
000000000000000000000000000000000000000000000000111011111101110111011111010111010011111011
111111111111111111111111111111111111111111111111011011111101110111011111010111010011111011
111111111111111111111111111111111111111111111111101011111101110111011111010111010011111011
111111111111111111111111111111111111111111111111110011111101110111011111010111010011111011
000000000000000000000000000000000000000000000000000011111101110111011111010111010011111011
111111111111111111111111111111111111111111111111111101111101110111011111010111010011111011
111111111111111111111111111111111111111111111111111110111101110111011111010111010011111011
111111111111111111111111111111111111111111111111111111011101110111011111010111010011111011
111111111111111111111111111111111111111111111111111111101101110111011111010111010011111011
111111111111111111111111111111111111111111111111111111110101110111011111010111010011111011
111111111111111111111111111111111111111111111111111111111001110111011111010111010011111011
000000000000000000000000000000000000000000000000000000000001110111011111010111010011111011
111111111111111111111111111111111111111111111111111111111110110111011111010111010011111011
111111111111111111111111111111111111111111111111111111111111010111011111010111010011111011
111111111111111111111111111111111111111111111111111111111111100111011111010111010011111011
000000000000000000000000000000000000000000000000000000000000000111011111010111010011111011
111111111111111111111111111111111111111111111111111111111111111011011111010111010011111011
111111111111111111111111111111111111111111111111111111111111111101011111010111010011111011
111111111111111111111111111111111111111111111111111111111111111110011111010111010011111011
000000000000000000000000000000000000000000000000000000000000000000011111010111010011111011
111111111111111111111111111111111111111111111111111111111111111111101111010111010011111011
111111111111111111111111111111111111111111111111111111111111111111110111010111010011111011
111111111111111111111111111111111111111111111111111111111111111111111011010111010011111011
111111111111111111111111111111111111111111111111111111111111111111111101010111010011111011
111111111111111111111111111111111111111111111111111111111111111111111110010111010011111011
000000000000000000000000000000000000000000000000000000000000000000000000010111010011111011
111111111111111111111111111111111111111111111111111111111111111111111111100111010011111011
000000000000000000000000000000000000000000000000000000000000000000000000000111010011111011
111111111111111111111111111111111111111111111111111111111111111111111111111011010011111011
111111111111111111111111111111111111111111111111111111111111111111111111111101010011111011
111111111111111111111111111111111111111111111111111111111111111111111111111110010011111011
000000000000000000000000000000000000000000000000000000000000000000000000000000010011111011
111111111111111111111111111111111111111111111111111111111111111111111111111111100011111011
000000000000000000000000000000000000000000000000000000000000000000000000000000000011111011
000000000000000000000000000000000000000000000000000000000000000000000000000000000011111011
111111111111111111111111111111111111111111111111111111111111111111111111111111111101111011
111111111111111111111111111111111111111111111111111111111111111111111111111111111110111011
111111111111111111111111111111111111111111111111111111111111111111111111111111111111011011
111111111111111111111111111111111111111111111111111111111111111111111111111111111111101011
111111111111111111111111111111111111111111111111111111111111111111111111111111111111110011
000000000000000000000000000000000000000000000000000000000000000000000000000000000000000011
111111111111111111111111111111111111111111111111111111111111111111111111111111111111111101
111111111111111111111111111111111111111111111111111111111111111111111111111111111111111110
