000110000000000000010000101001100000001000000001111000101000100001100010100100100100001000001011100000000000100001000010000000100000101010110000011000
000110000000000000010000101001100000001000000001111000101000100001100010100100100100001000001011100000000000100001000010000000100000101010110000011000
000110000000000000010000101001100000001000000001111000101000100001100010100100100100001000001011100000000000100001000010000000100000101010110000011000
111010000000000000010000101001100000001000000001111000101000100001100010100100100100001000001011100000000000100001000010000000100000101010110000011000
111100000000000000010000101001100000001000000001111000101000100001100010100100100100001000001011100000000000100001000010000000100000101010110000011000
000000000000000000010000101001100000001000000001111000101000100001100010100100100100001000001011100000000000100001000010000000100000101010110000011000
000000000000000000010000101001100000001000000001111000101000100001100010100100100100001000001011100000000000100001000010000000100000101010110000011000
000000000000000000010000101001100000001000000001111000101000100001100010100100100100001000001011100000000000100001000010000000100000101010110000011000
000000000000000000010000101001100000001000000001111000101000100001100010100100100100001000001011100000000000100001000010000000100000101010110000011000
000000000000000000010000101001100000001000000001111000101000100001100010100100100100001000001011100000000000100001000010000000100000101010110000011000
000000000000000000010000101001100000001000000001111000101000100001100010100100100100001000001011100000000000100001000010000000100000101010110000011000
000000000000000000010000101001100000001000000001111000101000100001100010100100100100001000001011100000000000100001000010000000100000101010110000011000
000000000000000000010000101001100000001000000001111000101000100001100010100100100100001000001011100000000000100001000010000000100000101010110000011000
000000000000000000010000101001100000001000000001111000101000100001100010100100100100001000001011100000000000100001000010000000100000101010110000011000
000000000000000000010000101001100000001000000001111000101000100001100010100100100100001000001011100000000000100001000010000000100000101010110000011000
000000000000000000010000101001100000001000000001111000101000100001100010100100100100001000001011100000000000100001000010000000100000101010110000011000
000000000000000000010000101001100000001000000001111000101000100001100010100100100100001000001011100000000000100001000010000000100000101010110000011000
000000000000000000010000101001100000001000000001111000101000100001100010100100100100001000001011100000000000100001000010000000100000101010110000011000
000000000000000000010000101001100000001000000001111000101000100001100010100100100100001000001011100000000000100001000010000000100000101010110000011000
111111111111111111100000101001100000001000000001111000101000100001100010100100100100001000001011100000000000100001000010000000100000101010110000011000
000000000000000000000000101001100000001000000001111000101000100001100010100100100100001000001011100000000000100001000010000000100000101010110000011000
000000000000000000000000101001100000001000000001111000101000100001100010100100100100001000001011100000000000100001000010000000100000101010110000011000
000000000000000000000000101001100000001000000001111000101000100001100010100100100100001000001011100000000000100001000010000000100000101010110000011000
000000000000000000000000101001100000001000000001111000101000100001100010100100100100001000001011100000000000100001000010000000100000101010110000011000
111111111111111111111111001001100000001000000001111000101000100001100010100100100100001000001011100000000000100001000010000000100000101010110000011000
000000000000000000000000001001100000001000000001111000101000100001100010100100100100001000001011100000000000100001000010000000100000101010110000011000
111111111111111111111111110001100000001000000001111000101000100001100010100100100100001000001011100000000000100001000010000000100000101010110000011000
000000000000000000000000000001100000001000000001111000101000100001100010100100100100001000001011100000000000100001000010000000100000101010110000011000
000000000000000000000000000001100000001000000001111000101000100001100010100100100100001000001011100000000000100001000010000000100000101010110000011000
111111111111111111111111111110100000001000000001111000101000100001100010100100100100001000001011100000000000100001000010000000100000101010110000011000
111111111111111111111111111111000000001000000001111000101000100001100010100100100100001000001011100000000000100001000010000000100000101010110000011000
000000000000000000000000000000000000001000000001111000101000100001100010100100100100001000001011100000000000100001000010000000100000101010110000011000
000000000000000000000000000000000000001000000001111000101000100001100010100100100100001000001011100000000000100001000010000000100000101010110000011000
000000000000000000000000000000000000001000000001111000101000100001100010100100100100001000001011100000000000100001000010000000100000101010110000011000
000000000000000000000000000000000000001000000001111000101000100001100010100100100100001000001011100000000000100001000010000000100000101010110000011000
000000000000000000000000000000000000001000000001111000101000100001100010100100100100001000001011100000000000100001000010000000100000101010110000011000
000000000000000000000000000000000000001000000001111000101000100001100010100100100100001000001011100000000000100001000010000000100000101010110000011000
000000000000000000000000000000000000001000000001111000101000100001100010100100100100001000001011100000000000100001000010000000100000101010110000011000
111111111111111111111111111111111111110000000001111000101000100001100010100100100100001000001011100000000000100001000010000000100000101010110000011000
000000000000000000000000000000000000000000000001111000101000100001100010100100100100001000001011100000000000100001000010000000100000101010110000011000
000000000000000000000000000000000000000000000001111000101000100001100010100100100100001000001011100000000000100001000010000000100000101010110000011000
000000000000000000000000000000000000000000000001111000101000100001100010100100100100001000001011100000000000100001000010000000100000101010110000011000
000000000000000000000000000000000000000000000001111000101000100001100010100100100100001000001011100000000000100001000010000000100000101010110000011000
000000000000000000000000000000000000000000000001111000101000100001100010100100100100001000001011100000000000100001000010000000100000101010110000011000
000000000000000000000000000000000000000000000001111000101000100001100010100100100100001000001011100000000000100001000010000000100000101010110000011000
000000000000000000000000000000000000000000000001111000101000100001100010100100100100001000001011100000000000100001000010000000100000101010110000011000
000000000000000000000000000000000000000000000001111000101000100001100010100100100100001000001011100000000000100001000010000000100000101010110000011000
111111111111111111111111111111111111111111111110111000101000100001100010100100100100001000001011100000000000100001000010000000100000101010110000011000
111111111111111111111111111111111111111111111111011000101000100001100010100100100100001000001011100000000000100001000010000000100000101010110000011000
111111111111111111111111111111111111111111111111101000101000100001100010100100100100001000001011100000000000100001000010000000100000101010110000011000
111111111111111111111111111111111111111111111111110000101000100001100010100100100100001000001011100000000000100001000010000000100000101010110000011000
000000000000000000000000000000000000000000000000000000101000100001100010100100100100001000001011100000000000100001000010000000100000101010110000011000
000000000000000000000000000000000000000000000000000000101000100001100010100100100100001000001011100000000000100001000010000000100000101010110000011000
000000000000000000000000000000000000000000000000000000101000100001100010100100100100001000001011100000000000100001000010000000100000101010110000011000
111111111111111111111111111111111111111111111111111111001000100001100010100100100100001000001011100000000000100001000010000000100000101010110000011000
000000000000000000000000000000000000000000000000000000001000100001100010100100100100001000001011100000000000100001000010000000100000101010110000011000
111111111111111111111111111111111111111111111111111111110000100001100010100100100100001000001011100000000000100001000010000000100000101010110000011000
000000000000000000000000000000000000000000000000000000000000100001100010100100100100001000001011100000000000100001000010000000100000101010110000011000
000000000000000000000000000000000000000000000000000000000000100001100010100100100100001000001011100000000000100001000010000000100000101010110000011000
000000000000000000000000000000000000000000000000000000000000100001100010100100100100001000001011100000000000100001000010000000100000101010110000011000
111111111111111111111111111111111111111111111111111111111111000001100010100100100100001000001011100000000000100001000010000000100000101010110000011000
000000000000000000000000000000000000000000000000000000000000000001100010100100100100001000001011100000000000100001000010000000100000101010110000011000
000000000000000000000000000000000000000000000000000000000000000001100010100100100100001000001011100000000000100001000010000000100000101010110000011000
000000000000000000000000000000000000000000000000000000000000000001100010100100100100001000001011100000000000100001000010000000100000101010110000011000
000000000000000000000000000000000000000000000000000000000000000001100010100100100100001000001011100000000000100001000010000000100000101010110000011000
111111111111111111111111111111111111111111111111111111111111111110100010100100100100001000001011100000000000100001000010000000100000101010110000011000
111111111111111111111111111111111111111111111111111111111111111111000010100100100100001000001011100000000000100001000010000000100000101010110000011000
000000000000000000000000000000000000000000000000000000000000000000000010100100100100001000001011100000000000100001000010000000100000101010110000011000
000000000000000000000000000000000000000000000000000000000000000000000010100100100100001000001011100000000000100001000010000000100000101010110000011000
000000000000000000000000000000000000000000000000000000000000000000000010100100100100001000001011100000000000100001000010000000100000101010110000011000
111111111111111111111111111111111111111111111111111111111111111111111100100100100100001000001011100000000000100001000010000000100000101010110000011000
000000000000000000000000000000000000000000000000000000000000000000000000100100100100001000001011100000000000100001000010000000100000101010110000011000
111111111111111111111111111111111111111111111111111111111111111111111111000100100100001000001011100000000000100001000010000000100000101010110000011000
000000000000000000000000000000000000000000000000000000000000000000000000000100100100001000001011100000000000100001000010000000100000101010110000011000
000000000000000000000000000000000000000000000000000000000000000000000000000100100100001000001011100000000000100001000010000000100000101010110000011000
111111111111111111111111111111111111111111111111111111111111111111111111111000100100001000001011100000000000100001000010000000100000101010110000011000
000000000000000000000000000000000000000000000000000000000000000000000000000000100100001000001011100000000000100001000010000000100000101010110000011000
000000000000000000000000000000000000000000000000000000000000000000000000000000100100001000001011100000000000100001000010000000100000101010110000011000
111111111111111111111111111111111111111111111111111111111111111111111111111111000100001000001011100000000000100001000010000000100000101010110000011000
000000000000000000000000000000000000000000000000000000000000000000000000000000000100001000001011100000000000100001000010000000100000101010110000011000
000000000000000000000000000000000000000000000000000000000000000000000000000000000100001000001011100000000000100001000010000000100000101010110000011000
111111111111111111111111111111111111111111111111111111111111111111111111111111111000001000001011100000000000100001000010000000100000101010110000011000
000000000000000000000000000000000000000000000000000000000000000000000000000000000000001000001011100000000000100001000010000000100000101010110000011000
000000000000000000000000000000000000000000000000000000000000000000000000000000000000001000001011100000000000100001000010000000100000101010110000011000
000000000000000000000000000000000000000000000000000000000000000000000000000000000000001000001011100000000000100001000010000000100000101010110000011000
000000000000000000000000000000000000000000000000000000000000000000000000000000000000001000001011100000000000100001000010000000100000101010110000011000
111111111111111111111111111111111111111111111111111111111111111111111111111111111111110000001011100000000000100001000010000000100000101010110000011000
000000000000000000000000000000000000000000000000000000000000000000000000000000000000000000001011100000000000100001000010000000100000101010110000011000
000000000000000000000000000000000000000000000000000000000000000000000000000000000000000000001011100000000000100001000010000000100000101010110000011000
000000000000000000000000000000000000000000000000000000000000000000000000000000000000000000001011100000000000100001000010000000100000101010110000011000
000000000000000000000000000000000000000000000000000000000000000000000000000000000000000000001011100000000000100001000010000000100000101010110000011000
000000000000000000000000000000000000000000000000000000000000000000000000000000000000000000001011100000000000100001000010000000100000101010110000011000
111111111111111111111111111111111111111111111111111111111111111111111111111111111111111111110011100000000000100001000010000000100000101010110000011000
000000000000000000000000000000000000000000000000000000000000000000000000000000000000000000000011100000000000100001000010000000100000101010110000011000
111111111111111111111111111111111111111111111111111111111111111111111111111111111111111111111101100000000000100001000010000000100000101010110000011000
111111111111111111111111111111111111111111111111111111111111111111111111111111111111111111111110100000000000100001000010000000100000101010110000011000
111111111111111111111111111111111111111111111111111111111111111111111111111111111111111111111111000000000000100001000010000000100000101010110000011000
000000000000000000000000000000000000000000000000000000000000000000000000000000000000000000000000000000000000100001000010000000100000101010110000011000
000000000000000000000000000000000000000000000000000000000000000000000000000000000000000000000000000000000000100001000010000000100000101010110000011000
000000000000000000000000000000000000000000000000000000000000000000000000000000000000000000000000000000000000100001000010000000100000101010110000011000
000000000000000000000000000000000000000000000000000000000000000000000000000000000000000000000000000000000000100001000010000000100000101010110000011000
000000000000000000000000000000000000000000000000000000000000000000000000000000000000000000000000000000000000100001000010000000100000101010110000011000
000000000000000000000000000000000000000000000000000000000000000000000000000000000000000000000000000000000000100001000010000000100000101010110000011000
000000000000000000000000000000000000000000000000000000000000000000000000000000000000000000000000000000000000100001000010000000100000101010110000011000
000000000000000000000000000000000000000000000000000000000000000000000000000000000000000000000000000000000000100001000010000000100000101010110000011000
000000000000000000000000000000000000000000000000000000000000000000000000000000000000000000000000000000000000100001000010000000100000101010110000011000
000000000000000000000000000000000000000000000000000000000000000000000000000000000000000000000000000000000000100001000010000000100000101010110000011000
000000000000000000000000000000000000000000000000000000000000000000000000000000000000000000000000000000000000100001000010000000100000101010110000011000
111111111111111111111111111111111111111111111111111111111111111111111111111111111111111111111111111111111111000001000010000000100000101010110000011000
000000000000000000000000000000000000000000000000000000000000000000000000000000000000000000000000000000000000000001000010000000100000101010110000011000
000000000000000000000000000000000000000000000000000000000000000000000000000000000000000000000000000000000000000001000010000000100000101010110000011000
000000000000000000000000000000000000000000000000000000000000000000000000000000000000000000000000000000000000000001000010000000100000101010110000011000
000000000000000000000000000000000000000000000000000000000000000000000000000000000000000000000000000000000000000001000010000000100000101010110000011000
111111111111111111111111111111111111111111111111111111111111111111111111111111111111111111111111111111111111111110000010000000100000101010110000011000
000000000000000000000000000000000000000000000000000000000000000000000000000000000000000000000000000000000000000000000010000000100000101010110000011000
000000000000000000000000000000000000000000000000000000000000000000000000000000000000000000000000000000000000000000000010000000100000101010110000011000
000000000000000000000000000000000000000000000000000000000000000000000000000000000000000000000000000000000000000000000010000000100000101010110000011000
000000000000000000000000000000000000000000000000000000000000000000000000000000000000000000000000000000000000000000000010000000100000101010110000011000
111111111111111111111111111111111111111111111111111111111111111111111111111111111111111111111111111111111111111111111100000000100000101010110000011000
000000000000000000000000000000000000000000000000000000000000000000000000000000000000000000000000000000000000000000000000000000100000101010110000011000
000000000000000000000000000000000000000000000000000000000000000000000000000000000000000000000000000000000000000000000000000000100000101010110000011000
000000000000000000000000000000000000000000000000000000000000000000000000000000000000000000000000000000000000000000000000000000100000101010110000011000
000000000000000000000000000000000000000000000000000000000000000000000000000000000000000000000000000000000000000000000000000000100000101010110000011000
000000000000000000000000000000000000000000000000000000000000000000000000000000000000000000000000000000000000000000000000000000100000101010110000011000
000000000000000000000000000000000000000000000000000000000000000000000000000000000000000000000000000000000000000000000000000000100000101010110000011000
000000000000000000000000000000000000000000000000000000000000000000000000000000000000000000000000000000000000000000000000000000100000101010110000011000
111111111111111111111111111111111111111111111111111111111111111111111111111111111111111111111111111111111111111111111111111111000000101010110000011000
000000000000000000000000000000000000000000000000000000000000000000000000000000000000000000000000000000000000000000000000000000000000101010110000011000
000000000000000000000000000000000000000000000000000000000000000000000000000000000000000000000000000000000000000000000000000000000000101010110000011000
000000000000000000000000000000000000000000000000000000000000000000000000000000000000000000000000000000000000000000000000000000000000101010110000011000
000000000000000000000000000000000000000000000000000000000000000000000000000000000000000000000000000000000000000000000000000000000000101010110000011000
000000000000000000000000000000000000000000000000000000000000000000000000000000000000000000000000000000000000000000000000000000000000101010110000011000
111111111111111111111111111111111111111111111111111111111111111111111111111111111111111111111111111111111111111111111111111111111111001010110000011000
000000000000000000000000000000000000000000000000000000000000000000000000000000000000000000000000000000000000000000000000000000000000001010110000011000
111111111111111111111111111111111111111111111111111111111111111111111111111111111111111111111111111111111111111111111111111111111111110010110000011000
000000000000000000000000000000000000000000000000000000000000000000000000000000000000000000000000000000000000000000000000000000000000000010110000011000
111111111111111111111111111111111111111111111111111111111111111111111111111111111111111111111111111111111111111111111111111111111111111100110000011000
000000000000000000000000000000000000000000000000000000000000000000000000000000000000000000000000000000000000000000000000000000000000000000110000011000
111111111111111111111111111111111111111111111111111111111111111111111111111111111111111111111111111111111111111111111111111111111111111111010000011000
111111111111111111111111111111111111111111111111111111111111111111111111111111111111111111111111111111111111111111111111111111111111111111100000011000
000000000000000000000000000000000000000000000000000000000000000000000000000000000000000000000000000000000000000000000000000000000000000000000000011000
000000000000000000000000000000000000000000000000000000000000000000000000000000000000000000000000000000000000000000000000000000000000000000000000011000
000000000000000000000000000000000000000000000000000000000000000000000000000000000000000000000000000000000000000000000000000000000000000000000000011000
000000000000000000000000000000000000000000000000000000000000000000000000000000000000000000000000000000000000000000000000000000000000000000000000011000
000000000000000000000000000000000000000000000000000000000000000000000000000000000000000000000000000000000000000000000000000000000000000000000000011000
111111111111111111111111111111111111111111111111111111111111111111111111111111111111111111111111111111111111111111111111111111111111111111111111101000
111111111111111111111111111111111111111111111111111111111111111111111111111111111111111111111111111111111111111111111111111111111111111111111111110000
000000000000000000000000000000000000000000000000000000000000000000000000000000000000000000000000000000000000000000000000000000000000000000000000000000
000000000000000000000000000000000000000000000000000000000000000000000000000000000000000000000000000000000000000000000000000000000000000000000000000000
000000000000000000000000000000000000000000000000000000000000000000000000000000000000000000000000000000000000000000000000000000000000000000000000000000
