00000100100000000000010000100100000010100011000100
00000100100000000000010000100100000010100011000100
00000100100000000000010000100100000010100011000100
00000100100000000000010000100100000010100011000100
00000100100000000000010000100100000010100011000100
11111000100000000000010000100100000010100011000100
00000000100000000000010000100100000010100011000100
00000000100000000000010000100100000010100011000100
11111111000000000000010000100100000010100011000100
00000000000000000000010000100100000010100011000100
00000000000000000000010000100100000010100011000100
00000000000000000000010000100100000010100011000100
00000000000000000000010000100100000010100011000100
00000000000000000000010000100100000010100011000100
00000000000000000000010000100100000010100011000100
00000000000000000000010000100100000010100011000100
00000000000000000000010000100100000010100011000100
00000000000000000000010000100100000010100011000100
00000000000000000000010000100100000010100011000100
00000000000000000000010000100100000010100011000100
00000000000000000000010000100100000010100011000100
11111111111111111111100000100100000010100011000100
00000000000000000000000000100100000010100011000100
00000000000000000000000000100100000010100011000100
00000000000000000000000000100100000010100011000100
00000000000000000000000000100100000010100011000100
11111111111111111111111111000100000010100011000100
00000000000000000000000000000100000010100011000100
00000000000000000000000000000100000010100011000100
11111111111111111111111111111000000010100011000100
00000000000000000000000000000000000010100011000100
00000000000000000000000000000000000010100011000100
00000000000000000000000000000000000010100011000100
00000000000000000000000000000000000010100011000100
00000000000000000000000000000000000010100011000100
00000000000000000000000000000000000010100011000100
11111111111111111111111111111111111100100011000100
00000000000000000000000000000000000000100011000100
11111111111111111111111111111111111111000011000100
00000000000000000000000000000000000000000011000100
00000000000000000000000000000000000000000011000100
00000000000000000000000000000000000000000011000100
11111111111111111111111111111111111111111101000100
11111111111111111111111111111111111111111110000100
00000000000000000000000000000000000000000000000100
00000000000000000000000000000000000000000000000100
00000000000000000000000000000000000000000000000100
11111111111111111111111111111111111111111111111000
00000000000000000000000000000000000000000000000000
00000000000000000000000000000000000000000000000000
