001111111111111101001110011111011111011011010011111111111111
001111111111111101001110011111011111011011010011111111111111
110111111111111101001110011111011111011011010011111111111111
111011111111111101001110011111011111011011010011111111111111
111101111111111101001110011111011111011011010011111111111111
111110111111111101001110011111011111011011010011111111111111
111111011111111101001110011111011111011011010011111111111111
111111101111111101001110011111011111011011010011111111111111
111111110111111101001110011111011111011011010011111111111111
111111111011111101001110011111011111011011010011111111111111
111111111101111101001110011111011111011011010011111111111111
111111111110111101001110011111011111011011010011111111111111
111111111111011101001110011111011111011011010011111111111111
111111111111101101001110011111011111011011010011111111111111
111111111111110101001110011111011111011011010011111111111111
111111111111111001001110011111011111011011010011111111111111
000000000000000001001110011111011111011011010011111111111111
111111111111111110001110011111011111011011010011111111111111
000000000000000000001110011111011111011011010011111111111111
000000000000000000001110011111011111011011010011111111111111
111111111111111111110110011111011111011011010011111111111111
111111111111111111111010011111011111011011010011111111111111
111111111111111111111100011111011111011011010011111111111111
000000000000000000000000011111011111011011010011111111111111
000000000000000000000000011111011111011011010011111111111111
111111111111111111111111101111011111011011010011111111111111
111111111111111111111111110111011111011011010011111111111111
111111111111111111111111111011011111011011010011111111111111
111111111111111111111111111101011111011011010011111111111111
111111111111111111111111111110011111011011010011111111111111
000000000000000000000000000000011111011011010011111111111111
111111111111111111111111111111101111011011010011111111111111
111111111111111111111111111111110111011011010011111111111111
111111111111111111111111111111111011011011010011111111111111
111111111111111111111111111111111101011011010011111111111111
111111111111111111111111111111111110011011010011111111111111
000000000000000000000000000000000000011011010011111111111111
111111111111111111111111111111111111101011010011111111111111
111111111111111111111111111111111111110011010011111111111111
000000000000000000000000000000000000000011010011111111111111
111111111111111111111111111111111111111101010011111111111111
111111111111111111111111111111111111111110010011111111111111
000000000000000000000000000000000000000000010011111111111111
111111111111111111111111111111111111111111100011111111111111
000000000000000000000000000000000000000000000011111111111111
000000000000000000000000000000000000000000000011111111111111
111111111111111111111111111111111111111111111101111111111111
111111111111111111111111111111111111111111111110111111111111
111111111111111111111111111111111111111111111111011111111111
111111111111111111111111111111111111111111111111101111111111
111111111111111111111111111111111111111111111111110111111111
111111111111111111111111111111111111111111111111111011111111
111111111111111111111111111111111111111111111111111101111111
111111111111111111111111111111111111111111111111111110111111
111111111111111111111111111111111111111111111111111111011111
111111111111111111111111111111111111111111111111111111101111
111111111111111111111111111111111111111111111111111111110111
111111111111111111111111111111111111111111111111111111111011
111111111111111111111111111111111111111111111111111111111101
111111111111111111111111111111111111111111111111111111111110
