00000100100011111001100000101001000011100011101110011110010100111011001100011000
00000100100011111001100000101001000011100011101110011110010100111011001100011000
00000100100011111001100000101001000011100011101110011110010100111011001100011000
00000100100011111001100000101001000011100011101110011110010100111011001100011000
00000100100011111001100000101001000011100011101110011110010100111011001100011000
11111000100011111001100000101001000011100011101110011110010100111011001100011000
00000000100011111001100000101001000011100011101110011110010100111011001100011000
00000000100011111001100000101001000011100011101110011110010100111011001100011000
11111111000011111001100000101001000011100011101110011110010100111011001100011000
00000000000011111001100000101001000011100011101110011110010100111011001100011000
00000000000011111001100000101001000011100011101110011110010100111011001100011000
00000000000011111001100000101001000011100011101110011110010100111011001100011000
11111111111101111001100000101001000011100011101110011110010100111011001100011000
11111111111110111001100000101001000011100011101110011110010100111011001100011000
11111111111111011001100000101001000011100011101110011110010100111011001100011000
11111111111111101001100000101001000011100011101110011110010100111011001100011000
11111111111111110001100000101001000011100011101110011110010100111011001100011000
00000000000000000001100000101001000011100011101110011110010100111011001100011000
00000000000000000001100000101001000011100011101110011110010100111011001100011000
11111111111111111110100000101001000011100011101110011110010100111011001100011000
11111111111111111111000000101001000011100011101110011110010100111011001100011000
00000000000000000000000000101001000011100011101110011110010100111011001100011000
00000000000000000000000000101001000011100011101110011110010100111011001100011000
00000000000000000000000000101001000011100011101110011110010100111011001100011000
00000000000000000000000000101001000011100011101110011110010100111011001100011000
00000000000000000000000000101001000011100011101110011110010100111011001100011000
11111111111111111111111111001001000011100011101110011110010100111011001100011000
00000000000000000000000000001001000011100011101110011110010100111011001100011000
11111111111111111111111111110001000011100011101110011110010100111011001100011000
00000000000000000000000000000001000011100011101110011110010100111011001100011000
00000000000000000000000000000001000011100011101110011110010100111011001100011000
11111111111111111111111111111110000011100011101110011110010100111011001100011000
00000000000000000000000000000000000011100011101110011110010100111011001100011000
00000000000000000000000000000000000011100011101110011110010100111011001100011000
00000000000000000000000000000000000011100011101110011110010100111011001100011000
00000000000000000000000000000000000011100011101110011110010100111011001100011000
11111111111111111111111111111111111101100011101110011110010100111011001100011000
11111111111111111111111111111111111110100011101110011110010100111011001100011000
11111111111111111111111111111111111111000011101110011110010100111011001100011000
00000000000000000000000000000000000000000011101110011110010100111011001100011000
00000000000000000000000000000000000000000011101110011110010100111011001100011000
00000000000000000000000000000000000000000011101110011110010100111011001100011000
11111111111111111111111111111111111111111101101110011110010100111011001100011000
11111111111111111111111111111111111111111110101110011110010100111011001100011000
11111111111111111111111111111111111111111111001110011110010100111011001100011000
00000000000000000000000000000000000000000000001110011110010100111011001100011000
11111111111111111111111111111111111111111111110110011110010100111011001100011000
11111111111111111111111111111111111111111111111010011110010100111011001100011000
11111111111111111111111111111111111111111111111100011110010100111011001100011000
00000000000000000000000000000000000000000000000000011110010100111011001100011000
00000000000000000000000000000000000000000000000000011110010100111011001100011000
11111111111111111111111111111111111111111111111111101110010100111011001100011000
11111111111111111111111111111111111111111111111111110110010100111011001100011000
11111111111111111111111111111111111111111111111111111010010100111011001100011000
11111111111111111111111111111111111111111111111111111100010100111011001100011000
00000000000000000000000000000000000000000000000000000000010100111011001100011000
00000000000000000000000000000000000000000000000000000000010100111011001100011000
11111111111111111111111111111111111111111111111111111111100100111011001100011000
00000000000000000000000000000000000000000000000000000000000100111011001100011000
11111111111111111111111111111111111111111111111111111111111000111011001100011000
00000000000000000000000000000000000000000000000000000000000000111011001100011000
00000000000000000000000000000000000000000000000000000000000000111011001100011000
11111111111111111111111111111111111111111111111111111111111111011011001100011000
11111111111111111111111111111111111111111111111111111111111111101011001100011000
11111111111111111111111111111111111111111111111111111111111111110011001100011000
00000000000000000000000000000000000000000000000000000000000000000011001100011000
11111111111111111111111111111111111111111111111111111111111111111101001100011000
11111111111111111111111111111111111111111111111111111111111111111110001100011000
00000000000000000000000000000000000000000000000000000000000000000000001100011000
00000000000000000000000000000000000000000000000000000000000000000000001100011000
11111111111111111111111111111111111111111111111111111111111111111111110100011000
11111111111111111111111111111111111111111111111111111111111111111111111000011000
00000000000000000000000000000000000000000000000000000000000000000000000000011000
00000000000000000000000000000000000000000000000000000000000000000000000000011000
00000000000000000000000000000000000000000000000000000000000000000000000000011000
11111111111111111111111111111111111111111111111111111111111111111111111111101000
11111111111111111111111111111111111111111111111111111111111111111111111111110000
00000000000000000000000000000000000000000000000000000000000000000000000000000000
00000000000000000000000000000000000000000000000000000000000000000000000000000000
00000000000000000000000000000000000000000000000000000000000000000000000000000000
