001001101101110110010110110100101111111110011100111110011110111110111110011111101011111110111001111111110100111101100111111110111111010111111111110111
001001101101110110010110110100101111111110011100111110011110111110111110011111101011111110111001111111110100111101100111111110111111010111111111110111
110001101101110110010110110100101111111110011100111110011110111110111110011111101011111110111001111111110100111101100111111110111111010111111111110111
000001101101110110010110110100101111111110011100111110011110111110111110011111101011111110111001111111110100111101100111111110111111010111111111110111
000001101101110110010110110100101111111110011100111110011110111110111110011111101011111110111001111111110100111101100111111110111111010111111111110111
111110101101110110010110110100101111111110011100111110011110111110111110011111101011111110111001111111110100111101100111111110111111010111111111110111
111111001101110110010110110100101111111110011100111110011110111110111110011111101011111110111001111111110100111101100111111110111111010111111111110111
000000001101110110010110110100101111111110011100111110011110111110111110011111101011111110111001111111110100111101100111111110111111010111111111110111
111111110101110110010110110100101111111110011100111110011110111110111110011111101011111110111001111111110100111101100111111110111111010111111111110111
111111111001110110010110110100101111111110011100111110011110111110111110011111101011111110111001111111110100111101100111111110111111010111111111110111
000000000001110110010110110100101111111110011100111110011110111110111110011111101011111110111001111111110100111101100111111110111111010111111111110111
111111111110110110010110110100101111111110011100111110011110111110111110011111101011111110111001111111110100111101100111111110111111010111111111110111
111111111111010110010110110100101111111110011100111110011110111110111110011111101011111110111001111111110100111101100111111110111111010111111111110111
111111111111100110010110110100101111111110011100111110011110111110111110011111101011111110111001111111110100111101100111111110111111010111111111110111
000000000000000110010110110100101111111110011100111110011110111110111110011111101011111110111001111111110100111101100111111110111111010111111111110111
111111111111111010010110110100101111111110011100111110011110111110111110011111101011111110111001111111110100111101100111111110111111010111111111110111
111111111111111100010110110100101111111110011100111110011110111110111110011111101011111110111001111111110100111101100111111110111111010111111111110111
000000000000000000010110110100101111111110011100111110011110111110111110011111101011111110111001111111110100111101100111111110111111010111111111110111
000000000000000000010110110100101111111110011100111110011110111110111110011111101011111110111001111111110100111101100111111110111111010111111111110111
111111111111111111100110110100101111111110011100111110011110111110111110011111101011111110111001111111110100111101100111111110111111010111111111110111
000000000000000000000110110100101111111110011100111110011110111110111110011111101011111110111001111111110100111101100111111110111111010111111111110111
111111111111111111111010110100101111111110011100111110011110111110111110011111101011111110111001111111110100111101100111111110111111010111111111110111
111111111111111111111100110100101111111110011100111110011110111110111110011111101011111110111001111111110100111101100111111110111111010111111111110111
000000000000000000000000110100101111111110011100111110011110111110111110011111101011111110111001111111110100111101100111111110111111010111111111110111
111111111111111111111111010100101111111110011100111110011110111110111110011111101011111110111001111111110100111101100111111110111111010111111111110111
111111111111111111111111100100101111111110011100111110011110111110111110011111101011111110111001111111110100111101100111111110111111010111111111110111
000000000000000000000000000100101111111110011100111110011110111110111110011111101011111110111001111111110100111101100111111110111111010111111111110111
111111111111111111111111111000101111111110011100111110011110111110111110011111101011111110111001111111110100111101100111111110111111010111111111110111
000000000000000000000000000000101111111110011100111110011110111110111110011111101011111110111001111111110100111101100111111110111111010111111111110111
000000000000000000000000000000101111111110011100111110011110111110111110011111101011111110111001111111110100111101100111111110111111010111111111110111
111111111111111111111111111111001111111110011100111110011110111110111110011111101011111110111001111111110100111101100111111110111111010111111111110111
000000000000000000000000000000001111111110011100111110011110111110111110011111101011111110111001111111110100111101100111111110111111010111111111110111
111111111111111111111111111111110111111110011100111110011110111110111110011111101011111110111001111111110100111101100111111110111111010111111111110111
111111111111111111111111111111111011111110011100111110011110111110111110011111101011111110111001111111110100111101100111111110111111010111111111110111
111111111111111111111111111111111101111110011100111110011110111110111110011111101011111110111001111111110100111101100111111110111111010111111111110111
111111111111111111111111111111111110111110011100111110011110111110111110011111101011111110111001111111110100111101100111111110111111010111111111110111
111111111111111111111111111111111111011110011100111110011110111110111110011111101011111110111001111111110100111101100111111110111111010111111111110111
111111111111111111111111111111111111101110011100111110011110111110111110011111101011111110111001111111110100111101100111111110111111010111111111110111
111111111111111111111111111111111111110110011100111110011110111110111110011111101011111110111001111111110100111101100111111110111111010111111111110111
111111111111111111111111111111111111111010011100111110011110111110111110011111101011111110111001111111110100111101100111111110111111010111111111110111
111111111111111111111111111111111111111100011100111110011110111110111110011111101011111110111001111111110100111101100111111110111111010111111111110111
000000000000000000000000000000000000000000011100111110011110111110111110011111101011111110111001111111110100111101100111111110111111010111111111110111
000000000000000000000000000000000000000000011100111110011110111110111110011111101011111110111001111111110100111101100111111110111111010111111111110111
111111111111111111111111111111111111111111101100111110011110111110111110011111101011111110111001111111110100111101100111111110111111010111111111110111
111111111111111111111111111111111111111111110100111110011110111110111110011111101011111110111001111111110100111101100111111110111111010111111111110111
111111111111111111111111111111111111111111111000111110011110111110111110011111101011111110111001111111110100111101100111111110111111010111111111110111
000000000000000000000000000000000000000000000000111110011110111110111110011111101011111110111001111111110100111101100111111110111111010111111111110111
000000000000000000000000000000000000000000000000111110011110111110111110011111101011111110111001111111110100111101100111111110111111010111111111110111
111111111111111111111111111111111111111111111111011110011110111110111110011111101011111110111001111111110100111101100111111110111111010111111111110111
111111111111111111111111111111111111111111111111101110011110111110111110011111101011111110111001111111110100111101100111111110111111010111111111110111
111111111111111111111111111111111111111111111111110110011110111110111110011111101011111110111001111111110100111101100111111110111111010111111111110111
111111111111111111111111111111111111111111111111111010011110111110111110011111101011111110111001111111110100111101100111111110111111010111111111110111
111111111111111111111111111111111111111111111111111100011110111110111110011111101011111110111001111111110100111101100111111110111111010111111111110111
000000000000000000000000000000000000000000000000000000011110111110111110011111101011111110111001111111110100111101100111111110111111010111111111110111
000000000000000000000000000000000000000000000000000000011110111110111110011111101011111110111001111111110100111101100111111110111111010111111111110111
111111111111111111111111111111111111111111111111111111101110111110111110011111101011111110111001111111110100111101100111111110111111010111111111110111
111111111111111111111111111111111111111111111111111111110110111110111110011111101011111110111001111111110100111101100111111110111111010111111111110111
111111111111111111111111111111111111111111111111111111111010111110111110011111101011111110111001111111110100111101100111111110111111010111111111110111
111111111111111111111111111111111111111111111111111111111100111110111110011111101011111110111001111111110100111101100111111110111111010111111111110111
000000000000000000000000000000000000000000000000000000000000111110111110011111101011111110111001111111110100111101100111111110111111010111111111110111
111111111111111111111111111111111111111111111111111111111111011110111110011111101011111110111001111111110100111101100111111110111111010111111111110111
111111111111111111111111111111111111111111111111111111111111101110111110011111101011111110111001111111110100111101100111111110111111010111111111110111
111111111111111111111111111111111111111111111111111111111111110110111110011111101011111110111001111111110100111101100111111110111111010111111111110111
111111111111111111111111111111111111111111111111111111111111111010111110011111101011111110111001111111110100111101100111111110111111010111111111110111
111111111111111111111111111111111111111111111111111111111111111100111110011111101011111110111001111111110100111101100111111110111111010111111111110111
000000000000000000000000000000000000000000000000000000000000000000111110011111101011111110111001111111110100111101100111111110111111010111111111110111
111111111111111111111111111111111111111111111111111111111111111111011110011111101011111110111001111111110100111101100111111110111111010111111111110111
111111111111111111111111111111111111111111111111111111111111111111101110011111101011111110111001111111110100111101100111111110111111010111111111110111
111111111111111111111111111111111111111111111111111111111111111111110110011111101011111110111001111111110100111101100111111110111111010111111111110111
111111111111111111111111111111111111111111111111111111111111111111111010011111101011111110111001111111110100111101100111111110111111010111111111110111
111111111111111111111111111111111111111111111111111111111111111111111100011111101011111110111001111111110100111101100111111110111111010111111111110111
000000000000000000000000000000000000000000000000000000000000000000000000011111101011111110111001111111110100111101100111111110111111010111111111110111
000000000000000000000000000000000000000000000000000000000000000000000000011111101011111110111001111111110100111101100111111110111111010111111111110111
111111111111111111111111111111111111111111111111111111111111111111111111101111101011111110111001111111110100111101100111111110111111010111111111110111
111111111111111111111111111111111111111111111111111111111111111111111111110111101011111110111001111111110100111101100111111110111111010111111111110111
111111111111111111111111111111111111111111111111111111111111111111111111111011101011111110111001111111110100111101100111111110111111010111111111110111
111111111111111111111111111111111111111111111111111111111111111111111111111101101011111110111001111111110100111101100111111110111111010111111111110111
111111111111111111111111111111111111111111111111111111111111111111111111111110101011111110111001111111110100111101100111111110111111010111111111110111
111111111111111111111111111111111111111111111111111111111111111111111111111111001011111110111001111111110100111101100111111110111111010111111111110111
000000000000000000000000000000000000000000000000000000000000000000000000000000001011111110111001111111110100111101100111111110111111010111111111110111
111111111111111111111111111111111111111111111111111111111111111111111111111111110011111110111001111111110100111101100111111110111111010111111111110111
000000000000000000000000000000000000000000000000000000000000000000000000000000000011111110111001111111110100111101100111111110111111010111111111110111
111111111111111111111111111111111111111111111111111111111111111111111111111111111101111110111001111111110100111101100111111110111111010111111111110111
111111111111111111111111111111111111111111111111111111111111111111111111111111111110111110111001111111110100111101100111111110111111010111111111110111
111111111111111111111111111111111111111111111111111111111111111111111111111111111111011110111001111111110100111101100111111110111111010111111111110111
111111111111111111111111111111111111111111111111111111111111111111111111111111111111101110111001111111110100111101100111111110111111010111111111110111
111111111111111111111111111111111111111111111111111111111111111111111111111111111111110110111001111111110100111101100111111110111111010111111111110111
111111111111111111111111111111111111111111111111111111111111111111111111111111111111111010111001111111110100111101100111111110111111010111111111110111
111111111111111111111111111111111111111111111111111111111111111111111111111111111111111100111001111111110100111101100111111110111111010111111111110111
000000000000000000000000000000000000000000000000000000000000000000000000000000000000000000111001111111110100111101100111111110111111010111111111110111
111111111111111111111111111111111111111111111111111111111111111111111111111111111111111111011001111111110100111101100111111110111111010111111111110111
111111111111111111111111111111111111111111111111111111111111111111111111111111111111111111101001111111110100111101100111111110111111010111111111110111
111111111111111111111111111111111111111111111111111111111111111111111111111111111111111111110001111111110100111101100111111110111111010111111111110111
000000000000000000000000000000000000000000000000000000000000000000000000000000000000000000000001111111110100111101100111111110111111010111111111110111
000000000000000000000000000000000000000000000000000000000000000000000000000000000000000000000001111111110100111101100111111110111111010111111111110111
111111111111111111111111111111111111111111111111111111111111111111111111111111111111111111111110111111110100111101100111111110111111010111111111110111
111111111111111111111111111111111111111111111111111111111111111111111111111111111111111111111111011111110100111101100111111110111111010111111111110111
111111111111111111111111111111111111111111111111111111111111111111111111111111111111111111111111101111110100111101100111111110111111010111111111110111
111111111111111111111111111111111111111111111111111111111111111111111111111111111111111111111111110111110100111101100111111110111111010111111111110111
111111111111111111111111111111111111111111111111111111111111111111111111111111111111111111111111111011110100111101100111111110111111010111111111110111
111111111111111111111111111111111111111111111111111111111111111111111111111111111111111111111111111101110100111101100111111110111111010111111111110111
111111111111111111111111111111111111111111111111111111111111111111111111111111111111111111111111111110110100111101100111111110111111010111111111110111
111111111111111111111111111111111111111111111111111111111111111111111111111111111111111111111111111111010100111101100111111110111111010111111111110111
111111111111111111111111111111111111111111111111111111111111111111111111111111111111111111111111111111100100111101100111111110111111010111111111110111
000000000000000000000000000000000000000000000000000000000000000000000000000000000000000000000000000000000100111101100111111110111111010111111111110111
111111111111111111111111111111111111111111111111111111111111111111111111111111111111111111111111111111111000111101100111111110111111010111111111110111
000000000000000000000000000000000000000000000000000000000000000000000000000000000000000000000000000000000000111101100111111110111111010111111111110111
000000000000000000000000000000000000000000000000000000000000000000000000000000000000000000000000000000000000111101100111111110111111010111111111110111
111111111111111111111111111111111111111111111111111111111111111111111111111111111111111111111111111111111111011101100111111110111111010111111111110111
111111111111111111111111111111111111111111111111111111111111111111111111111111111111111111111111111111111111101101100111111110111111010111111111110111
111111111111111111111111111111111111111111111111111111111111111111111111111111111111111111111111111111111111110101100111111110111111010111111111110111
111111111111111111111111111111111111111111111111111111111111111111111111111111111111111111111111111111111111111001100111111110111111010111111111110111
000000000000000000000000000000000000000000000000000000000000000000000000000000000000000000000000000000000000000001100111111110111111010111111111110111
111111111111111111111111111111111111111111111111111111111111111111111111111111111111111111111111111111111111111110100111111110111111010111111111110111
111111111111111111111111111111111111111111111111111111111111111111111111111111111111111111111111111111111111111111000111111110111111010111111111110111
000000000000000000000000000000000000000000000000000000000000000000000000000000000000000000000000000000000000000000000111111110111111010111111111110111
000000000000000000000000000000000000000000000000000000000000000000000000000000000000000000000000000000000000000000000111111110111111010111111111110111
111111111111111111111111111111111111111111111111111111111111111111111111111111111111111111111111111111111111111111111011111110111111010111111111110111
111111111111111111111111111111111111111111111111111111111111111111111111111111111111111111111111111111111111111111111101111110111111010111111111110111
111111111111111111111111111111111111111111111111111111111111111111111111111111111111111111111111111111111111111111111110111110111111010111111111110111
111111111111111111111111111111111111111111111111111111111111111111111111111111111111111111111111111111111111111111111111011110111111010111111111110111
111111111111111111111111111111111111111111111111111111111111111111111111111111111111111111111111111111111111111111111111101110111111010111111111110111
111111111111111111111111111111111111111111111111111111111111111111111111111111111111111111111111111111111111111111111111110110111111010111111111110111
111111111111111111111111111111111111111111111111111111111111111111111111111111111111111111111111111111111111111111111111111010111111010111111111110111
111111111111111111111111111111111111111111111111111111111111111111111111111111111111111111111111111111111111111111111111111100111111010111111111110111
000000000000000000000000000000000000000000000000000000000000000000000000000000000000000000000000000000000000000000000000000000111111010111111111110111
111111111111111111111111111111111111111111111111111111111111111111111111111111111111111111111111111111111111111111111111111111011111010111111111110111
111111111111111111111111111111111111111111111111111111111111111111111111111111111111111111111111111111111111111111111111111111101111010111111111110111
111111111111111111111111111111111111111111111111111111111111111111111111111111111111111111111111111111111111111111111111111111110111010111111111110111
111111111111111111111111111111111111111111111111111111111111111111111111111111111111111111111111111111111111111111111111111111111011010111111111110111
111111111111111111111111111111111111111111111111111111111111111111111111111111111111111111111111111111111111111111111111111111111101010111111111110111
111111111111111111111111111111111111111111111111111111111111111111111111111111111111111111111111111111111111111111111111111111111110010111111111110111
000000000000000000000000000000000000000000000000000000000000000000000000000000000000000000000000000000000000000000000000000000000000010111111111110111
111111111111111111111111111111111111111111111111111111111111111111111111111111111111111111111111111111111111111111111111111111111111100111111111110111
000000000000000000000000000000000000000000000000000000000000000000000000000000000000000000000000000000000000000000000000000000000000000111111111110111
111111111111111111111111111111111111111111111111111111111111111111111111111111111111111111111111111111111111111111111111111111111111111011111111110111
111111111111111111111111111111111111111111111111111111111111111111111111111111111111111111111111111111111111111111111111111111111111111101111111110111
111111111111111111111111111111111111111111111111111111111111111111111111111111111111111111111111111111111111111111111111111111111111111110111111110111
111111111111111111111111111111111111111111111111111111111111111111111111111111111111111111111111111111111111111111111111111111111111111111011111110111
111111111111111111111111111111111111111111111111111111111111111111111111111111111111111111111111111111111111111111111111111111111111111111101111110111
111111111111111111111111111111111111111111111111111111111111111111111111111111111111111111111111111111111111111111111111111111111111111111110111110111
111111111111111111111111111111111111111111111111111111111111111111111111111111111111111111111111111111111111111111111111111111111111111111111011110111
111111111111111111111111111111111111111111111111111111111111111111111111111111111111111111111111111111111111111111111111111111111111111111111101110111
111111111111111111111111111111111111111111111111111111111111111111111111111111111111111111111111111111111111111111111111111111111111111111111110110111
111111111111111111111111111111111111111111111111111111111111111111111111111111111111111111111111111111111111111111111111111111111111111111111111010111
111111111111111111111111111111111111111111111111111111111111111111111111111111111111111111111111111111111111111111111111111111111111111111111111100111
000000000000000000000000000000000000000000000000000000000000000000000000000000000000000000000000000000000000000000000000000000000000000000000000000111
111111111111111111111111111111111111111111111111111111111111111111111111111111111111111111111111111111111111111111111111111111111111111111111111111011
111111111111111111111111111111111111111111111111111111111111111111111111111111111111111111111111111111111111111111111111111111111111111111111111111101
111111111111111111111111111111111111111111111111111111111111111111111111111111111111111111111111111111111111111111111111111111111111111111111111111110
