001110001110010101011101011000101001100101111000100001001000101110001110001011001100100001011000010110101111100101101110001100000101100010000010100111
001110001110010101011101011000101001100101111000100001001000101110001110001011001100100001011000010110101111100101101110001100000101100010000010100111
110110001110010101011101011000101001100101111000100001001000101110001110001011001100100001011000010110101111100101101110001100000101100010000010100111
111010001110010101011101011000101001100101111000100001001000101110001110001011001100100001011000010110101111100101101110001100000101100010000010100111
111100001110010101011101011000101001100101111000100001001000101110001110001011001100100001011000010110101111100101101110001100000101100010000010100111
000000001110010101011101011000101001100101111000100001001000101110001110001011001100100001011000010110101111100101101110001100000101100010000010100111
000000001110010101011101011000101001100101111000100001001000101110001110001011001100100001011000010110101111100101101110001100000101100010000010100111
000000001110010101011101011000101001100101111000100001001000101110001110001011001100100001011000010110101111100101101110001100000101100010000010100111
111111110110010101011101011000101001100101111000100001001000101110001110001011001100100001011000010110101111100101101110001100000101100010000010100111
111111111010010101011101011000101001100101111000100001001000101110001110001011001100100001011000010110101111100101101110001100000101100010000010100111
111111111100010101011101011000101001100101111000100001001000101110001110001011001100100001011000010110101111100101101110001100000101100010000010100111
000000000000010101011101011000101001100101111000100001001000101110001110001011001100100001011000010110101111100101101110001100000101100010000010100111
000000000000010101011101011000101001100101111000100001001000101110001110001011001100100001011000010110101111100101101110001100000101100010000010100111
111111111111100101011101011000101001100101111000100001001000101110001110001011001100100001011000010110101111100101101110001100000101100010000010100111
000000000000000101011101011000101001100101111000100001001000101110001110001011001100100001011000010110101111100101101110001100000101100010000010100111
111111111111111001011101011000101001100101111000100001001000101110001110001011001100100001011000010110101111100101101110001100000101100010000010100111
000000000000000001011101011000101001100101111000100001001000101110001110001011001100100001011000010110101111100101101110001100000101100010000010100111
111111111111111110011101011000101001100101111000100001001000101110001110001011001100100001011000010110101111100101101110001100000101100010000010100111
000000000000000000011101011000101001100101111000100001001000101110001110001011001100100001011000010110101111100101101110001100000101100010000010100111
111111111111111111101101011000101001100101111000100001001000101110001110001011001100100001011000010110101111100101101110001100000101100010000010100111
111111111111111111110101011000101001100101111000100001001000101110001110001011001100100001011000010110101111100101101110001100000101100010000010100111
111111111111111111111001011000101001100101111000100001001000101110001110001011001100100001011000010110101111100101101110001100000101100010000010100111
000000000000000000000001011000101001100101111000100001001000101110001110001011001100100001011000010110101111100101101110001100000101100010000010100111
111111111111111111111110011000101001100101111000100001001000101110001110001011001100100001011000010110101111100101101110001100000101100010000010100111
000000000000000000000000011000101001100101111000100001001000101110001110001011001100100001011000010110101111100101101110001100000101100010000010100111
111111111111111111111111101000101001100101111000100001001000101110001110001011001100100001011000010110101111100101101110001100000101100010000010100111
111111111111111111111111110000101001100101111000100001001000101110001110001011001100100001011000010110101111100101101110001100000101100010000010100111
000000000000000000000000000000101001100101111000100001001000101110001110001011001100100001011000010110101111100101101110001100000101100010000010100111
000000000000000000000000000000101001100101111000100001001000101110001110001011001100100001011000010110101111100101101110001100000101100010000010100111
000000000000000000000000000000101001100101111000100001001000101110001110001011001100100001011000010110101111100101101110001100000101100010000010100111
111111111111111111111111111111001001100101111000100001001000101110001110001011001100100001011000010110101111100101101110001100000101100010000010100111
000000000000000000000000000000001001100101111000100001001000101110001110001011001100100001011000010110101111100101101110001100000101100010000010100111
111111111111111111111111111111110001100101111000100001001000101110001110001011001100100001011000010110101111100101101110001100000101100010000010100111
000000000000000000000000000000000001100101111000100001001000101110001110001011001100100001011000010110101111100101101110001100000101100010000010100111
000000000000000000000000000000000001100101111000100001001000101110001110001011001100100001011000010110101111100101101110001100000101100010000010100111
111111111111111111111111111111111110100101111000100001001000101110001110001011001100100001011000010110101111100101101110001100000101100010000010100111
111111111111111111111111111111111111000101111000100001001000101110001110001011001100100001011000010110101111100101101110001100000101100010000010100111
000000000000000000000000000000000000000101111000100001001000101110001110001011001100100001011000010110101111100101101110001100000101100010000010100111
000000000000000000000000000000000000000101111000100001001000101110001110001011001100100001011000010110101111100101101110001100000101100010000010100111
111111111111111111111111111111111111111001111000100001001000101110001110001011001100100001011000010110101111100101101110001100000101100010000010100111
000000000000000000000000000000000000000001111000100001001000101110001110001011001100100001011000010110101111100101101110001100000101100010000010100111
111111111111111111111111111111111111111110111000100001001000101110001110001011001100100001011000010110101111100101101110001100000101100010000010100111
111111111111111111111111111111111111111111011000100001001000101110001110001011001100100001011000010110101111100101101110001100000101100010000010100111
111111111111111111111111111111111111111111101000100001001000101110001110001011001100100001011000010110101111100101101110001100000101100010000010100111
111111111111111111111111111111111111111111110000100001001000101110001110001011001100100001011000010110101111100101101110001100000101100010000010100111
000000000000000000000000000000000000000000000000100001001000101110001110001011001100100001011000010110101111100101101110001100000101100010000010100111
000000000000000000000000000000000000000000000000100001001000101110001110001011001100100001011000010110101111100101101110001100000101100010000010100111
000000000000000000000000000000000000000000000000100001001000101110001110001011001100100001011000010110101111100101101110001100000101100010000010100111
111111111111111111111111111111111111111111111111000001001000101110001110001011001100100001011000010110101111100101101110001100000101100010000010100111
000000000000000000000000000000000000000000000000000001001000101110001110001011001100100001011000010110101111100101101110001100000101100010000010100111
000000000000000000000000000000000000000000000000000001001000101110001110001011001100100001011000010110101111100101101110001100000101100010000010100111
000000000000000000000000000000000000000000000000000001001000101110001110001011001100100001011000010110101111100101101110001100000101100010000010100111
000000000000000000000000000000000000000000000000000001001000101110001110001011001100100001011000010110101111100101101110001100000101100010000010100111
111111111111111111111111111111111111111111111111111110001000101110001110001011001100100001011000010110101111100101101110001100000101100010000010100111
000000000000000000000000000000000000000000000000000000001000101110001110001011001100100001011000010110101111100101101110001100000101100010000010100111
000000000000000000000000000000000000000000000000000000001000101110001110001011001100100001011000010110101111100101101110001100000101100010000010100111
111111111111111111111111111111111111111111111111111111110000101110001110001011001100100001011000010110101111100101101110001100000101100010000010100111
000000000000000000000000000000000000000000000000000000000000101110001110001011001100100001011000010110101111100101101110001100000101100010000010100111
000000000000000000000000000000000000000000000000000000000000101110001110001011001100100001011000010110101111100101101110001100000101100010000010100111
000000000000000000000000000000000000000000000000000000000000101110001110001011001100100001011000010110101111100101101110001100000101100010000010100111
111111111111111111111111111111111111111111111111111111111111001110001110001011001100100001011000010110101111100101101110001100000101100010000010100111
000000000000000000000000000000000000000000000000000000000000001110001110001011001100100001011000010110101111100101101110001100000101100010000010100111
111111111111111111111111111111111111111111111111111111111111110110001110001011001100100001011000010110101111100101101110001100000101100010000010100111
111111111111111111111111111111111111111111111111111111111111111010001110001011001100100001011000010110101111100101101110001100000101100010000010100111
111111111111111111111111111111111111111111111111111111111111111100001110001011001100100001011000010110101111100101101110001100000101100010000010100111
000000000000000000000000000000000000000000000000000000000000000000001110001011001100100001011000010110101111100101101110001100000101100010000010100111
000000000000000000000000000000000000000000000000000000000000000000001110001011001100100001011000010110101111100101101110001100000101100010000010100111
000000000000000000000000000000000000000000000000000000000000000000001110001011001100100001011000010110101111100101101110001100000101100010000010100111
111111111111111111111111111111111111111111111111111111111111111111110110001011001100100001011000010110101111100101101110001100000101100010000010100111
111111111111111111111111111111111111111111111111111111111111111111111010001011001100100001011000010110101111100101101110001100000101100010000010100111
111111111111111111111111111111111111111111111111111111111111111111111100001011001100100001011000010110101111100101101110001100000101100010000010100111
000000000000000000000000000000000000000000000000000000000000000000000000001011001100100001011000010110101111100101101110001100000101100010000010100111
000000000000000000000000000000000000000000000000000000000000000000000000001011001100100001011000010110101111100101101110001100000101100010000010100111
000000000000000000000000000000000000000000000000000000000000000000000000001011001100100001011000010110101111100101101110001100000101100010000010100111
111111111111111111111111111111111111111111111111111111111111111111111111110011001100100001011000010110101111100101101110001100000101100010000010100111
000000000000000000000000000000000000000000000000000000000000000000000000000011001100100001011000010110101111100101101110001100000101100010000010100111
111111111111111111111111111111111111111111111111111111111111111111111111111101001100100001011000010110101111100101101110001100000101100010000010100111
111111111111111111111111111111111111111111111111111111111111111111111111111110001100100001011000010110101111100101101110001100000101100010000010100111
000000000000000000000000000000000000000000000000000000000000000000000000000000001100100001011000010110101111100101101110001100000101100010000010100111
000000000000000000000000000000000000000000000000000000000000000000000000000000001100100001011000010110101111100101101110001100000101100010000010100111
111111111111111111111111111111111111111111111111111111111111111111111111111111110100100001011000010110101111100101101110001100000101100010000010100111
111111111111111111111111111111111111111111111111111111111111111111111111111111111000100001011000010110101111100101101110001100000101100010000010100111
000000000000000000000000000000000000000000000000000000000000000000000000000000000000100001011000010110101111100101101110001100000101100010000010100111
000000000000000000000000000000000000000000000000000000000000000000000000000000000000100001011000010110101111100101101110001100000101100010000010100111
111111111111111111111111111111111111111111111111111111111111111111111111111111111111000001011000010110101111100101101110001100000101100010000010100111
000000000000000000000000000000000000000000000000000000000000000000000000000000000000000001011000010110101111100101101110001100000101100010000010100111
000000000000000000000000000000000000000000000000000000000000000000000000000000000000000001011000010110101111100101101110001100000101100010000010100111
000000000000000000000000000000000000000000000000000000000000000000000000000000000000000001011000010110101111100101101110001100000101100010000010100111
000000000000000000000000000000000000000000000000000000000000000000000000000000000000000001011000010110101111100101101110001100000101100010000010100111
111111111111111111111111111111111111111111111111111111111111111111111111111111111111111110011000010110101111100101101110001100000101100010000010100111
000000000000000000000000000000000000000000000000000000000000000000000000000000000000000000011000010110101111100101101110001100000101100010000010100111
111111111111111111111111111111111111111111111111111111111111111111111111111111111111111111101000010110101111100101101110001100000101100010000010100111
111111111111111111111111111111111111111111111111111111111111111111111111111111111111111111110000010110101111100101101110001100000101100010000010100111
000000000000000000000000000000000000000000000000000000000000000000000000000000000000000000000000010110101111100101101110001100000101100010000010100111
000000000000000000000000000000000000000000000000000000000000000000000000000000000000000000000000010110101111100101101110001100000101100010000010100111
000000000000000000000000000000000000000000000000000000000000000000000000000000000000000000000000010110101111100101101110001100000101100010000010100111
000000000000000000000000000000000000000000000000000000000000000000000000000000000000000000000000010110101111100101101110001100000101100010000010100111
111111111111111111111111111111111111111111111111111111111111111111111111111111111111111111111111100110101111100101101110001100000101100010000010100111
000000000000000000000000000000000000000000000000000000000000000000000000000000000000000000000000000110101111100101101110001100000101100010000010100111
111111111111111111111111111111111111111111111111111111111111111111111111111111111111111111111111111010101111100101101110001100000101100010000010100111
111111111111111111111111111111111111111111111111111111111111111111111111111111111111111111111111111100101111100101101110001100000101100010000010100111
000000000000000000000000000000000000000000000000000000000000000000000000000000000000000000000000000000101111100101101110001100000101100010000010100111
111111111111111111111111111111111111111111111111111111111111111111111111111111111111111111111111111111001111100101101110001100000101100010000010100111
000000000000000000000000000000000000000000000000000000000000000000000000000000000000000000000000000000001111100101101110001100000101100010000010100111
111111111111111111111111111111111111111111111111111111111111111111111111111111111111111111111111111111110111100101101110001100000101100010000010100111
111111111111111111111111111111111111111111111111111111111111111111111111111111111111111111111111111111111011100101101110001100000101100010000010100111
111111111111111111111111111111111111111111111111111111111111111111111111111111111111111111111111111111111101100101101110001100000101100010000010100111
111111111111111111111111111111111111111111111111111111111111111111111111111111111111111111111111111111111110100101101110001100000101100010000010100111
111111111111111111111111111111111111111111111111111111111111111111111111111111111111111111111111111111111111000101101110001100000101100010000010100111
000000000000000000000000000000000000000000000000000000000000000000000000000000000000000000000000000000000000000101101110001100000101100010000010100111
000000000000000000000000000000000000000000000000000000000000000000000000000000000000000000000000000000000000000101101110001100000101100010000010100111
111111111111111111111111111111111111111111111111111111111111111111111111111111111111111111111111111111111111111001101110001100000101100010000010100111
000000000000000000000000000000000000000000000000000000000000000000000000000000000000000000000000000000000000000001101110001100000101100010000010100111
111111111111111111111111111111111111111111111111111111111111111111111111111111111111111111111111111111111111111110101110001100000101100010000010100111
111111111111111111111111111111111111111111111111111111111111111111111111111111111111111111111111111111111111111111001110001100000101100010000010100111
000000000000000000000000000000000000000000000000000000000000000000000000000000000000000000000000000000000000000000001110001100000101100010000010100111
111111111111111111111111111111111111111111111111111111111111111111111111111111111111111111111111111111111111111111110110001100000101100010000010100111
111111111111111111111111111111111111111111111111111111111111111111111111111111111111111111111111111111111111111111111010001100000101100010000010100111
111111111111111111111111111111111111111111111111111111111111111111111111111111111111111111111111111111111111111111111100001100000101100010000010100111
000000000000000000000000000000000000000000000000000000000000000000000000000000000000000000000000000000000000000000000000001100000101100010000010100111
000000000000000000000000000000000000000000000000000000000000000000000000000000000000000000000000000000000000000000000000001100000101100010000010100111
000000000000000000000000000000000000000000000000000000000000000000000000000000000000000000000000000000000000000000000000001100000101100010000010100111
111111111111111111111111111111111111111111111111111111111111111111111111111111111111111111111111111111111111111111111111110100000101100010000010100111
111111111111111111111111111111111111111111111111111111111111111111111111111111111111111111111111111111111111111111111111111000000101100010000010100111
000000000000000000000000000000000000000000000000000000000000000000000000000000000000000000000000000000000000000000000000000000000101100010000010100111
000000000000000000000000000000000000000000000000000000000000000000000000000000000000000000000000000000000000000000000000000000000101100010000010100111
000000000000000000000000000000000000000000000000000000000000000000000000000000000000000000000000000000000000000000000000000000000101100010000010100111
000000000000000000000000000000000000000000000000000000000000000000000000000000000000000000000000000000000000000000000000000000000101100010000010100111
000000000000000000000000000000000000000000000000000000000000000000000000000000000000000000000000000000000000000000000000000000000101100010000010100111
111111111111111111111111111111111111111111111111111111111111111111111111111111111111111111111111111111111111111111111111111111111001100010000010100111
000000000000000000000000000000000000000000000000000000000000000000000000000000000000000000000000000000000000000000000000000000000001100010000010100111
111111111111111111111111111111111111111111111111111111111111111111111111111111111111111111111111111111111111111111111111111111111110100010000010100111
111111111111111111111111111111111111111111111111111111111111111111111111111111111111111111111111111111111111111111111111111111111111000010000010100111
000000000000000000000000000000000000000000000000000000000000000000000000000000000000000000000000000000000000000000000000000000000000000010000010100111
000000000000000000000000000000000000000000000000000000000000000000000000000000000000000000000000000000000000000000000000000000000000000010000010100111
000000000000000000000000000000000000000000000000000000000000000000000000000000000000000000000000000000000000000000000000000000000000000010000010100111
111111111111111111111111111111111111111111111111111111111111111111111111111111111111111111111111111111111111111111111111111111111111111100000010100111
000000000000000000000000000000000000000000000000000000000000000000000000000000000000000000000000000000000000000000000000000000000000000000000010100111
000000000000000000000000000000000000000000000000000000000000000000000000000000000000000000000000000000000000000000000000000000000000000000000010100111
000000000000000000000000000000000000000000000000000000000000000000000000000000000000000000000000000000000000000000000000000000000000000000000010100111
000000000000000000000000000000000000000000000000000000000000000000000000000000000000000000000000000000000000000000000000000000000000000000000010100111
000000000000000000000000000000000000000000000000000000000000000000000000000000000000000000000000000000000000000000000000000000000000000000000010100111
111111111111111111111111111111111111111111111111111111111111111111111111111111111111111111111111111111111111111111111111111111111111111111111100100111
000000000000000000000000000000000000000000000000000000000000000000000000000000000000000000000000000000000000000000000000000000000000000000000000100111
111111111111111111111111111111111111111111111111111111111111111111111111111111111111111111111111111111111111111111111111111111111111111111111111000111
000000000000000000000000000000000000000000000000000000000000000000000000000000000000000000000000000000000000000000000000000000000000000000000000000111
000000000000000000000000000000000000000000000000000000000000000000000000000000000000000000000000000000000000000000000000000000000000000000000000000111
111111111111111111111111111111111111111111111111111111111111111111111111111111111111111111111111111111111111111111111111111111111111111111111111111011
111111111111111111111111111111111111111111111111111111111111111111111111111111111111111111111111111111111111111111111111111111111111111111111111111101
111111111111111111111111111111111111111111111111111111111111111111111111111111111111111111111111111111111111111111111111111111111111111111111111111110
