000000100010000100000010101100000001000100100001010110010010000100100010001001000001010011010000001110000000000010000000000000100000101010000011001000
000000100010000100000010101100000001000100100001010110010010000100100010001001000001010011010000001110000000000010000000000000100000101010000011001000
000000100010000100000010101100000001000100100001010110010010000100100010001001000001010011010000001110000000000010000000000000100000101010000011001000
000000100010000100000010101100000001000100100001010110010010000100100010001001000001010011010000001110000000000010000000000000100000101010000011001000
000000100010000100000010101100000001000100100001010110010010000100100010001001000001010011010000001110000000000010000000000000100000101010000011001000
000000100010000100000010101100000001000100100001010110010010000100100010001001000001010011010000001110000000000010000000000000100000101010000011001000
111111000010000100000010101100000001000100100001010110010010000100100010001001000001010011010000001110000000000010000000000000100000101010000011001000
000000000010000100000010101100000001000100100001010110010010000100100010001001000001010011010000001110000000000010000000000000100000101010000011001000
000000000010000100000010101100000001000100100001010110010010000100100010001001000001010011010000001110000000000010000000000000100000101010000011001000
000000000010000100000010101100000001000100100001010110010010000100100010001001000001010011010000001110000000000010000000000000100000101010000011001000
111111111100000100000010101100000001000100100001010110010010000100100010001001000001010011010000001110000000000010000000000000100000101010000011001000
000000000000000100000010101100000001000100100001010110010010000100100010001001000001010011010000001110000000000010000000000000100000101010000011001000
000000000000000100000010101100000001000100100001010110010010000100100010001001000001010011010000001110000000000010000000000000100000101010000011001000
000000000000000100000010101100000001000100100001010110010010000100100010001001000001010011010000001110000000000010000000000000100000101010000011001000
000000000000000100000010101100000001000100100001010110010010000100100010001001000001010011010000001110000000000010000000000000100000101010000011001000
111111111111111000000010101100000001000100100001010110010010000100100010001001000001010011010000001110000000000010000000000000100000101010000011001000
000000000000000000000010101100000001000100100001010110010010000100100010001001000001010011010000001110000000000010000000000000100000101010000011001000
000000000000000000000010101100000001000100100001010110010010000100100010001001000001010011010000001110000000000010000000000000100000101010000011001000
000000000000000000000010101100000001000100100001010110010010000100100010001001000001010011010000001110000000000010000000000000100000101010000011001000
000000000000000000000010101100000001000100100001010110010010000100100010001001000001010011010000001110000000000010000000000000100000101010000011001000
000000000000000000000010101100000001000100100001010110010010000100100010001001000001010011010000001110000000000010000000000000100000101010000011001000
000000000000000000000010101100000001000100100001010110010010000100100010001001000001010011010000001110000000000010000000000000100000101010000011001000
111111111111111111111100101100000001000100100001010110010010000100100010001001000001010011010000001110000000000010000000000000100000101010000011001000
000000000000000000000000101100000001000100100001010110010010000100100010001001000001010011010000001110000000000010000000000000100000101010000011001000
111111111111111111111111001100000001000100100001010110010010000100100010001001000001010011010000001110000000000010000000000000100000101010000011001000
000000000000000000000000001100000001000100100001010110010010000100100010001001000001010011010000001110000000000010000000000000100000101010000011001000
111111111111111111111111110100000001000100100001010110010010000100100010001001000001010011010000001110000000000010000000000000100000101010000011001000
111111111111111111111111111000000001000100100001010110010010000100100010001001000001010011010000001110000000000010000000000000100000101010000011001000
000000000000000000000000000000000001000100100001010110010010000100100010001001000001010011010000001110000000000010000000000000100000101010000011001000
000000000000000000000000000000000001000100100001010110010010000100100010001001000001010011010000001110000000000010000000000000100000101010000011001000
000000000000000000000000000000000001000100100001010110010010000100100010001001000001010011010000001110000000000010000000000000100000101010000011001000
000000000000000000000000000000000001000100100001010110010010000100100010001001000001010011010000001110000000000010000000000000100000101010000011001000
000000000000000000000000000000000001000100100001010110010010000100100010001001000001010011010000001110000000000010000000000000100000101010000011001000
000000000000000000000000000000000001000100100001010110010010000100100010001001000001010011010000001110000000000010000000000000100000101010000011001000
000000000000000000000000000000000001000100100001010110010010000100100010001001000001010011010000001110000000000010000000000000100000101010000011001000
111111111111111111111111111111111110000100100001010110010010000100100010001001000001010011010000001110000000000010000000000000100000101010000011001000
000000000000000000000000000000000000000100100001010110010010000100100010001001000001010011010000001110000000000010000000000000100000101010000011001000
000000000000000000000000000000000000000100100001010110010010000100100010001001000001010011010000001110000000000010000000000000100000101010000011001000
000000000000000000000000000000000000000100100001010110010010000100100010001001000001010011010000001110000000000010000000000000100000101010000011001000
111111111111111111111111111111111111111000100001010110010010000100100010001001000001010011010000001110000000000010000000000000100000101010000011001000
000000000000000000000000000000000000000000100001010110010010000100100010001001000001010011010000001110000000000010000000000000100000101010000011001000
000000000000000000000000000000000000000000100001010110010010000100100010001001000001010011010000001110000000000010000000000000100000101010000011001000
111111111111111111111111111111111111111111000001010110010010000100100010001001000001010011010000001110000000000010000000000000100000101010000011001000
000000000000000000000000000000000000000000000001010110010010000100100010001001000001010011010000001110000000000010000000000000100000101010000011001000
000000000000000000000000000000000000000000000001010110010010000100100010001001000001010011010000001110000000000010000000000000100000101010000011001000
000000000000000000000000000000000000000000000001010110010010000100100010001001000001010011010000001110000000000010000000000000100000101010000011001000
000000000000000000000000000000000000000000000001010110010010000100100010001001000001010011010000001110000000000010000000000000100000101010000011001000
111111111111111111111111111111111111111111111110010110010010000100100010001001000001010011010000001110000000000010000000000000100000101010000011001000
000000000000000000000000000000000000000000000000010110010010000100100010001001000001010011010000001110000000000010000000000000100000101010000011001000
111111111111111111111111111111111111111111111111100110010010000100100010001001000001010011010000001110000000000010000000000000100000101010000011001000
000000000000000000000000000000000000000000000000000110010010000100100010001001000001010011010000001110000000000010000000000000100000101010000011001000
111111111111111111111111111111111111111111111111111010010010000100100010001001000001010011010000001110000000000010000000000000100000101010000011001000
111111111111111111111111111111111111111111111111111100010010000100100010001001000001010011010000001110000000000010000000000000100000101010000011001000
000000000000000000000000000000000000000000000000000000010010000100100010001001000001010011010000001110000000000010000000000000100000101010000011001000
000000000000000000000000000000000000000000000000000000010010000100100010001001000001010011010000001110000000000010000000000000100000101010000011001000
111111111111111111111111111111111111111111111111111111100010000100100010001001000001010011010000001110000000000010000000000000100000101010000011001000
000000000000000000000000000000000000000000000000000000000010000100100010001001000001010011010000001110000000000010000000000000100000101010000011001000
000000000000000000000000000000000000000000000000000000000010000100100010001001000001010011010000001110000000000010000000000000100000101010000011001000
111111111111111111111111111111111111111111111111111111111100000100100010001001000001010011010000001110000000000010000000000000100000101010000011001000
000000000000000000000000000000000000000000000000000000000000000100100010001001000001010011010000001110000000000010000000000000100000101010000011001000
000000000000000000000000000000000000000000000000000000000000000100100010001001000001010011010000001110000000000010000000000000100000101010000011001000
000000000000000000000000000000000000000000000000000000000000000100100010001001000001010011010000001110000000000010000000000000100000101010000011001000
000000000000000000000000000000000000000000000000000000000000000100100010001001000001010011010000001110000000000010000000000000100000101010000011001000
111111111111111111111111111111111111111111111111111111111111111000100010001001000001010011010000001110000000000010000000000000100000101010000011001000
000000000000000000000000000000000000000000000000000000000000000000100010001001000001010011010000001110000000000010000000000000100000101010000011001000
000000000000000000000000000000000000000000000000000000000000000000100010001001000001010011010000001110000000000010000000000000100000101010000011001000
111111111111111111111111111111111111111111111111111111111111111111000010001001000001010011010000001110000000000010000000000000100000101010000011001000
000000000000000000000000000000000000000000000000000000000000000000000010001001000001010011010000001110000000000010000000000000100000101010000011001000
000000000000000000000000000000000000000000000000000000000000000000000010001001000001010011010000001110000000000010000000000000100000101010000011001000
000000000000000000000000000000000000000000000000000000000000000000000010001001000001010011010000001110000000000010000000000000100000101010000011001000
111111111111111111111111111111111111111111111111111111111111111111111100001001000001010011010000001110000000000010000000000000100000101010000011001000
000000000000000000000000000000000000000000000000000000000000000000000000001001000001010011010000001110000000000010000000000000100000101010000011001000
000000000000000000000000000000000000000000000000000000000000000000000000001001000001010011010000001110000000000010000000000000100000101010000011001000
000000000000000000000000000000000000000000000000000000000000000000000000001001000001010011010000001110000000000010000000000000100000101010000011001000
111111111111111111111111111111111111111111111111111111111111111111111111110001000001010011010000001110000000000010000000000000100000101010000011001000
000000000000000000000000000000000000000000000000000000000000000000000000000001000001010011010000001110000000000010000000000000100000101010000011001000
000000000000000000000000000000000000000000000000000000000000000000000000000001000001010011010000001110000000000010000000000000100000101010000011001000
111111111111111111111111111111111111111111111111111111111111111111111111111110000001010011010000001110000000000010000000000000100000101010000011001000
000000000000000000000000000000000000000000000000000000000000000000000000000000000001010011010000001110000000000010000000000000100000101010000011001000
000000000000000000000000000000000000000000000000000000000000000000000000000000000001010011010000001110000000000010000000000000100000101010000011001000
000000000000000000000000000000000000000000000000000000000000000000000000000000000001010011010000001110000000000010000000000000100000101010000011001000
000000000000000000000000000000000000000000000000000000000000000000000000000000000001010011010000001110000000000010000000000000100000101010000011001000
000000000000000000000000000000000000000000000000000000000000000000000000000000000001010011010000001110000000000010000000000000100000101010000011001000
111111111111111111111111111111111111111111111111111111111111111111111111111111111110010011010000001110000000000010000000000000100000101010000011001000
000000000000000000000000000000000000000000000000000000000000000000000000000000000000010011010000001110000000000010000000000000100000101010000011001000
111111111111111111111111111111111111111111111111111111111111111111111111111111111111100011010000001110000000000010000000000000100000101010000011001000
000000000000000000000000000000000000000000000000000000000000000000000000000000000000000011010000001110000000000010000000000000100000101010000011001000
000000000000000000000000000000000000000000000000000000000000000000000000000000000000000011010000001110000000000010000000000000100000101010000011001000
111111111111111111111111111111111111111111111111111111111111111111111111111111111111111101010000001110000000000010000000000000100000101010000011001000
111111111111111111111111111111111111111111111111111111111111111111111111111111111111111110010000001110000000000010000000000000100000101010000011001000
000000000000000000000000000000000000000000000000000000000000000000000000000000000000000000010000001110000000000010000000000000100000101010000011001000
111111111111111111111111111111111111111111111111111111111111111111111111111111111111111111100000001110000000000010000000000000100000101010000011001000
000000000000000000000000000000000000000000000000000000000000000000000000000000000000000000000000001110000000000010000000000000100000101010000011001000
000000000000000000000000000000000000000000000000000000000000000000000000000000000000000000000000001110000000000010000000000000100000101010000011001000
000000000000000000000000000000000000000000000000000000000000000000000000000000000000000000000000001110000000000010000000000000100000101010000011001000
000000000000000000000000000000000000000000000000000000000000000000000000000000000000000000000000001110000000000010000000000000100000101010000011001000
000000000000000000000000000000000000000000000000000000000000000000000000000000000000000000000000001110000000000010000000000000100000101010000011001000
000000000000000000000000000000000000000000000000000000000000000000000000000000000000000000000000001110000000000010000000000000100000101010000011001000
111111111111111111111111111111111111111111111111111111111111111111111111111111111111111111111111110110000000000010000000000000100000101010000011001000
111111111111111111111111111111111111111111111111111111111111111111111111111111111111111111111111111010000000000010000000000000100000101010000011001000
111111111111111111111111111111111111111111111111111111111111111111111111111111111111111111111111111100000000000010000000000000100000101010000011001000
000000000000000000000000000000000000000000000000000000000000000000000000000000000000000000000000000000000000000010000000000000100000101010000011001000
000000000000000000000000000000000000000000000000000000000000000000000000000000000000000000000000000000000000000010000000000000100000101010000011001000
000000000000000000000000000000000000000000000000000000000000000000000000000000000000000000000000000000000000000010000000000000100000101010000011001000
000000000000000000000000000000000000000000000000000000000000000000000000000000000000000000000000000000000000000010000000000000100000101010000011001000
000000000000000000000000000000000000000000000000000000000000000000000000000000000000000000000000000000000000000010000000000000100000101010000011001000
000000000000000000000000000000000000000000000000000000000000000000000000000000000000000000000000000000000000000010000000000000100000101010000011001000
000000000000000000000000000000000000000000000000000000000000000000000000000000000000000000000000000000000000000010000000000000100000101010000011001000
000000000000000000000000000000000000000000000000000000000000000000000000000000000000000000000000000000000000000010000000000000100000101010000011001000
000000000000000000000000000000000000000000000000000000000000000000000000000000000000000000000000000000000000000010000000000000100000101010000011001000
000000000000000000000000000000000000000000000000000000000000000000000000000000000000000000000000000000000000000010000000000000100000101010000011001000
000000000000000000000000000000000000000000000000000000000000000000000000000000000000000000000000000000000000000010000000000000100000101010000011001000
111111111111111111111111111111111111111111111111111111111111111111111111111111111111111111111111111111111111111100000000000000100000101010000011001000
000000000000000000000000000000000000000000000000000000000000000000000000000000000000000000000000000000000000000000000000000000100000101010000011001000
000000000000000000000000000000000000000000000000000000000000000000000000000000000000000000000000000000000000000000000000000000100000101010000011001000
000000000000000000000000000000000000000000000000000000000000000000000000000000000000000000000000000000000000000000000000000000100000101010000011001000
000000000000000000000000000000000000000000000000000000000000000000000000000000000000000000000000000000000000000000000000000000100000101010000011001000
000000000000000000000000000000000000000000000000000000000000000000000000000000000000000000000000000000000000000000000000000000100000101010000011001000
000000000000000000000000000000000000000000000000000000000000000000000000000000000000000000000000000000000000000000000000000000100000101010000011001000
000000000000000000000000000000000000000000000000000000000000000000000000000000000000000000000000000000000000000000000000000000100000101010000011001000
000000000000000000000000000000000000000000000000000000000000000000000000000000000000000000000000000000000000000000000000000000100000101010000011001000
000000000000000000000000000000000000000000000000000000000000000000000000000000000000000000000000000000000000000000000000000000100000101010000011001000
000000000000000000000000000000000000000000000000000000000000000000000000000000000000000000000000000000000000000000000000000000100000101010000011001000
000000000000000000000000000000000000000000000000000000000000000000000000000000000000000000000000000000000000000000000000000000100000101010000011001000
000000000000000000000000000000000000000000000000000000000000000000000000000000000000000000000000000000000000000000000000000000100000101010000011001000
000000000000000000000000000000000000000000000000000000000000000000000000000000000000000000000000000000000000000000000000000000100000101010000011001000
111111111111111111111111111111111111111111111111111111111111111111111111111111111111111111111111111111111111111111111111111111000000101010000011001000
000000000000000000000000000000000000000000000000000000000000000000000000000000000000000000000000000000000000000000000000000000000000101010000011001000
000000000000000000000000000000000000000000000000000000000000000000000000000000000000000000000000000000000000000000000000000000000000101010000011001000
000000000000000000000000000000000000000000000000000000000000000000000000000000000000000000000000000000000000000000000000000000000000101010000011001000
000000000000000000000000000000000000000000000000000000000000000000000000000000000000000000000000000000000000000000000000000000000000101010000011001000
000000000000000000000000000000000000000000000000000000000000000000000000000000000000000000000000000000000000000000000000000000000000101010000011001000
111111111111111111111111111111111111111111111111111111111111111111111111111111111111111111111111111111111111111111111111111111111111001010000011001000
000000000000000000000000000000000000000000000000000000000000000000000000000000000000000000000000000000000000000000000000000000000000001010000011001000
111111111111111111111111111111111111111111111111111111111111111111111111111111111111111111111111111111111111111111111111111111111111110010000011001000
000000000000000000000000000000000000000000000000000000000000000000000000000000000000000000000000000000000000000000000000000000000000000010000011001000
111111111111111111111111111111111111111111111111111111111111111111111111111111111111111111111111111111111111111111111111111111111111111100000011001000
000000000000000000000000000000000000000000000000000000000000000000000000000000000000000000000000000000000000000000000000000000000000000000000011001000
000000000000000000000000000000000000000000000000000000000000000000000000000000000000000000000000000000000000000000000000000000000000000000000011001000
000000000000000000000000000000000000000000000000000000000000000000000000000000000000000000000000000000000000000000000000000000000000000000000011001000
000000000000000000000000000000000000000000000000000000000000000000000000000000000000000000000000000000000000000000000000000000000000000000000011001000
000000000000000000000000000000000000000000000000000000000000000000000000000000000000000000000000000000000000000000000000000000000000000000000011001000
111111111111111111111111111111111111111111111111111111111111111111111111111111111111111111111111111111111111111111111111111111111111111111111101001000
111111111111111111111111111111111111111111111111111111111111111111111111111111111111111111111111111111111111111111111111111111111111111111111110001000
000000000000000000000000000000000000000000000000000000000000000000000000000000000000000000000000000000000000000000000000000000000000000000000000001000
000000000000000000000000000000000000000000000000000000000000000000000000000000000000000000000000000000000000000000000000000000000000000000000000001000
111111111111111111111111111111111111111111111111111111111111111111111111111111111111111111111111111111111111111111111111111111111111111111111111110000
000000000000000000000000000000000000000000000000000000000000000000000000000000000000000000000000000000000000000000000000000000000000000000000000000000
000000000000000000000000000000000000000000000000000000000000000000000000000000000000000000000000000000000000000000000000000000000000000000000000000000
000000000000000000000000000000000000000000000000000000000000000000000000000000000000000000000000000000000000000000000000000000000000000000000000000000
