001000010100110010001001100000
001000010100110010001001100000
110000010100110010001001100000
000000010100110010001001100000
000000010100110010001001100000
000000010100110010001001100000
000000010100110010001001100000
111111100100110010001001100000
000000000100110010001001100000
111111111000110010001001100000
000000000000110010001001100000
000000000000110010001001100000
111111111111010010001001100000
111111111111100010001001100000
000000000000000010001001100000
000000000000000010001001100000
111111111111111100001001100000
000000000000000000001001100000
000000000000000000001001100000
000000000000000000001001100000
111111111111111111110001100000
000000000000000000000001100000
000000000000000000000001100000
111111111111111111111110100000
111111111111111111111111000000
000000000000000000000000000000
000000000000000000000000000000
000000000000000000000000000000
000000000000000000000000000000
000000000000000000000000000000
