010110110101111111110101110111111011011101011110101101110111111111010111111111111111110110111111111110100110111101101101111111011101100111011110011111
100110110101111111110101110111111011011101011110101101110111111111010111111111111111110110111111111110100110111101101101111111011101100111011110011111
000110110101111111110101110111111011011101011110101101110111111111010111111111111111110110111111111110100110111101101101111111011101100111011110011111
111010110101111111110101110111111011011101011110101101110111111111010111111111111111110110111111111110100110111101101101111111011101100111011110011111
111100110101111111110101110111111011011101011110101101110111111111010111111111111111110110111111111110100110111101101101111111011101100111011110011111
000000110101111111110101110111111011011101011110101101110111111111010111111111111111110110111111111110100110111101101101111111011101100111011110011111
111111010101111111110101110111111011011101011110101101110111111111010111111111111111110110111111111110100110111101101101111111011101100111011110011111
111111100101111111110101110111111011011101011110101101110111111111010111111111111111110110111111111110100110111101101101111111011101100111011110011111
000000000101111111110101110111111011011101011110101101110111111111010111111111111111110110111111111110100110111101101101111111011101100111011110011111
111111111001111111110101110111111011011101011110101101110111111111010111111111111111110110111111111110100110111101101101111111011101100111011110011111
000000000001111111110101110111111011011101011110101101110111111111010111111111111111110110111111111110100110111101101101111111011101100111011110011111
111111111110111111110101110111111011011101011110101101110111111111010111111111111111110110111111111110100110111101101101111111011101100111011110011111
111111111111011111110101110111111011011101011110101101110111111111010111111111111111110110111111111110100110111101101101111111011101100111011110011111
111111111111101111110101110111111011011101011110101101110111111111010111111111111111110110111111111110100110111101101101111111011101100111011110011111
111111111111110111110101110111111011011101011110101101110111111111010111111111111111110110111111111110100110111101101101111111011101100111011110011111
111111111111111011110101110111111011011101011110101101110111111111010111111111111111110110111111111110100110111101101101111111011101100111011110011111
111111111111111101110101110111111011011101011110101101110111111111010111111111111111110110111111111110100110111101101101111111011101100111011110011111
111111111111111110110101110111111011011101011110101101110111111111010111111111111111110110111111111110100110111101101101111111011101100111011110011111
111111111111111111010101110111111011011101011110101101110111111111010111111111111111110110111111111110100110111101101101111111011101100111011110011111
111111111111111111100101110111111011011101011110101101110111111111010111111111111111110110111111111110100110111101101101111111011101100111011110011111
000000000000000000000101110111111011011101011110101101110111111111010111111111111111110110111111111110100110111101101101111111011101100111011110011111
111111111111111111111001110111111011011101011110101101110111111111010111111111111111110110111111111110100110111101101101111111011101100111011110011111
000000000000000000000001110111111011011101011110101101110111111111010111111111111111110110111111111110100110111101101101111111011101100111011110011111
111111111111111111111110110111111011011101011110101101110111111111010111111111111111110110111111111110100110111101101101111111011101100111011110011111
111111111111111111111111010111111011011101011110101101110111111111010111111111111111110110111111111110100110111101101101111111011101100111011110011111
111111111111111111111111100111111011011101011110101101110111111111010111111111111111110110111111111110100110111101101101111111011101100111011110011111
000000000000000000000000000111111011011101011110101101110111111111010111111111111111110110111111111110100110111101101101111111011101100111011110011111
111111111111111111111111111011111011011101011110101101110111111111010111111111111111110110111111111110100110111101101101111111011101100111011110011111
111111111111111111111111111101111011011101011110101101110111111111010111111111111111110110111111111110100110111101101101111111011101100111011110011111
111111111111111111111111111110111011011101011110101101110111111111010111111111111111110110111111111110100110111101101101111111011101100111011110011111
111111111111111111111111111111011011011101011110101101110111111111010111111111111111110110111111111110100110111101101101111111011101100111011110011111
111111111111111111111111111111101011011101011110101101110111111111010111111111111111110110111111111110100110111101101101111111011101100111011110011111
111111111111111111111111111111110011011101011110101101110111111111010111111111111111110110111111111110100110111101101101111111011101100111011110011111
000000000000000000000000000000000011011101011110101101110111111111010111111111111111110110111111111110100110111101101101111111011101100111011110011111
111111111111111111111111111111111101011101011110101101110111111111010111111111111111110110111111111110100110111101101101111111011101100111011110011111
111111111111111111111111111111111110011101011110101101110111111111010111111111111111110110111111111110100110111101101101111111011101100111011110011111
000000000000000000000000000000000000011101011110101101110111111111010111111111111111110110111111111110100110111101101101111111011101100111011110011111
111111111111111111111111111111111111101101011110101101110111111111010111111111111111110110111111111110100110111101101101111111011101100111011110011111
111111111111111111111111111111111111110101011110101101110111111111010111111111111111110110111111111110100110111101101101111111011101100111011110011111
111111111111111111111111111111111111111001011110101101110111111111010111111111111111110110111111111110100110111101101101111111011101100111011110011111
000000000000000000000000000000000000000001011110101101110111111111010111111111111111110110111111111110100110111101101101111111011101100111011110011111
111111111111111111111111111111111111111110011110101101110111111111010111111111111111110110111111111110100110111101101101111111011101100111011110011111
000000000000000000000000000000000000000000011110101101110111111111010111111111111111110110111111111110100110111101101101111111011101100111011110011111
111111111111111111111111111111111111111111101110101101110111111111010111111111111111110110111111111110100110111101101101111111011101100111011110011111
111111111111111111111111111111111111111111110110101101110111111111010111111111111111110110111111111110100110111101101101111111011101100111011110011111
111111111111111111111111111111111111111111111010101101110111111111010111111111111111110110111111111110100110111101101101111111011101100111011110011111
111111111111111111111111111111111111111111111100101101110111111111010111111111111111110110111111111110100110111101101101111111011101100111011110011111
000000000000000000000000000000000000000000000000101101110111111111010111111111111111110110111111111110100110111101101101111111011101100111011110011111
111111111111111111111111111111111111111111111111001101110111111111010111111111111111110110111111111110100110111101101101111111011101100111011110011111
000000000000000000000000000000000000000000000000001101110111111111010111111111111111110110111111111110100110111101101101111111011101100111011110011111
111111111111111111111111111111111111111111111111110101110111111111010111111111111111110110111111111110100110111101101101111111011101100111011110011111
111111111111111111111111111111111111111111111111111001110111111111010111111111111111110110111111111110100110111101101101111111011101100111011110011111
000000000000000000000000000000000000000000000000000001110111111111010111111111111111110110111111111110100110111101101101111111011101100111011110011111
111111111111111111111111111111111111111111111111111110110111111111010111111111111111110110111111111110100110111101101101111111011101100111011110011111
111111111111111111111111111111111111111111111111111111010111111111010111111111111111110110111111111110100110111101101101111111011101100111011110011111
111111111111111111111111111111111111111111111111111111100111111111010111111111111111110110111111111110100110111101101101111111011101100111011110011111
000000000000000000000000000000000000000000000000000000000111111111010111111111111111110110111111111110100110111101101101111111011101100111011110011111
111111111111111111111111111111111111111111111111111111111011111111010111111111111111110110111111111110100110111101101101111111011101100111011110011111
111111111111111111111111111111111111111111111111111111111101111111010111111111111111110110111111111110100110111101101101111111011101100111011110011111
111111111111111111111111111111111111111111111111111111111110111111010111111111111111110110111111111110100110111101101101111111011101100111011110011111
111111111111111111111111111111111111111111111111111111111111011111010111111111111111110110111111111110100110111101101101111111011101100111011110011111
111111111111111111111111111111111111111111111111111111111111101111010111111111111111110110111111111110100110111101101101111111011101100111011110011111
111111111111111111111111111111111111111111111111111111111111110111010111111111111111110110111111111110100110111101101101111111011101100111011110011111
111111111111111111111111111111111111111111111111111111111111111011010111111111111111110110111111111110100110111101101101111111011101100111011110011111
111111111111111111111111111111111111111111111111111111111111111101010111111111111111110110111111111110100110111101101101111111011101100111011110011111
111111111111111111111111111111111111111111111111111111111111111110010111111111111111110110111111111110100110111101101101111111011101100111011110011111
000000000000000000000000000000000000000000000000000000000000000000010111111111111111110110111111111110100110111101101101111111011101100111011110011111
111111111111111111111111111111111111111111111111111111111111111111100111111111111111110110111111111110100110111101101101111111011101100111011110011111
000000000000000000000000000000000000000000000000000000000000000000000111111111111111110110111111111110100110111101101101111111011101100111011110011111
111111111111111111111111111111111111111111111111111111111111111111111011111111111111110110111111111110100110111101101101111111011101100111011110011111
111111111111111111111111111111111111111111111111111111111111111111111101111111111111110110111111111110100110111101101101111111011101100111011110011111
111111111111111111111111111111111111111111111111111111111111111111111110111111111111110110111111111110100110111101101101111111011101100111011110011111
111111111111111111111111111111111111111111111111111111111111111111111111011111111111110110111111111110100110111101101101111111011101100111011110011111
111111111111111111111111111111111111111111111111111111111111111111111111101111111111110110111111111110100110111101101101111111011101100111011110011111
111111111111111111111111111111111111111111111111111111111111111111111111110111111111110110111111111110100110111101101101111111011101100111011110011111
111111111111111111111111111111111111111111111111111111111111111111111111111011111111110110111111111110100110111101101101111111011101100111011110011111
111111111111111111111111111111111111111111111111111111111111111111111111111101111111110110111111111110100110111101101101111111011101100111011110011111
111111111111111111111111111111111111111111111111111111111111111111111111111110111111110110111111111110100110111101101101111111011101100111011110011111
111111111111111111111111111111111111111111111111111111111111111111111111111111011111110110111111111110100110111101101101111111011101100111011110011111
111111111111111111111111111111111111111111111111111111111111111111111111111111101111110110111111111110100110111101101101111111011101100111011110011111
111111111111111111111111111111111111111111111111111111111111111111111111111111110111110110111111111110100110111101101101111111011101100111011110011111
111111111111111111111111111111111111111111111111111111111111111111111111111111111011110110111111111110100110111101101101111111011101100111011110011111
111111111111111111111111111111111111111111111111111111111111111111111111111111111101110110111111111110100110111101101101111111011101100111011110011111
111111111111111111111111111111111111111111111111111111111111111111111111111111111110110110111111111110100110111101101101111111011101100111011110011111
111111111111111111111111111111111111111111111111111111111111111111111111111111111111010110111111111110100110111101101101111111011101100111011110011111
111111111111111111111111111111111111111111111111111111111111111111111111111111111111100110111111111110100110111101101101111111011101100111011110011111
000000000000000000000000000000000000000000000000000000000000000000000000000000000000000110111111111110100110111101101101111111011101100111011110011111
111111111111111111111111111111111111111111111111111111111111111111111111111111111111111010111111111110100110111101101101111111011101100111011110011111
111111111111111111111111111111111111111111111111111111111111111111111111111111111111111100111111111110100110111101101101111111011101100111011110011111
000000000000000000000000000000000000000000000000000000000000000000000000000000000000000000111111111110100110111101101101111111011101100111011110011111
111111111111111111111111111111111111111111111111111111111111111111111111111111111111111111011111111110100110111101101101111111011101100111011110011111
111111111111111111111111111111111111111111111111111111111111111111111111111111111111111111101111111110100110111101101101111111011101100111011110011111
111111111111111111111111111111111111111111111111111111111111111111111111111111111111111111110111111110100110111101101101111111011101100111011110011111
111111111111111111111111111111111111111111111111111111111111111111111111111111111111111111111011111110100110111101101101111111011101100111011110011111
111111111111111111111111111111111111111111111111111111111111111111111111111111111111111111111101111110100110111101101101111111011101100111011110011111
111111111111111111111111111111111111111111111111111111111111111111111111111111111111111111111110111110100110111101101101111111011101100111011110011111
111111111111111111111111111111111111111111111111111111111111111111111111111111111111111111111111011110100110111101101101111111011101100111011110011111
111111111111111111111111111111111111111111111111111111111111111111111111111111111111111111111111101110100110111101101101111111011101100111011110011111
111111111111111111111111111111111111111111111111111111111111111111111111111111111111111111111111110110100110111101101101111111011101100111011110011111
111111111111111111111111111111111111111111111111111111111111111111111111111111111111111111111111111010100110111101101101111111011101100111011110011111
111111111111111111111111111111111111111111111111111111111111111111111111111111111111111111111111111100100110111101101101111111011101100111011110011111
000000000000000000000000000000000000000000000000000000000000000000000000000000000000000000000000000000100110111101101101111111011101100111011110011111
111111111111111111111111111111111111111111111111111111111111111111111111111111111111111111111111111111000110111101101101111111011101100111011110011111
000000000000000000000000000000000000000000000000000000000000000000000000000000000000000000000000000000000110111101101101111111011101100111011110011111
000000000000000000000000000000000000000000000000000000000000000000000000000000000000000000000000000000000110111101101101111111011101100111011110011111
111111111111111111111111111111111111111111111111111111111111111111111111111111111111111111111111111111111010111101101101111111011101100111011110011111
111111111111111111111111111111111111111111111111111111111111111111111111111111111111111111111111111111111100111101101101111111011101100111011110011111
000000000000000000000000000000000000000000000000000000000000000000000000000000000000000000000000000000000000111101101101111111011101100111011110011111
111111111111111111111111111111111111111111111111111111111111111111111111111111111111111111111111111111111111011101101101111111011101100111011110011111
111111111111111111111111111111111111111111111111111111111111111111111111111111111111111111111111111111111111101101101101111111011101100111011110011111
111111111111111111111111111111111111111111111111111111111111111111111111111111111111111111111111111111111111110101101101111111011101100111011110011111
111111111111111111111111111111111111111111111111111111111111111111111111111111111111111111111111111111111111111001101101111111011101100111011110011111
000000000000000000000000000000000000000000000000000000000000000000000000000000000000000000000000000000000000000001101101111111011101100111011110011111
111111111111111111111111111111111111111111111111111111111111111111111111111111111111111111111111111111111111111110101101111111011101100111011110011111
111111111111111111111111111111111111111111111111111111111111111111111111111111111111111111111111111111111111111111001101111111011101100111011110011111
000000000000000000000000000000000000000000000000000000000000000000000000000000000000000000000000000000000000000000001101111111011101100111011110011111
111111111111111111111111111111111111111111111111111111111111111111111111111111111111111111111111111111111111111111110101111111011101100111011110011111
111111111111111111111111111111111111111111111111111111111111111111111111111111111111111111111111111111111111111111111001111111011101100111011110011111
000000000000000000000000000000000000000000000000000000000000000000000000000000000000000000000000000000000000000000000001111111011101100111011110011111
111111111111111111111111111111111111111111111111111111111111111111111111111111111111111111111111111111111111111111111110111111011101100111011110011111
111111111111111111111111111111111111111111111111111111111111111111111111111111111111111111111111111111111111111111111111011111011101100111011110011111
111111111111111111111111111111111111111111111111111111111111111111111111111111111111111111111111111111111111111111111111101111011101100111011110011111
111111111111111111111111111111111111111111111111111111111111111111111111111111111111111111111111111111111111111111111111110111011101100111011110011111
111111111111111111111111111111111111111111111111111111111111111111111111111111111111111111111111111111111111111111111111111011011101100111011110011111
111111111111111111111111111111111111111111111111111111111111111111111111111111111111111111111111111111111111111111111111111101011101100111011110011111
111111111111111111111111111111111111111111111111111111111111111111111111111111111111111111111111111111111111111111111111111110011101100111011110011111
000000000000000000000000000000000000000000000000000000000000000000000000000000000000000000000000000000000000000000000000000000011101100111011110011111
111111111111111111111111111111111111111111111111111111111111111111111111111111111111111111111111111111111111111111111111111111101101100111011110011111
111111111111111111111111111111111111111111111111111111111111111111111111111111111111111111111111111111111111111111111111111111110101100111011110011111
111111111111111111111111111111111111111111111111111111111111111111111111111111111111111111111111111111111111111111111111111111111001100111011110011111
000000000000000000000000000000000000000000000000000000000000000000000000000000000000000000000000000000000000000000000000000000000001100111011110011111
111111111111111111111111111111111111111111111111111111111111111111111111111111111111111111111111111111111111111111111111111111111110100111011110011111
111111111111111111111111111111111111111111111111111111111111111111111111111111111111111111111111111111111111111111111111111111111111000111011110011111
000000000000000000000000000000000000000000000000000000000000000000000000000000000000000000000000000000000000000000000000000000000000000111011110011111
000000000000000000000000000000000000000000000000000000000000000000000000000000000000000000000000000000000000000000000000000000000000000111011110011111
111111111111111111111111111111111111111111111111111111111111111111111111111111111111111111111111111111111111111111111111111111111111111011011110011111
111111111111111111111111111111111111111111111111111111111111111111111111111111111111111111111111111111111111111111111111111111111111111101011110011111
111111111111111111111111111111111111111111111111111111111111111111111111111111111111111111111111111111111111111111111111111111111111111110011110011111
000000000000000000000000000000000000000000000000000000000000000000000000000000000000000000000000000000000000000000000000000000000000000000011110011111
111111111111111111111111111111111111111111111111111111111111111111111111111111111111111111111111111111111111111111111111111111111111111111101110011111
111111111111111111111111111111111111111111111111111111111111111111111111111111111111111111111111111111111111111111111111111111111111111111110110011111
111111111111111111111111111111111111111111111111111111111111111111111111111111111111111111111111111111111111111111111111111111111111111111111010011111
111111111111111111111111111111111111111111111111111111111111111111111111111111111111111111111111111111111111111111111111111111111111111111111100011111
000000000000000000000000000000000000000000000000000000000000000000000000000000000000000000000000000000000000000000000000000000000000000000000000011111
000000000000000000000000000000000000000000000000000000000000000000000000000000000000000000000000000000000000000000000000000000000000000000000000011111
111111111111111111111111111111111111111111111111111111111111111111111111111111111111111111111111111111111111111111111111111111111111111111111111101111
111111111111111111111111111111111111111111111111111111111111111111111111111111111111111111111111111111111111111111111111111111111111111111111111110111
111111111111111111111111111111111111111111111111111111111111111111111111111111111111111111111111111111111111111111111111111111111111111111111111111011
111111111111111111111111111111111111111111111111111111111111111111111111111111111111111111111111111111111111111111111111111111111111111111111111111101
111111111111111111111111111111111111111111111111111111111111111111111111111111111111111111111111111111111111111111111111111111111111111111111111111110
