01111111111111111101111111001010101010001001111111110111011111011110100111111011
10111111111111111101111111001010101010001001111111110111011111011110100111111011
11011111111111111101111111001010101010001001111111110111011111011110100111111011
11101111111111111101111111001010101010001001111111110111011111011110100111111011
11110111111111111101111111001010101010001001111111110111011111011110100111111011
11111011111111111101111111001010101010001001111111110111011111011110100111111011
11111101111111111101111111001010101010001001111111110111011111011110100111111011
11111110111111111101111111001010101010001001111111110111011111011110100111111011
11111111011111111101111111001010101010001001111111110111011111011110100111111011
11111111101111111101111111001010101010001001111111110111011111011110100111111011
11111111110111111101111111001010101010001001111111110111011111011110100111111011
11111111111011111101111111001010101010001001111111110111011111011110100111111011
11111111111101111101111111001010101010001001111111110111011111011110100111111011
11111111111110111101111111001010101010001001111111110111011111011110100111111011
11111111111111011101111111001010101010001001111111110111011111011110100111111011
11111111111111101101111111001010101010001001111111110111011111011110100111111011
11111111111111110101111111001010101010001001111111110111011111011110100111111011
11111111111111111001111111001010101010001001111111110111011111011110100111111011
00000000000000000001111111001010101010001001111111110111011111011110100111111011
11111111111111111110111111001010101010001001111111110111011111011110100111111011
11111111111111111111011111001010101010001001111111110111011111011110100111111011
11111111111111111111101111001010101010001001111111110111011111011110100111111011
11111111111111111111110111001010101010001001111111110111011111011110100111111011
11111111111111111111111011001010101010001001111111110111011111011110100111111011
11111111111111111111111101001010101010001001111111110111011111011110100111111011
11111111111111111111111110001010101010001001111111110111011111011110100111111011
00000000000000000000000000001010101010001001111111110111011111011110100111111011
00000000000000000000000000001010101010001001111111110111011111011110100111111011
11111111111111111111111111110010101010001001111111110111011111011110100111111011
00000000000000000000000000000010101010001001111111110111011111011110100111111011
11111111111111111111111111111100101010001001111111110111011111011110100111111011
00000000000000000000000000000000101010001001111111110111011111011110100111111011
11111111111111111111111111111111001010001001111111110111011111011110100111111011
00000000000000000000000000000000001010001001111111110111011111011110100111111011
11111111111111111111111111111111110010001001111111110111011111011110100111111011
00000000000000000000000000000000000010001001111111110111011111011110100111111011
11111111111111111111111111111111111100001001111111110111011111011110100111111011
00000000000000000000000000000000000000001001111111110111011111011110100111111011
00000000000000000000000000000000000000001001111111110111011111011110100111111011
00000000000000000000000000000000000000001001111111110111011111011110100111111011
11111111111111111111111111111111111111110001111111110111011111011110100111111011
00000000000000000000000000000000000000000001111111110111011111011110100111111011
00000000000000000000000000000000000000000001111111110111011111011110100111111011
11111111111111111111111111111111111111111110111111110111011111011110100111111011
11111111111111111111111111111111111111111111011111110111011111011110100111111011
11111111111111111111111111111111111111111111101111110111011111011110100111111011
11111111111111111111111111111111111111111111110111110111011111011110100111111011
11111111111111111111111111111111111111111111111011110111011111011110100111111011
11111111111111111111111111111111111111111111111101110111011111011110100111111011
11111111111111111111111111111111111111111111111110110111011111011110100111111011
11111111111111111111111111111111111111111111111111010111011111011110100111111011
11111111111111111111111111111111111111111111111111100111011111011110100111111011
00000000000000000000000000000000000000000000000000000111011111011110100111111011
11111111111111111111111111111111111111111111111111111011011111011110100111111011
11111111111111111111111111111111111111111111111111111101011111011110100111111011
11111111111111111111111111111111111111111111111111111110011111011110100111111011
00000000000000000000000000000000000000000000000000000000011111011110100111111011
11111111111111111111111111111111111111111111111111111111101111011110100111111011
11111111111111111111111111111111111111111111111111111111110111011110100111111011
11111111111111111111111111111111111111111111111111111111111011011110100111111011
11111111111111111111111111111111111111111111111111111111111101011110100111111011
11111111111111111111111111111111111111111111111111111111111110011110100111111011
00000000000000000000000000000000000000000000000000000000000000011110100111111011
11111111111111111111111111111111111111111111111111111111111111101110100111111011
11111111111111111111111111111111111111111111111111111111111111110110100111111011
11111111111111111111111111111111111111111111111111111111111111111010100111111011
11111111111111111111111111111111111111111111111111111111111111111100100111111011
00000000000000000000000000000000000000000000000000000000000000000000100111111011
11111111111111111111111111111111111111111111111111111111111111111111000111111011
00000000000000000000000000000000000000000000000000000000000000000000000111111011
00000000000000000000000000000000000000000000000000000000000000000000000111111011
11111111111111111111111111111111111111111111111111111111111111111111111011111011
11111111111111111111111111111111111111111111111111111111111111111111111101111011
11111111111111111111111111111111111111111111111111111111111111111111111110111011
11111111111111111111111111111111111111111111111111111111111111111111111111011011
11111111111111111111111111111111111111111111111111111111111111111111111111101011
11111111111111111111111111111111111111111111111111111111111111111111111111110011
00000000000000000000000000000000000000000000000000000000000000000000000000000011
11111111111111111111111111111111111111111111111111111111111111111111111111111101
11111111111111111111111111111111111111111111111111111111111111111111111111111110
