000000000000100000000000000001
000000000000100000000000000001
000000000000100000000000000001
000000000000100000000000000001
000000000000100000000000000001
000000000000100000000000000001
000000000000100000000000000001
000000000000100000000000000001
000000000000100000000000000001
000000000000100000000000000001
000000000000100000000000000001
000000000000100000000000000001
111111111111000000000000000001
000000000000000000000000000001
000000000000000000000000000001
000000000000000000000000000001
000000000000000000000000000001
000000000000000000000000000001
000000000000000000000000000001
000000000000000000000000000001
000000000000000000000000000001
000000000000000000000000000001
000000000000000000000000000001
000000000000000000000000000001
000000000000000000000000000001
000000000000000000000000000001
000000000000000000000000000001
000000000000000000000000000001
000000000000000000000000000001
111111111111111111111111111110
