011011111101111101111111111101
101011111101111101111111111101
110011111101111101111111111101
000011111101111101111111111101
111101111101111101111111111101
111110111101111101111111111101
111111011101111101111111111101
111111101101111101111111111101
111111110101111101111111111101
111111111001111101111111111101
000000000001111101111111111101
111111111110111101111111111101
111111111111011101111111111101
111111111111101101111111111101
111111111111110101111111111101
111111111111111001111111111101
000000000000000001111111111101
111111111111111110111111111101
111111111111111111011111111101
111111111111111111101111111101
111111111111111111110111111101
111111111111111111111011111101
111111111111111111111101111101
111111111111111111111110111101
111111111111111111111111011101
111111111111111111111111101101
111111111111111111111111110101
111111111111111111111111111001
000000000000000000000000000001
111111111111111111111111111110
