0111110111101101101011001110101101110111001111001111001111110011111101111111111101111010111110111011
1011110111101101101011001110101101110111001111001111001111110011111101111111111101111010111110111011
1101110111101101101011001110101101110111001111001111001111110011111101111111111101111010111110111011
1110110111101101101011001110101101110111001111001111001111110011111101111111111101111010111110111011
1111010111101101101011001110101101110111001111001111001111110011111101111111111101111010111110111011
1111100111101101101011001110101101110111001111001111001111110011111101111111111101111010111110111011
0000000111101101101011001110101101110111001111001111001111110011111101111111111101111010111110111011
1111111011101101101011001110101101110111001111001111001111110011111101111111111101111010111110111011
1111111101101101101011001110101101110111001111001111001111110011111101111111111101111010111110111011
1111111110101101101011001110101101110111001111001111001111110011111101111111111101111010111110111011
1111111111001101101011001110101101110111001111001111001111110011111101111111111101111010111110111011
0000000000001101101011001110101101110111001111001111001111110011111101111111111101111010111110111011
1111111111110101101011001110101101110111001111001111001111110011111101111111111101111010111110111011
1111111111111001101011001110101101110111001111001111001111110011111101111111111101111010111110111011
0000000000000001101011001110101101110111001111001111001111110011111101111111111101111010111110111011
1111111111111110101011001110101101110111001111001111001111110011111101111111111101111010111110111011
1111111111111111001011001110101101110111001111001111001111110011111101111111111101111010111110111011
0000000000000000001011001110101101110111001111001111001111110011111101111111111101111010111110111011
1111111111111111110011001110101101110111001111001111001111110011111101111111111101111010111110111011
0000000000000000000011001110101101110111001111001111001111110011111101111111111101111010111110111011
1111111111111111111101001110101101110111001111001111001111110011111101111111111101111010111110111011
1111111111111111111110001110101101110111001111001111001111110011111101111111111101111010111110111011
0000000000000000000000001110101101110111001111001111001111110011111101111111111101111010111110111011
0000000000000000000000001110101101110111001111001111001111110011111101111111111101111010111110111011
1111111111111111111111110110101101110111001111001111001111110011111101111111111101111010111110111011
1111111111111111111111111010101101110111001111001111001111110011111101111111111101111010111110111011
1111111111111111111111111100101101110111001111001111001111110011111101111111111101111010111110111011
0000000000000000000000000000101101110111001111001111001111110011111101111111111101111010111110111011
1111111111111111111111111111001101110111001111001111001111110011111101111111111101111010111110111011
0000000000000000000000000000001101110111001111001111001111110011111101111111111101111010111110111011
1111111111111111111111111111110101110111001111001111001111110011111101111111111101111010111110111011
1111111111111111111111111111111001110111001111001111001111110011111101111111111101111010111110111011
0000000000000000000000000000000001110111001111001111001111110011111101111111111101111010111110111011
1111111111111111111111111111111110110111001111001111001111110011111101111111111101111010111110111011
1111111111111111111111111111111111010111001111001111001111110011111101111111111101111010111110111011
1111111111111111111111111111111111100111001111001111001111110011111101111111111101111010111110111011
0000000000000000000000000000000000000111001111001111001111110011111101111111111101111010111110111011
1111111111111111111111111111111111111011001111001111001111110011111101111111111101111010111110111011
1111111111111111111111111111111111111101001111001111001111110011111101111111111101111010111110111011
1111111111111111111111111111111111111110001111001111001111110011111101111111111101111010111110111011
0000000000000000000000000000000000000000001111001111001111110011111101111111111101111010111110111011
0000000000000000000000000000000000000000001111001111001111110011111101111111111101111010111110111011
1111111111111111111111111111111111111111110111001111001111110011111101111111111101111010111110111011
1111111111111111111111111111111111111111111011001111001111110011111101111111111101111010111110111011
1111111111111111111111111111111111111111111101001111001111110011111101111111111101111010111110111011
1111111111111111111111111111111111111111111110001111001111110011111101111111111101111010111110111011
0000000000000000000000000000000000000000000000001111001111110011111101111111111101111010111110111011
0000000000000000000000000000000000000000000000001111001111110011111101111111111101111010111110111011
1111111111111111111111111111111111111111111111110111001111110011111101111111111101111010111110111011
1111111111111111111111111111111111111111111111111011001111110011111101111111111101111010111110111011
1111111111111111111111111111111111111111111111111101001111110011111101111111111101111010111110111011
1111111111111111111111111111111111111111111111111110001111110011111101111111111101111010111110111011
0000000000000000000000000000000000000000000000000000001111110011111101111111111101111010111110111011
0000000000000000000000000000000000000000000000000000001111110011111101111111111101111010111110111011
1111111111111111111111111111111111111111111111111111110111110011111101111111111101111010111110111011
1111111111111111111111111111111111111111111111111111111011110011111101111111111101111010111110111011
1111111111111111111111111111111111111111111111111111111101110011111101111111111101111010111110111011
1111111111111111111111111111111111111111111111111111111110110011111101111111111101111010111110111011
1111111111111111111111111111111111111111111111111111111111010011111101111111111101111010111110111011
1111111111111111111111111111111111111111111111111111111111100011111101111111111101111010111110111011
0000000000000000000000000000000000000000000000000000000000000011111101111111111101111010111110111011
0000000000000000000000000000000000000000000000000000000000000011111101111111111101111010111110111011
1111111111111111111111111111111111111111111111111111111111111101111101111111111101111010111110111011
1111111111111111111111111111111111111111111111111111111111111110111101111111111101111010111110111011
1111111111111111111111111111111111111111111111111111111111111111011101111111111101111010111110111011
1111111111111111111111111111111111111111111111111111111111111111101101111111111101111010111110111011
1111111111111111111111111111111111111111111111111111111111111111110101111111111101111010111110111011
1111111111111111111111111111111111111111111111111111111111111111111001111111111101111010111110111011
0000000000000000000000000000000000000000000000000000000000000000000001111111111101111010111110111011
1111111111111111111111111111111111111111111111111111111111111111111110111111111101111010111110111011
1111111111111111111111111111111111111111111111111111111111111111111111011111111101111010111110111011
1111111111111111111111111111111111111111111111111111111111111111111111101111111101111010111110111011
1111111111111111111111111111111111111111111111111111111111111111111111110111111101111010111110111011
1111111111111111111111111111111111111111111111111111111111111111111111111011111101111010111110111011
1111111111111111111111111111111111111111111111111111111111111111111111111101111101111010111110111011
1111111111111111111111111111111111111111111111111111111111111111111111111110111101111010111110111011
1111111111111111111111111111111111111111111111111111111111111111111111111111011101111010111110111011
1111111111111111111111111111111111111111111111111111111111111111111111111111101101111010111110111011
1111111111111111111111111111111111111111111111111111111111111111111111111111110101111010111110111011
1111111111111111111111111111111111111111111111111111111111111111111111111111111001111010111110111011
0000000000000000000000000000000000000000000000000000000000000000000000000000000001111010111110111011
1111111111111111111111111111111111111111111111111111111111111111111111111111111110111010111110111011
1111111111111111111111111111111111111111111111111111111111111111111111111111111111011010111110111011
1111111111111111111111111111111111111111111111111111111111111111111111111111111111101010111110111011
1111111111111111111111111111111111111111111111111111111111111111111111111111111111110010111110111011
0000000000000000000000000000000000000000000000000000000000000000000000000000000000000010111110111011
1111111111111111111111111111111111111111111111111111111111111111111111111111111111111100111110111011
0000000000000000000000000000000000000000000000000000000000000000000000000000000000000000111110111011
1111111111111111111111111111111111111111111111111111111111111111111111111111111111111111011110111011
1111111111111111111111111111111111111111111111111111111111111111111111111111111111111111101110111011
1111111111111111111111111111111111111111111111111111111111111111111111111111111111111111110110111011
1111111111111111111111111111111111111111111111111111111111111111111111111111111111111111111010111011
1111111111111111111111111111111111111111111111111111111111111111111111111111111111111111111100111011
0000000000000000000000000000000000000000000000000000000000000000000000000000000000000000000000111011
1111111111111111111111111111111111111111111111111111111111111111111111111111111111111111111111011011
1111111111111111111111111111111111111111111111111111111111111111111111111111111111111111111111101011
1111111111111111111111111111111111111111111111111111111111111111111111111111111111111111111111110011
0000000000000000000000000000000000000000000000000000000000000000000000000000000000000000000000000011
1111111111111111111111111111111111111111111111111111111111111111111111111111111111111111111111111101
1111111111111111111111111111111111111111111111111111111111111111111111111111111111111111111111111110
