011111011110111010101100111111
101111011110111010101100111111
110111011110111010101100111111
111011011110111010101100111111
111101011110111010101100111111
111110011110111010101100111111
000000011110111010101100111111
111111101110111010101100111111
111111110110111010101100111111
111111111010111010101100111111
111111111100111010101100111111
000000000000111010101100111111
111111111111011010101100111111
111111111111101010101100111111
111111111111110010101100111111
000000000000000010101100111111
111111111111111100101100111111
000000000000000000101100111111
111111111111111111001100111111
000000000000000000001100111111
111111111111111111110100111111
111111111111111111111000111111
000000000000000000000000111111
000000000000000000000000111111
111111111111111111111111011111
111111111111111111111111101111
111111111111111111111111110111
111111111111111111111111111011
111111111111111111111111111101
111111111111111111111111111110
