000111011001001000000010000000000000100010000001100101000000000011011001000001000010000010
000111011001001000000010000000000000100010000001100101000000000011011001000001000010000010
000111011001001000000010000000000000100010000001100101000000000011011001000001000010000010
111011011001001000000010000000000000100010000001100101000000000011011001000001000010000010
111101011001001000000010000000000000100010000001100101000000000011011001000001000010000010
111110011001001000000010000000000000100010000001100101000000000011011001000001000010000010
000000011001001000000010000000000000100010000001100101000000000011011001000001000010000010
111111101001001000000010000000000000100010000001100101000000000011011001000001000010000010
111111110001001000000010000000000000100010000001100101000000000011011001000001000010000010
000000000001001000000010000000000000100010000001100101000000000011011001000001000010000010
000000000001001000000010000000000000100010000001100101000000000011011001000001000010000010
111111111110001000000010000000000000100010000001100101000000000011011001000001000010000010
000000000000001000000010000000000000100010000001100101000000000011011001000001000010000010
000000000000001000000010000000000000100010000001100101000000000011011001000001000010000010
111111111111110000000010000000000000100010000001100101000000000011011001000001000010000010
000000000000000000000010000000000000100010000001100101000000000011011001000001000010000010
000000000000000000000010000000000000100010000001100101000000000011011001000001000010000010
000000000000000000000010000000000000100010000001100101000000000011011001000001000010000010
000000000000000000000010000000000000100010000001100101000000000011011001000001000010000010
000000000000000000000010000000000000100010000001100101000000000011011001000001000010000010
000000000000000000000010000000000000100010000001100101000000000011011001000001000010000010
000000000000000000000010000000000000100010000001100101000000000011011001000001000010000010
111111111111111111111100000000000000100010000001100101000000000011011001000001000010000010
000000000000000000000000000000000000100010000001100101000000000011011001000001000010000010
000000000000000000000000000000000000100010000001100101000000000011011001000001000010000010
000000000000000000000000000000000000100010000001100101000000000011011001000001000010000010
000000000000000000000000000000000000100010000001100101000000000011011001000001000010000010
000000000000000000000000000000000000100010000001100101000000000011011001000001000010000010
000000000000000000000000000000000000100010000001100101000000000011011001000001000010000010
000000000000000000000000000000000000100010000001100101000000000011011001000001000010000010
000000000000000000000000000000000000100010000001100101000000000011011001000001000010000010
000000000000000000000000000000000000100010000001100101000000000011011001000001000010000010
000000000000000000000000000000000000100010000001100101000000000011011001000001000010000010
000000000000000000000000000000000000100010000001100101000000000011011001000001000010000010
000000000000000000000000000000000000100010000001100101000000000011011001000001000010000010
000000000000000000000000000000000000100010000001100101000000000011011001000001000010000010
111111111111111111111111111111111111000010000001100101000000000011011001000001000010000010
000000000000000000000000000000000000000010000001100101000000000011011001000001000010000010
000000000000000000000000000000000000000010000001100101000000000011011001000001000010000010
000000000000000000000000000000000000000010000001100101000000000011011001000001000010000010
111111111111111111111111111111111111111100000001100101000000000011011001000001000010000010
000000000000000000000000000000000000000000000001100101000000000011011001000001000010000010
000000000000000000000000000000000000000000000001100101000000000011011001000001000010000010
000000000000000000000000000000000000000000000001100101000000000011011001000001000010000010
000000000000000000000000000000000000000000000001100101000000000011011001000001000010000010
000000000000000000000000000000000000000000000001100101000000000011011001000001000010000010
000000000000000000000000000000000000000000000001100101000000000011011001000001000010000010
111111111111111111111111111111111111111111111110100101000000000011011001000001000010000010
111111111111111111111111111111111111111111111111000101000000000011011001000001000010000010
000000000000000000000000000000000000000000000000000101000000000011011001000001000010000010
000000000000000000000000000000000000000000000000000101000000000011011001000001000010000010
111111111111111111111111111111111111111111111111111001000000000011011001000001000010000010
000000000000000000000000000000000000000000000000000001000000000011011001000001000010000010
111111111111111111111111111111111111111111111111111110000000000011011001000001000010000010
000000000000000000000000000000000000000000000000000000000000000011011001000001000010000010
000000000000000000000000000000000000000000000000000000000000000011011001000001000010000010
000000000000000000000000000000000000000000000000000000000000000011011001000001000010000010
000000000000000000000000000000000000000000000000000000000000000011011001000001000010000010
000000000000000000000000000000000000000000000000000000000000000011011001000001000010000010
000000000000000000000000000000000000000000000000000000000000000011011001000001000010000010
000000000000000000000000000000000000000000000000000000000000000011011001000001000010000010
000000000000000000000000000000000000000000000000000000000000000011011001000001000010000010
000000000000000000000000000000000000000000000000000000000000000011011001000001000010000010
000000000000000000000000000000000000000000000000000000000000000011011001000001000010000010
111111111111111111111111111111111111111111111111111111111111111101011001000001000010000010
111111111111111111111111111111111111111111111111111111111111111110011001000001000010000010
000000000000000000000000000000000000000000000000000000000000000000011001000001000010000010
111111111111111111111111111111111111111111111111111111111111111111101001000001000010000010
111111111111111111111111111111111111111111111111111111111111111111110001000001000010000010
000000000000000000000000000000000000000000000000000000000000000000000001000001000010000010
000000000000000000000000000000000000000000000000000000000000000000000001000001000010000010
111111111111111111111111111111111111111111111111111111111111111111111110000001000010000010
000000000000000000000000000000000000000000000000000000000000000000000000000001000010000010
000000000000000000000000000000000000000000000000000000000000000000000000000001000010000010
000000000000000000000000000000000000000000000000000000000000000000000000000001000010000010
000000000000000000000000000000000000000000000000000000000000000000000000000001000010000010
000000000000000000000000000000000000000000000000000000000000000000000000000001000010000010
111111111111111111111111111111111111111111111111111111111111111111111111111110000010000010
000000000000000000000000000000000000000000000000000000000000000000000000000000000010000010
000000000000000000000000000000000000000000000000000000000000000000000000000000000010000010
000000000000000000000000000000000000000000000000000000000000000000000000000000000010000010
000000000000000000000000000000000000000000000000000000000000000000000000000000000010000010
111111111111111111111111111111111111111111111111111111111111111111111111111111111100000010
000000000000000000000000000000000000000000000000000000000000000000000000000000000000000010
000000000000000000000000000000000000000000000000000000000000000000000000000000000000000010
000000000000000000000000000000000000000000000000000000000000000000000000000000000000000010
000000000000000000000000000000000000000000000000000000000000000000000000000000000000000010
000000000000000000000000000000000000000000000000000000000000000000000000000000000000000010
111111111111111111111111111111111111111111111111111111111111111111111111111111111111111100
000000000000000000000000000000000000000000000000000000000000000000000000000000000000000000
