01100111111000110111011011111111101101010111101101110111111111110101111111110111
10100111111000110111011011111111101101010111101101110111111111110101111111110111
11000111111000110111011011111111101101010111101101110111111111110101111111110111
00000111111000110111011011111111101101010111101101110111111111110101111111110111
00000111111000110111011011111111101101010111101101110111111111110101111111110111
11111011111000110111011011111111101101010111101101110111111111110101111111110111
11111101111000110111011011111111101101010111101101110111111111110101111111110111
11111110111000110111011011111111101101010111101101110111111111110101111111110111
11111111011000110111011011111111101101010111101101110111111111110101111111110111
11111111101000110111011011111111101101010111101101110111111111110101111111110111
11111111110000110111011011111111101101010111101101110111111111110101111111110111
00000000000000110111011011111111101101010111101101110111111111110101111111110111
00000000000000110111011011111111101101010111101101110111111111110101111111110111
00000000000000110111011011111111101101010111101101110111111111110101111111110111
11111111111111010111011011111111101101010111101101110111111111110101111111110111
11111111111111100111011011111111101101010111101101110111111111110101111111110111
00000000000000000111011011111111101101010111101101110111111111110101111111110111
11111111111111111011011011111111101101010111101101110111111111110101111111110111
11111111111111111101011011111111101101010111101101110111111111110101111111110111
11111111111111111110011011111111101101010111101101110111111111110101111111110111
00000000000000000000011011111111101101010111101101110111111111110101111111110111
11111111111111111111101011111111101101010111101101110111111111110101111111110111
11111111111111111111110011111111101101010111101101110111111111110101111111110111
00000000000000000000000011111111101101010111101101110111111111110101111111110111
11111111111111111111111101111111101101010111101101110111111111110101111111110111
11111111111111111111111110111111101101010111101101110111111111110101111111110111
11111111111111111111111111011111101101010111101101110111111111110101111111110111
11111111111111111111111111101111101101010111101101110111111111110101111111110111
11111111111111111111111111110111101101010111101101110111111111110101111111110111
11111111111111111111111111111011101101010111101101110111111111110101111111110111
11111111111111111111111111111101101101010111101101110111111111110101111111110111
11111111111111111111111111111110101101010111101101110111111111110101111111110111
11111111111111111111111111111111001101010111101101110111111111110101111111110111
00000000000000000000000000000000001101010111101101110111111111110101111111110111
11111111111111111111111111111111110101010111101101110111111111110101111111110111
11111111111111111111111111111111111001010111101101110111111111110101111111110111
00000000000000000000000000000000000001010111101101110111111111110101111111110111
11111111111111111111111111111111111110010111101101110111111111110101111111110111
00000000000000000000000000000000000000010111101101110111111111110101111111110111
11111111111111111111111111111111111111100111101101110111111111110101111111110111
00000000000000000000000000000000000000000111101101110111111111110101111111110111
11111111111111111111111111111111111111111011101101110111111111110101111111110111
11111111111111111111111111111111111111111101101101110111111111110101111111110111
11111111111111111111111111111111111111111110101101110111111111110101111111110111
11111111111111111111111111111111111111111111001101110111111111110101111111110111
00000000000000000000000000000000000000000000001101110111111111110101111111110111
11111111111111111111111111111111111111111111110101110111111111110101111111110111
11111111111111111111111111111111111111111111111001110111111111110101111111110111
00000000000000000000000000000000000000000000000001110111111111110101111111110111
11111111111111111111111111111111111111111111111110110111111111110101111111110111
11111111111111111111111111111111111111111111111111010111111111110101111111110111
11111111111111111111111111111111111111111111111111100111111111110101111111110111
00000000000000000000000000000000000000000000000000000111111111110101111111110111
11111111111111111111111111111111111111111111111111111011111111110101111111110111
11111111111111111111111111111111111111111111111111111101111111110101111111110111
11111111111111111111111111111111111111111111111111111110111111110101111111110111
11111111111111111111111111111111111111111111111111111111011111110101111111110111
11111111111111111111111111111111111111111111111111111111101111110101111111110111
11111111111111111111111111111111111111111111111111111111110111110101111111110111
11111111111111111111111111111111111111111111111111111111111011110101111111110111
11111111111111111111111111111111111111111111111111111111111101110101111111110111
11111111111111111111111111111111111111111111111111111111111110110101111111110111
11111111111111111111111111111111111111111111111111111111111111010101111111110111
11111111111111111111111111111111111111111111111111111111111111100101111111110111
00000000000000000000000000000000000000000000000000000000000000000101111111110111
11111111111111111111111111111111111111111111111111111111111111111001111111110111
00000000000000000000000000000000000000000000000000000000000000000001111111110111
11111111111111111111111111111111111111111111111111111111111111111110111111110111
11111111111111111111111111111111111111111111111111111111111111111111011111110111
11111111111111111111111111111111111111111111111111111111111111111111101111110111
11111111111111111111111111111111111111111111111111111111111111111111110111110111
11111111111111111111111111111111111111111111111111111111111111111111111011110111
11111111111111111111111111111111111111111111111111111111111111111111111101110111
11111111111111111111111111111111111111111111111111111111111111111111111110110111
11111111111111111111111111111111111111111111111111111111111111111111111111010111
11111111111111111111111111111111111111111111111111111111111111111111111111100111
00000000000000000000000000000000000000000000000000000000000000000000000000000111
11111111111111111111111111111111111111111111111111111111111111111111111111111011
11111111111111111111111111111111111111111111111111111111111111111111111111111101
11111111111111111111111111111111111111111111111111111111111111111111111111111110
