001000000111100000000101011000000111101111000000000001010000
001000000111100000000101011000000111101111000000000001010000
110000000111100000000101011000000111101111000000000001010000
000000000111100000000101011000000111101111000000000001010000
000000000111100000000101011000000111101111000000000001010000
000000000111100000000101011000000111101111000000000001010000
000000000111100000000101011000000111101111000000000001010000
000000000111100000000101011000000111101111000000000001010000
000000000111100000000101011000000111101111000000000001010000
111111111011100000000101011000000111101111000000000001010000
111111111101100000000101011000000111101111000000000001010000
111111111110100000000101011000000111101111000000000001010000
111111111111000000000101011000000111101111000000000001010000
000000000000000000000101011000000111101111000000000001010000
000000000000000000000101011000000111101111000000000001010000
000000000000000000000101011000000111101111000000000001010000
000000000000000000000101011000000111101111000000000001010000
000000000000000000000101011000000111101111000000000001010000
000000000000000000000101011000000111101111000000000001010000
000000000000000000000101011000000111101111000000000001010000
000000000000000000000101011000000111101111000000000001010000
111111111111111111111001011000000111101111000000000001010000
000000000000000000000001011000000111101111000000000001010000
111111111111111111111110011000000111101111000000000001010000
000000000000000000000000011000000111101111000000000001010000
111111111111111111111111101000000111101111000000000001010000
111111111111111111111111110000000111101111000000000001010000
000000000000000000000000000000000111101111000000000001010000
000000000000000000000000000000000111101111000000000001010000
000000000000000000000000000000000111101111000000000001010000
000000000000000000000000000000000111101111000000000001010000
000000000000000000000000000000000111101111000000000001010000
000000000000000000000000000000000111101111000000000001010000
111111111111111111111111111111111011101111000000000001010000
111111111111111111111111111111111101101111000000000001010000
111111111111111111111111111111111110101111000000000001010000
111111111111111111111111111111111111001111000000000001010000
000000000000000000000000000000000000001111000000000001010000
111111111111111111111111111111111111110111000000000001010000
111111111111111111111111111111111111111011000000000001010000
111111111111111111111111111111111111111101000000000001010000
111111111111111111111111111111111111111110000000000001010000
000000000000000000000000000000000000000000000000000001010000
000000000000000000000000000000000000000000000000000001010000
000000000000000000000000000000000000000000000000000001010000
000000000000000000000000000000000000000000000000000001010000
000000000000000000000000000000000000000000000000000001010000
000000000000000000000000000000000000000000000000000001010000
000000000000000000000000000000000000000000000000000001010000
000000000000000000000000000000000000000000000000000001010000
000000000000000000000000000000000000000000000000000001010000
000000000000000000000000000000000000000000000000000001010000
000000000000000000000000000000000000000000000000000001010000
111111111111111111111111111111111111111111111111111110010000
000000000000000000000000000000000000000000000000000000010000
111111111111111111111111111111111111111111111111111111100000
000000000000000000000000000000000000000000000000000000000000
000000000000000000000000000000000000000000000000000000000000
000000000000000000000000000000000000000000000000000000000000
000000000000000000000000000000000000000000000000000000000000
