0010001100000100100000000100011010000000000000001000100001000100110000
0010001100000100100000000100011010000000000000001000100001000100110000
1100001100000100100000000100011010000000000000001000100001000100110000
0000001100000100100000000100011010000000000000001000100001000100110000
0000001100000100100000000100011010000000000000001000100001000100110000
0000001100000100100000000100011010000000000000001000100001000100110000
1111110100000100100000000100011010000000000000001000100001000100110000
1111111000000100100000000100011010000000000000001000100001000100110000
0000000000000100100000000100011010000000000000001000100001000100110000
0000000000000100100000000100011010000000000000001000100001000100110000
0000000000000100100000000100011010000000000000001000100001000100110000
0000000000000100100000000100011010000000000000001000100001000100110000
0000000000000100100000000100011010000000000000001000100001000100110000
1111111111111000100000000100011010000000000000001000100001000100110000
0000000000000000100000000100011010000000000000001000100001000100110000
0000000000000000100000000100011010000000000000001000100001000100110000
1111111111111111000000000100011010000000000000001000100001000100110000
0000000000000000000000000100011010000000000000001000100001000100110000
0000000000000000000000000100011010000000000000001000100001000100110000
0000000000000000000000000100011010000000000000001000100001000100110000
0000000000000000000000000100011010000000000000001000100001000100110000
0000000000000000000000000100011010000000000000001000100001000100110000
0000000000000000000000000100011010000000000000001000100001000100110000
0000000000000000000000000100011010000000000000001000100001000100110000
0000000000000000000000000100011010000000000000001000100001000100110000
1111111111111111111111111000011010000000000000001000100001000100110000
0000000000000000000000000000011010000000000000001000100001000100110000
0000000000000000000000000000011010000000000000001000100001000100110000
0000000000000000000000000000011010000000000000001000100001000100110000
1111111111111111111111111111101010000000000000001000100001000100110000
1111111111111111111111111111110010000000000000001000100001000100110000
0000000000000000000000000000000010000000000000001000100001000100110000
1111111111111111111111111111111100000000000000001000100001000100110000
0000000000000000000000000000000000000000000000001000100001000100110000
0000000000000000000000000000000000000000000000001000100001000100110000
0000000000000000000000000000000000000000000000001000100001000100110000
0000000000000000000000000000000000000000000000001000100001000100110000
0000000000000000000000000000000000000000000000001000100001000100110000
0000000000000000000000000000000000000000000000001000100001000100110000
0000000000000000000000000000000000000000000000001000100001000100110000
0000000000000000000000000000000000000000000000001000100001000100110000
0000000000000000000000000000000000000000000000001000100001000100110000
0000000000000000000000000000000000000000000000001000100001000100110000
0000000000000000000000000000000000000000000000001000100001000100110000
0000000000000000000000000000000000000000000000001000100001000100110000
0000000000000000000000000000000000000000000000001000100001000100110000
0000000000000000000000000000000000000000000000001000100001000100110000
0000000000000000000000000000000000000000000000001000100001000100110000
1111111111111111111111111111111111111111111111110000100001000100110000
0000000000000000000000000000000000000000000000000000100001000100110000
0000000000000000000000000000000000000000000000000000100001000100110000
0000000000000000000000000000000000000000000000000000100001000100110000
1111111111111111111111111111111111111111111111111111000001000100110000
0000000000000000000000000000000000000000000000000000000001000100110000
0000000000000000000000000000000000000000000000000000000001000100110000
0000000000000000000000000000000000000000000000000000000001000100110000
0000000000000000000000000000000000000000000000000000000001000100110000
1111111111111111111111111111111111111111111111111111111110000100110000
0000000000000000000000000000000000000000000000000000000000000100110000
0000000000000000000000000000000000000000000000000000000000000100110000
0000000000000000000000000000000000000000000000000000000000000100110000
1111111111111111111111111111111111111111111111111111111111111000110000
0000000000000000000000000000000000000000000000000000000000000000110000
0000000000000000000000000000000000000000000000000000000000000000110000
1111111111111111111111111111111111111111111111111111111111111111010000
1111111111111111111111111111111111111111111111111111111111111111100000
0000000000000000000000000000000000000000000000000000000000000000000000
0000000000000000000000000000000000000000000000000000000000000000000000
0000000000000000000000000000000000000000000000000000000000000000000000
0000000000000000000000000000000000000000000000000000000000000000000000
