000000100010000101010000100000011010111000110001001000101000
000000100010000101010000100000011010111000110001001000101000
000000100010000101010000100000011010111000110001001000101000
000000100010000101010000100000011010111000110001001000101000
000000100010000101010000100000011010111000110001001000101000
000000100010000101010000100000011010111000110001001000101000
111111000010000101010000100000011010111000110001001000101000
000000000010000101010000100000011010111000110001001000101000
000000000010000101010000100000011010111000110001001000101000
000000000010000101010000100000011010111000110001001000101000
111111111100000101010000100000011010111000110001001000101000
000000000000000101010000100000011010111000110001001000101000
000000000000000101010000100000011010111000110001001000101000
000000000000000101010000100000011010111000110001001000101000
000000000000000101010000100000011010111000110001001000101000
111111111111111001010000100000011010111000110001001000101000
000000000000000001010000100000011010111000110001001000101000
111111111111111110010000100000011010111000110001001000101000
000000000000000000010000100000011010111000110001001000101000
111111111111111111100000100000011010111000110001001000101000
000000000000000000000000100000011010111000110001001000101000
000000000000000000000000100000011010111000110001001000101000
000000000000000000000000100000011010111000110001001000101000
000000000000000000000000100000011010111000110001001000101000
111111111111111111111111000000011010111000110001001000101000
000000000000000000000000000000011010111000110001001000101000
000000000000000000000000000000011010111000110001001000101000
000000000000000000000000000000011010111000110001001000101000
000000000000000000000000000000011010111000110001001000101000
000000000000000000000000000000011010111000110001001000101000
000000000000000000000000000000011010111000110001001000101000
111111111111111111111111111111101010111000110001001000101000
111111111111111111111111111111110010111000110001001000101000
000000000000000000000000000000000010111000110001001000101000
111111111111111111111111111111111100111000110001001000101000
000000000000000000000000000000000000111000110001001000101000
111111111111111111111111111111111111011000110001001000101000
111111111111111111111111111111111111101000110001001000101000
111111111111111111111111111111111111110000110001001000101000
000000000000000000000000000000000000000000110001001000101000
000000000000000000000000000000000000000000110001001000101000
000000000000000000000000000000000000000000110001001000101000
111111111111111111111111111111111111111111010001001000101000
111111111111111111111111111111111111111111100001001000101000
000000000000000000000000000000000000000000000001001000101000
000000000000000000000000000000000000000000000001001000101000
000000000000000000000000000000000000000000000001001000101000
111111111111111111111111111111111111111111111110001000101000
000000000000000000000000000000000000000000000000001000101000
000000000000000000000000000000000000000000000000001000101000
111111111111111111111111111111111111111111111111110000101000
000000000000000000000000000000000000000000000000000000101000
000000000000000000000000000000000000000000000000000000101000
000000000000000000000000000000000000000000000000000000101000
111111111111111111111111111111111111111111111111111111001000
000000000000000000000000000000000000000000000000000000001000
111111111111111111111111111111111111111111111111111111110000
000000000000000000000000000000000000000000000000000000000000
000000000000000000000000000000000000000000000000000000000000
000000000000000000000000000000000000000000000000000000000000
