010011001101010100010000101000001110001001100000011000000010011110000000001100000001000010
100011001101010100010000101000001110001001100000011000000010011110000000001100000001000010
000011001101010100010000101000001110001001100000011000000010011110000000001100000001000010
000011001101010100010000101000001110001001100000011000000010011110000000001100000001000010
111101001101010100010000101000001110001001100000011000000010011110000000001100000001000010
111110001101010100010000101000001110001001100000011000000010011110000000001100000001000010
000000001101010100010000101000001110001001100000011000000010011110000000001100000001000010
000000001101010100010000101000001110001001100000011000000010011110000000001100000001000010
111111110101010100010000101000001110001001100000011000000010011110000000001100000001000010
111111111001010100010000101000001110001001100000011000000010011110000000001100000001000010
000000000001010100010000101000001110001001100000011000000010011110000000001100000001000010
111111111110010100010000101000001110001001100000011000000010011110000000001100000001000010
000000000000010100010000101000001110001001100000011000000010011110000000001100000001000010
111111111111100100010000101000001110001001100000011000000010011110000000001100000001000010
000000000000000100010000101000001110001001100000011000000010011110000000001100000001000010
111111111111111000010000101000001110001001100000011000000010011110000000001100000001000010
000000000000000000010000101000001110001001100000011000000010011110000000001100000001000010
000000000000000000010000101000001110001001100000011000000010011110000000001100000001000010
000000000000000000010000101000001110001001100000011000000010011110000000001100000001000010
111111111111111111100000101000001110001001100000011000000010011110000000001100000001000010
000000000000000000000000101000001110001001100000011000000010011110000000001100000001000010
000000000000000000000000101000001110001001100000011000000010011110000000001100000001000010
000000000000000000000000101000001110001001100000011000000010011110000000001100000001000010
000000000000000000000000101000001110001001100000011000000010011110000000001100000001000010
111111111111111111111111001000001110001001100000011000000010011110000000001100000001000010
000000000000000000000000001000001110001001100000011000000010011110000000001100000001000010
111111111111111111111111110000001110001001100000011000000010011110000000001100000001000010
000000000000000000000000000000001110001001100000011000000010011110000000001100000001000010
000000000000000000000000000000001110001001100000011000000010011110000000001100000001000010
000000000000000000000000000000001110001001100000011000000010011110000000001100000001000010
000000000000000000000000000000001110001001100000011000000010011110000000001100000001000010
000000000000000000000000000000001110001001100000011000000010011110000000001100000001000010
111111111111111111111111111111110110001001100000011000000010011110000000001100000001000010
111111111111111111111111111111111010001001100000011000000010011110000000001100000001000010
111111111111111111111111111111111100001001100000011000000010011110000000001100000001000010
000000000000000000000000000000000000001001100000011000000010011110000000001100000001000010
000000000000000000000000000000000000001001100000011000000010011110000000001100000001000010
000000000000000000000000000000000000001001100000011000000010011110000000001100000001000010
111111111111111111111111111111111111110001100000011000000010011110000000001100000001000010
000000000000000000000000000000000000000001100000011000000010011110000000001100000001000010
000000000000000000000000000000000000000001100000011000000010011110000000001100000001000010
111111111111111111111111111111111111111110100000011000000010011110000000001100000001000010
111111111111111111111111111111111111111111000000011000000010011110000000001100000001000010
000000000000000000000000000000000000000000000000011000000010011110000000001100000001000010
000000000000000000000000000000000000000000000000011000000010011110000000001100000001000010
000000000000000000000000000000000000000000000000011000000010011110000000001100000001000010
000000000000000000000000000000000000000000000000011000000010011110000000001100000001000010
000000000000000000000000000000000000000000000000011000000010011110000000001100000001000010
000000000000000000000000000000000000000000000000011000000010011110000000001100000001000010
111111111111111111111111111111111111111111111111101000000010011110000000001100000001000010
111111111111111111111111111111111111111111111111110000000010011110000000001100000001000010
000000000000000000000000000000000000000000000000000000000010011110000000001100000001000010
000000000000000000000000000000000000000000000000000000000010011110000000001100000001000010
000000000000000000000000000000000000000000000000000000000010011110000000001100000001000010
000000000000000000000000000000000000000000000000000000000010011110000000001100000001000010
000000000000000000000000000000000000000000000000000000000010011110000000001100000001000010
000000000000000000000000000000000000000000000000000000000010011110000000001100000001000010
000000000000000000000000000000000000000000000000000000000010011110000000001100000001000010
111111111111111111111111111111111111111111111111111111111100011110000000001100000001000010
000000000000000000000000000000000000000000000000000000000000011110000000001100000001000010
000000000000000000000000000000000000000000000000000000000000011110000000001100000001000010
111111111111111111111111111111111111111111111111111111111111101110000000001100000001000010
111111111111111111111111111111111111111111111111111111111111110110000000001100000001000010
111111111111111111111111111111111111111111111111111111111111111010000000001100000001000010
111111111111111111111111111111111111111111111111111111111111111100000000001100000001000010
000000000000000000000000000000000000000000000000000000000000000000000000001100000001000010
000000000000000000000000000000000000000000000000000000000000000000000000001100000001000010
000000000000000000000000000000000000000000000000000000000000000000000000001100000001000010
000000000000000000000000000000000000000000000000000000000000000000000000001100000001000010
000000000000000000000000000000000000000000000000000000000000000000000000001100000001000010
000000000000000000000000000000000000000000000000000000000000000000000000001100000001000010
000000000000000000000000000000000000000000000000000000000000000000000000001100000001000010
000000000000000000000000000000000000000000000000000000000000000000000000001100000001000010
000000000000000000000000000000000000000000000000000000000000000000000000001100000001000010
111111111111111111111111111111111111111111111111111111111111111111111111110100000001000010
111111111111111111111111111111111111111111111111111111111111111111111111111000000001000010
000000000000000000000000000000000000000000000000000000000000000000000000000000000001000010
000000000000000000000000000000000000000000000000000000000000000000000000000000000001000010
000000000000000000000000000000000000000000000000000000000000000000000000000000000001000010
000000000000000000000000000000000000000000000000000000000000000000000000000000000001000010
000000000000000000000000000000000000000000000000000000000000000000000000000000000001000010
000000000000000000000000000000000000000000000000000000000000000000000000000000000001000010
000000000000000000000000000000000000000000000000000000000000000000000000000000000001000010
111111111111111111111111111111111111111111111111111111111111111111111111111111111110000010
000000000000000000000000000000000000000000000000000000000000000000000000000000000000000010
000000000000000000000000000000000000000000000000000000000000000000000000000000000000000010
000000000000000000000000000000000000000000000000000000000000000000000000000000000000000010
000000000000000000000000000000000000000000000000000000000000000000000000000000000000000010
111111111111111111111111111111111111111111111111111111111111111111111111111111111111111100
000000000000000000000000000000000000000000000000000000000000000000000000000000000000000000
