00110011001010000000110010100100111101011110110101111010110000101111101110010000
00110011001010000000110010100100111101011110110101111010110000101111101110010000
11010011001010000000110010100100111101011110110101111010110000101111101110010000
11100011001010000000110010100100111101011110110101111010110000101111101110010000
00000011001010000000110010100100111101011110110101111010110000101111101110010000
00000011001010000000110010100100111101011110110101111010110000101111101110010000
11111101001010000000110010100100111101011110110101111010110000101111101110010000
11111110001010000000110010100100111101011110110101111010110000101111101110010000
00000000001010000000110010100100111101011110110101111010110000101111101110010000
00000000001010000000110010100100111101011110110101111010110000101111101110010000
11111111110010000000110010100100111101011110110101111010110000101111101110010000
00000000000010000000110010100100111101011110110101111010110000101111101110010000
11111111111100000000110010100100111101011110110101111010110000101111101110010000
00000000000000000000110010100100111101011110110101111010110000101111101110010000
00000000000000000000110010100100111101011110110101111010110000101111101110010000
00000000000000000000110010100100111101011110110101111010110000101111101110010000
00000000000000000000110010100100111101011110110101111010110000101111101110010000
00000000000000000000110010100100111101011110110101111010110000101111101110010000
00000000000000000000110010100100111101011110110101111010110000101111101110010000
00000000000000000000110010100100111101011110110101111010110000101111101110010000
11111111111111111111010010100100111101011110110101111010110000101111101110010000
11111111111111111111100010100100111101011110110101111010110000101111101110010000
00000000000000000000000010100100111101011110110101111010110000101111101110010000
00000000000000000000000010100100111101011110110101111010110000101111101110010000
11111111111111111111111100100100111101011110110101111010110000101111101110010000
00000000000000000000000000100100111101011110110101111010110000101111101110010000
11111111111111111111111111000100111101011110110101111010110000101111101110010000
00000000000000000000000000000100111101011110110101111010110000101111101110010000
00000000000000000000000000000100111101011110110101111010110000101111101110010000
11111111111111111111111111111000111101011110110101111010110000101111101110010000
00000000000000000000000000000000111101011110110101111010110000101111101110010000
00000000000000000000000000000000111101011110110101111010110000101111101110010000
11111111111111111111111111111111011101011110110101111010110000101111101110010000
11111111111111111111111111111111101101011110110101111010110000101111101110010000
11111111111111111111111111111111110101011110110101111010110000101111101110010000
11111111111111111111111111111111111001011110110101111010110000101111101110010000
00000000000000000000000000000000000001011110110101111010110000101111101110010000
11111111111111111111111111111111111110011110110101111010110000101111101110010000
00000000000000000000000000000000000000011110110101111010110000101111101110010000
11111111111111111111111111111111111111101110110101111010110000101111101110010000
11111111111111111111111111111111111111110110110101111010110000101111101110010000
11111111111111111111111111111111111111111010110101111010110000101111101110010000
11111111111111111111111111111111111111111100110101111010110000101111101110010000
00000000000000000000000000000000000000000000110101111010110000101111101110010000
11111111111111111111111111111111111111111111010101111010110000101111101110010000
11111111111111111111111111111111111111111111100101111010110000101111101110010000
00000000000000000000000000000000000000000000000101111010110000101111101110010000
11111111111111111111111111111111111111111111111001111010110000101111101110010000
00000000000000000000000000000000000000000000000001111010110000101111101110010000
11111111111111111111111111111111111111111111111110111010110000101111101110010000
11111111111111111111111111111111111111111111111111011010110000101111101110010000
11111111111111111111111111111111111111111111111111101010110000101111101110010000
11111111111111111111111111111111111111111111111111110010110000101111101110010000
00000000000000000000000000000000000000000000000000000010110000101111101110010000
11111111111111111111111111111111111111111111111111111100110000101111101110010000
00000000000000000000000000000000000000000000000000000000110000101111101110010000
11111111111111111111111111111111111111111111111111111111010000101111101110010000
11111111111111111111111111111111111111111111111111111111100000101111101110010000
00000000000000000000000000000000000000000000000000000000000000101111101110010000
00000000000000000000000000000000000000000000000000000000000000101111101110010000
00000000000000000000000000000000000000000000000000000000000000101111101110010000
00000000000000000000000000000000000000000000000000000000000000101111101110010000
11111111111111111111111111111111111111111111111111111111111111001111101110010000
00000000000000000000000000000000000000000000000000000000000000001111101110010000
11111111111111111111111111111111111111111111111111111111111111110111101110010000
11111111111111111111111111111111111111111111111111111111111111111011101110010000
11111111111111111111111111111111111111111111111111111111111111111101101110010000
11111111111111111111111111111111111111111111111111111111111111111110101110010000
11111111111111111111111111111111111111111111111111111111111111111111001110010000
00000000000000000000000000000000000000000000000000000000000000000000001110010000
11111111111111111111111111111111111111111111111111111111111111111111110110010000
11111111111111111111111111111111111111111111111111111111111111111111111010010000
11111111111111111111111111111111111111111111111111111111111111111111111100010000
00000000000000000000000000000000000000000000000000000000000000000000000000010000
00000000000000000000000000000000000000000000000000000000000000000000000000010000
11111111111111111111111111111111111111111111111111111111111111111111111111100000
00000000000000000000000000000000000000000000000000000000000000000000000000000000
00000000000000000000000000000000000000000000000000000000000000000000000000000000
00000000000000000000000000000000000000000000000000000000000000000000000000000000
00000000000000000000000000000000000000000000000000000000000000000000000000000000
