0011111000101011000110011010111000000110
0011111000101011000110011010111000000110
1101111000101011000110011010111000000110
1110111000101011000110011010111000000110
1111011000101011000110011010111000000110
1111101000101011000110011010111000000110
1111110000101011000110011010111000000110
0000000000101011000110011010111000000110
0000000000101011000110011010111000000110
0000000000101011000110011010111000000110
1111111111001011000110011010111000000110
0000000000001011000110011010111000000110
1111111111110011000110011010111000000110
0000000000000011000110011010111000000110
1111111111111101000110011010111000000110
1111111111111110000110011010111000000110
0000000000000000000110011010111000000110
0000000000000000000110011010111000000110
0000000000000000000110011010111000000110
1111111111111111111010011010111000000110
1111111111111111111100011010111000000110
0000000000000000000000011010111000000110
0000000000000000000000011010111000000110
1111111111111111111111101010111000000110
1111111111111111111111110010111000000110
0000000000000000000000000010111000000110
1111111111111111111111111100111000000110
0000000000000000000000000000111000000110
1111111111111111111111111111011000000110
1111111111111111111111111111101000000110
1111111111111111111111111111110000000110
0000000000000000000000000000000000000110
0000000000000000000000000000000000000110
0000000000000000000000000000000000000110
0000000000000000000000000000000000000110
0000000000000000000000000000000000000110
0000000000000000000000000000000000000110
1111111111111111111111111111111111111010
1111111111111111111111111111111111111100
0000000000000000000000000000000000000000
