00000110001000000000001010001000100100000001100101
00000110001000000000001010001000100100000001100101
00000110001000000000001010001000100100000001100101
00000110001000000000001010001000100100000001100101
00000110001000000000001010001000100100000001100101
11111010001000000000001010001000100100000001100101
11111100001000000000001010001000100100000001100101
00000000001000000000001010001000100100000001100101
00000000001000000000001010001000100100000001100101
00000000001000000000001010001000100100000001100101
11111111110000000000001010001000100100000001100101
00000000000000000000001010001000100100000001100101
00000000000000000000001010001000100100000001100101
00000000000000000000001010001000100100000001100101
00000000000000000000001010001000100100000001100101
00000000000000000000001010001000100100000001100101
00000000000000000000001010001000100100000001100101
00000000000000000000001010001000100100000001100101
00000000000000000000001010001000100100000001100101
00000000000000000000001010001000100100000001100101
00000000000000000000001010001000100100000001100101
00000000000000000000001010001000100100000001100101
11111111111111111111110010001000100100000001100101
00000000000000000000000010001000100100000001100101
11111111111111111111111100001000100100000001100101
00000000000000000000000000001000100100000001100101
00000000000000000000000000001000100100000001100101
00000000000000000000000000001000100100000001100101
11111111111111111111111111110000100100000001100101
00000000000000000000000000000000100100000001100101
00000000000000000000000000000000100100000001100101
00000000000000000000000000000000100100000001100101
11111111111111111111111111111111000100000001100101
00000000000000000000000000000000000100000001100101
00000000000000000000000000000000000100000001100101
11111111111111111111111111111111111000000001100101
00000000000000000000000000000000000000000001100101
00000000000000000000000000000000000000000001100101
00000000000000000000000000000000000000000001100101
00000000000000000000000000000000000000000001100101
00000000000000000000000000000000000000000001100101
00000000000000000000000000000000000000000001100101
00000000000000000000000000000000000000000001100101
11111111111111111111111111111111111111111110100101
11111111111111111111111111111111111111111111000101
00000000000000000000000000000000000000000000000101
00000000000000000000000000000000000000000000000101
11111111111111111111111111111111111111111111111001
00000000000000000000000000000000000000000000000001
11111111111111111111111111111111111111111111111110
