0111111101010111111110110111111010111111111101111100110110111111111001110001111111100111111011111010
1011111101010111111110110111111010111111111101111100110110111111111001110001111111100111111011111010
1101111101010111111110110111111010111111111101111100110110111111111001110001111111100111111011111010
1110111101010111111110110111111010111111111101111100110110111111111001110001111111100111111011111010
1111011101010111111110110111111010111111111101111100110110111111111001110001111111100111111011111010
1111101101010111111110110111111010111111111101111100110110111111111001110001111111100111111011111010
1111110101010111111110110111111010111111111101111100110110111111111001110001111111100111111011111010
1111111001010111111110110111111010111111111101111100110110111111111001110001111111100111111011111010
0000000001010111111110110111111010111111111101111100110110111111111001110001111111100111111011111010
1111111110010111111110110111111010111111111101111100110110111111111001110001111111100111111011111010
0000000000010111111110110111111010111111111101111100110110111111111001110001111111100111111011111010
1111111111100111111110110111111010111111111101111100110110111111111001110001111111100111111011111010
0000000000000111111110110111111010111111111101111100110110111111111001110001111111100111111011111010
1111111111111011111110110111111010111111111101111100110110111111111001110001111111100111111011111010
1111111111111101111110110111111010111111111101111100110110111111111001110001111111100111111011111010
1111111111111110111110110111111010111111111101111100110110111111111001110001111111100111111011111010
1111111111111111011110110111111010111111111101111100110110111111111001110001111111100111111011111010
1111111111111111101110110111111010111111111101111100110110111111111001110001111111100111111011111010
1111111111111111110110110111111010111111111101111100110110111111111001110001111111100111111011111010
1111111111111111111010110111111010111111111101111100110110111111111001110001111111100111111011111010
1111111111111111111100110111111010111111111101111100110110111111111001110001111111100111111011111010
0000000000000000000000110111111010111111111101111100110110111111111001110001111111100111111011111010
1111111111111111111111010111111010111111111101111100110110111111111001110001111111100111111011111010
1111111111111111111111100111111010111111111101111100110110111111111001110001111111100111111011111010
0000000000000000000000000111111010111111111101111100110110111111111001110001111111100111111011111010
1111111111111111111111111011111010111111111101111100110110111111111001110001111111100111111011111010
1111111111111111111111111101111010111111111101111100110110111111111001110001111111100111111011111010
1111111111111111111111111110111010111111111101111100110110111111111001110001111111100111111011111010
1111111111111111111111111111011010111111111101111100110110111111111001110001111111100111111011111010
1111111111111111111111111111101010111111111101111100110110111111111001110001111111100111111011111010
1111111111111111111111111111110010111111111101111100110110111111111001110001111111100111111011111010
0000000000000000000000000000000010111111111101111100110110111111111001110001111111100111111011111010
1111111111111111111111111111111100111111111101111100110110111111111001110001111111100111111011111010
0000000000000000000000000000000000111111111101111100110110111111111001110001111111100111111011111010
1111111111111111111111111111111111011111111101111100110110111111111001110001111111100111111011111010
1111111111111111111111111111111111101111111101111100110110111111111001110001111111100111111011111010
1111111111111111111111111111111111110111111101111100110110111111111001110001111111100111111011111010
1111111111111111111111111111111111111011111101111100110110111111111001110001111111100111111011111010
1111111111111111111111111111111111111101111101111100110110111111111001110001111111100111111011111010
1111111111111111111111111111111111111110111101111100110110111111111001110001111111100111111011111010
1111111111111111111111111111111111111111011101111100110110111111111001110001111111100111111011111010
1111111111111111111111111111111111111111101101111100110110111111111001110001111111100111111011111010
1111111111111111111111111111111111111111110101111100110110111111111001110001111111100111111011111010
1111111111111111111111111111111111111111111001111100110110111111111001110001111111100111111011111010
0000000000000000000000000000000000000000000001111100110110111111111001110001111111100111111011111010
1111111111111111111111111111111111111111111110111100110110111111111001110001111111100111111011111010
1111111111111111111111111111111111111111111111011100110110111111111001110001111111100111111011111010
1111111111111111111111111111111111111111111111101100110110111111111001110001111111100111111011111010
1111111111111111111111111111111111111111111111110100110110111111111001110001111111100111111011111010
1111111111111111111111111111111111111111111111111000110110111111111001110001111111100111111011111010
0000000000000000000000000000000000000000000000000000110110111111111001110001111111100111111011111010
0000000000000000000000000000000000000000000000000000110110111111111001110001111111100111111011111010
1111111111111111111111111111111111111111111111111111010110111111111001110001111111100111111011111010
1111111111111111111111111111111111111111111111111111100110111111111001110001111111100111111011111010
0000000000000000000000000000000000000000000000000000000110111111111001110001111111100111111011111010
1111111111111111111111111111111111111111111111111111111010111111111001110001111111100111111011111010
1111111111111111111111111111111111111111111111111111111100111111111001110001111111100111111011111010
0000000000000000000000000000000000000000000000000000000000111111111001110001111111100111111011111010
1111111111111111111111111111111111111111111111111111111111011111111001110001111111100111111011111010
1111111111111111111111111111111111111111111111111111111111101111111001110001111111100111111011111010
1111111111111111111111111111111111111111111111111111111111110111111001110001111111100111111011111010
1111111111111111111111111111111111111111111111111111111111111011111001110001111111100111111011111010
1111111111111111111111111111111111111111111111111111111111111101111001110001111111100111111011111010
1111111111111111111111111111111111111111111111111111111111111110111001110001111111100111111011111010
1111111111111111111111111111111111111111111111111111111111111111011001110001111111100111111011111010
1111111111111111111111111111111111111111111111111111111111111111101001110001111111100111111011111010
1111111111111111111111111111111111111111111111111111111111111111110001110001111111100111111011111010
0000000000000000000000000000000000000000000000000000000000000000000001110001111111100111111011111010
0000000000000000000000000000000000000000000000000000000000000000000001110001111111100111111011111010
1111111111111111111111111111111111111111111111111111111111111111111110110001111111100111111011111010
1111111111111111111111111111111111111111111111111111111111111111111111010001111111100111111011111010
1111111111111111111111111111111111111111111111111111111111111111111111100001111111100111111011111010
0000000000000000000000000000000000000000000000000000000000000000000000000001111111100111111011111010
0000000000000000000000000000000000000000000000000000000000000000000000000001111111100111111011111010
0000000000000000000000000000000000000000000000000000000000000000000000000001111111100111111011111010
1111111111111111111111111111111111111111111111111111111111111111111111111110111111100111111011111010
1111111111111111111111111111111111111111111111111111111111111111111111111111011111100111111011111010
1111111111111111111111111111111111111111111111111111111111111111111111111111101111100111111011111010
1111111111111111111111111111111111111111111111111111111111111111111111111111110111100111111011111010
1111111111111111111111111111111111111111111111111111111111111111111111111111111011100111111011111010
1111111111111111111111111111111111111111111111111111111111111111111111111111111101100111111011111010
1111111111111111111111111111111111111111111111111111111111111111111111111111111110100111111011111010
1111111111111111111111111111111111111111111111111111111111111111111111111111111111000111111011111010
0000000000000000000000000000000000000000000000000000000000000000000000000000000000000111111011111010
0000000000000000000000000000000000000000000000000000000000000000000000000000000000000111111011111010
1111111111111111111111111111111111111111111111111111111111111111111111111111111111111011111011111010
1111111111111111111111111111111111111111111111111111111111111111111111111111111111111101111011111010
1111111111111111111111111111111111111111111111111111111111111111111111111111111111111110111011111010
1111111111111111111111111111111111111111111111111111111111111111111111111111111111111111011011111010
1111111111111111111111111111111111111111111111111111111111111111111111111111111111111111101011111010
1111111111111111111111111111111111111111111111111111111111111111111111111111111111111111110011111010
0000000000000000000000000000000000000000000000000000000000000000000000000000000000000000000011111010
1111111111111111111111111111111111111111111111111111111111111111111111111111111111111111111101111010
1111111111111111111111111111111111111111111111111111111111111111111111111111111111111111111110111010
1111111111111111111111111111111111111111111111111111111111111111111111111111111111111111111111011010
1111111111111111111111111111111111111111111111111111111111111111111111111111111111111111111111101010
1111111111111111111111111111111111111111111111111111111111111111111111111111111111111111111111110010
0000000000000000000000000000000000000000000000000000000000000000000000000000000000000000000000000010
1111111111111111111111111111111111111111111111111111111111111111111111111111111111111111111111111100
0000000000000000000000000000000000000000000000000000000000000000000000000000000000000000000000000000
