00000000000001000010000000000000100010000101000101001011000010000010001100000101011100100001000000110000001000000100010100100000000011000000000000111011010000111000000011000000100000000001001000110111
00000000000001000010000000000000100010000101000101001011000010000010001100000101011100100001000000110000001000000100010100100000000011000000000000111011010000111000000011000000100000000001001000110111
00000000000001000010000000000000100010000101000101001011000010000010001100000101011100100001000000110000001000000100010100100000000011000000000000111011010000111000000011000000100000000001001000110111
00000000000001000010000000000000100010000101000101001011000010000010001100000101011100100001000000110000001000000100010100100000000011000000000000111011010000111000000011000000100000000001001000110111
00000000000001000010000000000000100010000101000101001011000010000010001100000101011100100001000000110000001000000100010100100000000011000000000000111011010000111000000011000000100000000001001000110111
00000000000001000010000000000000100010000101000101001011000010000010001100000101011100100001000000110000001000000100010100100000000011000000000000111011010000111000000011000000100000000001001000110111
00000000000001000010000000000000100010000101000101001011000010000010001100000101011100100001000000110000001000000100010100100000000011000000000000111011010000111000000011000000100000000001001000110111
00000000000001000010000000000000100010000101000101001011000010000010001100000101011100100001000000110000001000000100010100100000000011000000000000111011010000111000000011000000100000000001001000110111
00000000000001000010000000000000100010000101000101001011000010000010001100000101011100100001000000110000001000000100010100100000000011000000000000111011010000111000000011000000100000000001001000110111
00000000000001000010000000000000100010000101000101001011000010000010001100000101011100100001000000110000001000000100010100100000000011000000000000111011010000111000000011000000100000000001001000110111
00000000000001000010000000000000100010000101000101001011000010000010001100000101011100100001000000110000001000000100010100100000000011000000000000111011010000111000000011000000100000000001001000110111
00000000000001000010000000000000100010000101000101001011000010000010001100000101011100100001000000110000001000000100010100100000000011000000000000111011010000111000000011000000100000000001001000110111
00000000000001000010000000000000100010000101000101001011000010000010001100000101011100100001000000110000001000000100010100100000000011000000000000111011010000111000000011000000100000000001001000110111
11111111111110000010000000000000100010000101000101001011000010000010001100000101011100100001000000110000001000000100010100100000000011000000000000111011010000111000000011000000100000000001001000110111
00000000000000000010000000000000100010000101000101001011000010000010001100000101011100100001000000110000001000000100010100100000000011000000000000111011010000111000000011000000100000000001001000110111
00000000000000000010000000000000100010000101000101001011000010000010001100000101011100100001000000110000001000000100010100100000000011000000000000111011010000111000000011000000100000000001001000110111
00000000000000000010000000000000100010000101000101001011000010000010001100000101011100100001000000110000001000000100010100100000000011000000000000111011010000111000000011000000100000000001001000110111
00000000000000000010000000000000100010000101000101001011000010000010001100000101011100100001000000110000001000000100010100100000000011000000000000111011010000111000000011000000100000000001001000110111
11111111111111111100000000000000100010000101000101001011000010000010001100000101011100100001000000110000001000000100010100100000000011000000000000111011010000111000000011000000100000000001001000110111
00000000000000000000000000000000100010000101000101001011000010000010001100000101011100100001000000110000001000000100010100100000000011000000000000111011010000111000000011000000100000000001001000110111
00000000000000000000000000000000100010000101000101001011000010000010001100000101011100100001000000110000001000000100010100100000000011000000000000111011010000111000000011000000100000000001001000110111
00000000000000000000000000000000100010000101000101001011000010000010001100000101011100100001000000110000001000000100010100100000000011000000000000111011010000111000000011000000100000000001001000110111
00000000000000000000000000000000100010000101000101001011000010000010001100000101011100100001000000110000001000000100010100100000000011000000000000111011010000111000000011000000100000000001001000110111
00000000000000000000000000000000100010000101000101001011000010000010001100000101011100100001000000110000001000000100010100100000000011000000000000111011010000111000000011000000100000000001001000110111
00000000000000000000000000000000100010000101000101001011000010000010001100000101011100100001000000110000001000000100010100100000000011000000000000111011010000111000000011000000100000000001001000110111
00000000000000000000000000000000100010000101000101001011000010000010001100000101011100100001000000110000001000000100010100100000000011000000000000111011010000111000000011000000100000000001001000110111
00000000000000000000000000000000100010000101000101001011000010000010001100000101011100100001000000110000001000000100010100100000000011000000000000111011010000111000000011000000100000000001001000110111
00000000000000000000000000000000100010000101000101001011000010000010001100000101011100100001000000110000001000000100010100100000000011000000000000111011010000111000000011000000100000000001001000110111
00000000000000000000000000000000100010000101000101001011000010000010001100000101011100100001000000110000001000000100010100100000000011000000000000111011010000111000000011000000100000000001001000110111
00000000000000000000000000000000100010000101000101001011000010000010001100000101011100100001000000110000001000000100010100100000000011000000000000111011010000111000000011000000100000000001001000110111
00000000000000000000000000000000100010000101000101001011000010000010001100000101011100100001000000110000001000000100010100100000000011000000000000111011010000111000000011000000100000000001001000110111
00000000000000000000000000000000100010000101000101001011000010000010001100000101011100100001000000110000001000000100010100100000000011000000000000111011010000111000000011000000100000000001001000110111
11111111111111111111111111111111000010000101000101001011000010000010001100000101011100100001000000110000001000000100010100100000000011000000000000111011010000111000000011000000100000000001001000110111
00000000000000000000000000000000000010000101000101001011000010000010001100000101011100100001000000110000001000000100010100100000000011000000000000111011010000111000000011000000100000000001001000110111
00000000000000000000000000000000000010000101000101001011000010000010001100000101011100100001000000110000001000000100010100100000000011000000000000111011010000111000000011000000100000000001001000110111
00000000000000000000000000000000000010000101000101001011000010000010001100000101011100100001000000110000001000000100010100100000000011000000000000111011010000111000000011000000100000000001001000110111
11111111111111111111111111111111111100000101000101001011000010000010001100000101011100100001000000110000001000000100010100100000000011000000000000111011010000111000000011000000100000000001001000110111
00000000000000000000000000000000000000000101000101001011000010000010001100000101011100100001000000110000001000000100010100100000000011000000000000111011010000111000000011000000100000000001001000110111
00000000000000000000000000000000000000000101000101001011000010000010001100000101011100100001000000110000001000000100010100100000000011000000000000111011010000111000000011000000100000000001001000110111
00000000000000000000000000000000000000000101000101001011000010000010001100000101011100100001000000110000001000000100010100100000000011000000000000111011010000111000000011000000100000000001001000110111
00000000000000000000000000000000000000000101000101001011000010000010001100000101011100100001000000110000001000000100010100100000000011000000000000111011010000111000000011000000100000000001001000110111
11111111111111111111111111111111111111111001000101001011000010000010001100000101011100100001000000110000001000000100010100100000000011000000000000111011010000111000000011000000100000000001001000110111
00000000000000000000000000000000000000000001000101001011000010000010001100000101011100100001000000110000001000000100010100100000000011000000000000111011010000111000000011000000100000000001001000110111
11111111111111111111111111111111111111111110000101001011000010000010001100000101011100100001000000110000001000000100010100100000000011000000000000111011010000111000000011000000100000000001001000110111
00000000000000000000000000000000000000000000000101001011000010000010001100000101011100100001000000110000001000000100010100100000000011000000000000111011010000111000000011000000100000000001001000110111
00000000000000000000000000000000000000000000000101001011000010000010001100000101011100100001000000110000001000000100010100100000000011000000000000111011010000111000000011000000100000000001001000110111
00000000000000000000000000000000000000000000000101001011000010000010001100000101011100100001000000110000001000000100010100100000000011000000000000111011010000111000000011000000100000000001001000110111
11111111111111111111111111111111111111111111111001001011000010000010001100000101011100100001000000110000001000000100010100100000000011000000000000111011010000111000000011000000100000000001001000110111
00000000000000000000000000000000000000000000000001001011000010000010001100000101011100100001000000110000001000000100010100100000000011000000000000111011010000111000000011000000100000000001001000110111
11111111111111111111111111111111111111111111111110001011000010000010001100000101011100100001000000110000001000000100010100100000000011000000000000111011010000111000000011000000100000000001001000110111
00000000000000000000000000000000000000000000000000001011000010000010001100000101011100100001000000110000001000000100010100100000000011000000000000111011010000111000000011000000100000000001001000110111
00000000000000000000000000000000000000000000000000001011000010000010001100000101011100100001000000110000001000000100010100100000000011000000000000111011010000111000000011000000100000000001001000110111
11111111111111111111111111111111111111111111111111110011000010000010001100000101011100100001000000110000001000000100010100100000000011000000000000111011010000111000000011000000100000000001001000110111
00000000000000000000000000000000000000000000000000000011000010000010001100000101011100100001000000110000001000000100010100100000000011000000000000111011010000111000000011000000100000000001001000110111
11111111111111111111111111111111111111111111111111111101000010000010001100000101011100100001000000110000001000000100010100100000000011000000000000111011010000111000000011000000100000000001001000110111
11111111111111111111111111111111111111111111111111111110000010000010001100000101011100100001000000110000001000000100010100100000000011000000000000111011010000111000000011000000100000000001001000110111
00000000000000000000000000000000000000000000000000000000000010000010001100000101011100100001000000110000001000000100010100100000000011000000000000111011010000111000000011000000100000000001001000110111
00000000000000000000000000000000000000000000000000000000000010000010001100000101011100100001000000110000001000000100010100100000000011000000000000111011010000111000000011000000100000000001001000110111
00000000000000000000000000000000000000000000000000000000000010000010001100000101011100100001000000110000001000000100010100100000000011000000000000111011010000111000000011000000100000000001001000110111
00000000000000000000000000000000000000000000000000000000000010000010001100000101011100100001000000110000001000000100010100100000000011000000000000111011010000111000000011000000100000000001001000110111
11111111111111111111111111111111111111111111111111111111111100000010001100000101011100100001000000110000001000000100010100100000000011000000000000111011010000111000000011000000100000000001001000110111
00000000000000000000000000000000000000000000000000000000000000000010001100000101011100100001000000110000001000000100010100100000000011000000000000111011010000111000000011000000100000000001001000110111
00000000000000000000000000000000000000000000000000000000000000000010001100000101011100100001000000110000001000000100010100100000000011000000000000111011010000111000000011000000100000000001001000110111
00000000000000000000000000000000000000000000000000000000000000000010001100000101011100100001000000110000001000000100010100100000000011000000000000111011010000111000000011000000100000000001001000110111
00000000000000000000000000000000000000000000000000000000000000000010001100000101011100100001000000110000001000000100010100100000000011000000000000111011010000111000000011000000100000000001001000110111
00000000000000000000000000000000000000000000000000000000000000000010001100000101011100100001000000110000001000000100010100100000000011000000000000111011010000111000000011000000100000000001001000110111
11111111111111111111111111111111111111111111111111111111111111111100001100000101011100100001000000110000001000000100010100100000000011000000000000111011010000111000000011000000100000000001001000110111
00000000000000000000000000000000000000000000000000000000000000000000001100000101011100100001000000110000001000000100010100100000000011000000000000111011010000111000000011000000100000000001001000110111
00000000000000000000000000000000000000000000000000000000000000000000001100000101011100100001000000110000001000000100010100100000000011000000000000111011010000111000000011000000100000000001001000110111
00000000000000000000000000000000000000000000000000000000000000000000001100000101011100100001000000110000001000000100010100100000000011000000000000111011010000111000000011000000100000000001001000110111
11111111111111111111111111111111111111111111111111111111111111111111110100000101011100100001000000110000001000000100010100100000000011000000000000111011010000111000000011000000100000000001001000110111
11111111111111111111111111111111111111111111111111111111111111111111111000000101011100100001000000110000001000000100010100100000000011000000000000111011010000111000000011000000100000000001001000110111
00000000000000000000000000000000000000000000000000000000000000000000000000000101011100100001000000110000001000000100010100100000000011000000000000111011010000111000000011000000100000000001001000110111
00000000000000000000000000000000000000000000000000000000000000000000000000000101011100100001000000110000001000000100010100100000000011000000000000111011010000111000000011000000100000000001001000110111
00000000000000000000000000000000000000000000000000000000000000000000000000000101011100100001000000110000001000000100010100100000000011000000000000111011010000111000000011000000100000000001001000110111
00000000000000000000000000000000000000000000000000000000000000000000000000000101011100100001000000110000001000000100010100100000000011000000000000111011010000111000000011000000100000000001001000110111
00000000000000000000000000000000000000000000000000000000000000000000000000000101011100100001000000110000001000000100010100100000000011000000000000111011010000111000000011000000100000000001001000110111
11111111111111111111111111111111111111111111111111111111111111111111111111111001011100100001000000110000001000000100010100100000000011000000000000111011010000111000000011000000100000000001001000110111
00000000000000000000000000000000000000000000000000000000000000000000000000000001011100100001000000110000001000000100010100100000000011000000000000111011010000111000000011000000100000000001001000110111
11111111111111111111111111111111111111111111111111111111111111111111111111111110011100100001000000110000001000000100010100100000000011000000000000111011010000111000000011000000100000000001001000110111
00000000000000000000000000000000000000000000000000000000000000000000000000000000011100100001000000110000001000000100010100100000000011000000000000111011010000111000000011000000100000000001001000110111
11111111111111111111111111111111111111111111111111111111111111111111111111111111101100100001000000110000001000000100010100100000000011000000000000111011010000111000000011000000100000000001001000110111
11111111111111111111111111111111111111111111111111111111111111111111111111111111110100100001000000110000001000000100010100100000000011000000000000111011010000111000000011000000100000000001001000110111
11111111111111111111111111111111111111111111111111111111111111111111111111111111111000100001000000110000001000000100010100100000000011000000000000111011010000111000000011000000100000000001001000110111
00000000000000000000000000000000000000000000000000000000000000000000000000000000000000100001000000110000001000000100010100100000000011000000000000111011010000111000000011000000100000000001001000110111
00000000000000000000000000000000000000000000000000000000000000000000000000000000000000100001000000110000001000000100010100100000000011000000000000111011010000111000000011000000100000000001001000110111
11111111111111111111111111111111111111111111111111111111111111111111111111111111111111000001000000110000001000000100010100100000000011000000000000111011010000111000000011000000100000000001001000110111
00000000000000000000000000000000000000000000000000000000000000000000000000000000000000000001000000110000001000000100010100100000000011000000000000111011010000111000000011000000100000000001001000110111
00000000000000000000000000000000000000000000000000000000000000000000000000000000000000000001000000110000001000000100010100100000000011000000000000111011010000111000000011000000100000000001001000110111
00000000000000000000000000000000000000000000000000000000000000000000000000000000000000000001000000110000001000000100010100100000000011000000000000111011010000111000000011000000100000000001001000110111
00000000000000000000000000000000000000000000000000000000000000000000000000000000000000000001000000110000001000000100010100100000000011000000000000111011010000111000000011000000100000000001001000110111
11111111111111111111111111111111111111111111111111111111111111111111111111111111111111111110000000110000001000000100010100100000000011000000000000111011010000111000000011000000100000000001001000110111
00000000000000000000000000000000000000000000000000000000000000000000000000000000000000000000000000110000001000000100010100100000000011000000000000111011010000111000000011000000100000000001001000110111
00000000000000000000000000000000000000000000000000000000000000000000000000000000000000000000000000110000001000000100010100100000000011000000000000111011010000111000000011000000100000000001001000110111
00000000000000000000000000000000000000000000000000000000000000000000000000000000000000000000000000110000001000000100010100100000000011000000000000111011010000111000000011000000100000000001001000110111
00000000000000000000000000000000000000000000000000000000000000000000000000000000000000000000000000110000001000000100010100100000000011000000000000111011010000111000000011000000100000000001001000110111
00000000000000000000000000000000000000000000000000000000000000000000000000000000000000000000000000110000001000000100010100100000000011000000000000111011010000111000000011000000100000000001001000110111
00000000000000000000000000000000000000000000000000000000000000000000000000000000000000000000000000110000001000000100010100100000000011000000000000111011010000111000000011000000100000000001001000110111
11111111111111111111111111111111111111111111111111111111111111111111111111111111111111111111111111010000001000000100010100100000000011000000000000111011010000111000000011000000100000000001001000110111
11111111111111111111111111111111111111111111111111111111111111111111111111111111111111111111111111100000001000000100010100100000000011000000000000111011010000111000000011000000100000000001001000110111
00000000000000000000000000000000000000000000000000000000000000000000000000000000000000000000000000000000001000000100010100100000000011000000000000111011010000111000000011000000100000000001001000110111
00000000000000000000000000000000000000000000000000000000000000000000000000000000000000000000000000000000001000000100010100100000000011000000000000111011010000111000000011000000100000000001001000110111
00000000000000000000000000000000000000000000000000000000000000000000000000000000000000000000000000000000001000000100010100100000000011000000000000111011010000111000000011000000100000000001001000110111
00000000000000000000000000000000000000000000000000000000000000000000000000000000000000000000000000000000001000000100010100100000000011000000000000111011010000111000000011000000100000000001001000110111
00000000000000000000000000000000000000000000000000000000000000000000000000000000000000000000000000000000001000000100010100100000000011000000000000111011010000111000000011000000100000000001001000110111
00000000000000000000000000000000000000000000000000000000000000000000000000000000000000000000000000000000001000000100010100100000000011000000000000111011010000111000000011000000100000000001001000110111
11111111111111111111111111111111111111111111111111111111111111111111111111111111111111111111111111111111110000000100010100100000000011000000000000111011010000111000000011000000100000000001001000110111
00000000000000000000000000000000000000000000000000000000000000000000000000000000000000000000000000000000000000000100010100100000000011000000000000111011010000111000000011000000100000000001001000110111
00000000000000000000000000000000000000000000000000000000000000000000000000000000000000000000000000000000000000000100010100100000000011000000000000111011010000111000000011000000100000000001001000110111
00000000000000000000000000000000000000000000000000000000000000000000000000000000000000000000000000000000000000000100010100100000000011000000000000111011010000111000000011000000100000000001001000110111
00000000000000000000000000000000000000000000000000000000000000000000000000000000000000000000000000000000000000000100010100100000000011000000000000111011010000111000000011000000100000000001001000110111
00000000000000000000000000000000000000000000000000000000000000000000000000000000000000000000000000000000000000000100010100100000000011000000000000111011010000111000000011000000100000000001001000110111
00000000000000000000000000000000000000000000000000000000000000000000000000000000000000000000000000000000000000000100010100100000000011000000000000111011010000111000000011000000100000000001001000110111
11111111111111111111111111111111111111111111111111111111111111111111111111111111111111111111111111111111111111111000010100100000000011000000000000111011010000111000000011000000100000000001001000110111
00000000000000000000000000000000000000000000000000000000000000000000000000000000000000000000000000000000000000000000010100100000000011000000000000111011010000111000000011000000100000000001001000110111
00000000000000000000000000000000000000000000000000000000000000000000000000000000000000000000000000000000000000000000010100100000000011000000000000111011010000111000000011000000100000000001001000110111
00000000000000000000000000000000000000000000000000000000000000000000000000000000000000000000000000000000000000000000010100100000000011000000000000111011010000111000000011000000100000000001001000110111
11111111111111111111111111111111111111111111111111111111111111111111111111111111111111111111111111111111111111111111100100100000000011000000000000111011010000111000000011000000100000000001001000110111
00000000000000000000000000000000000000000000000000000000000000000000000000000000000000000000000000000000000000000000000100100000000011000000000000111011010000111000000011000000100000000001001000110111
11111111111111111111111111111111111111111111111111111111111111111111111111111111111111111111111111111111111111111111111000100000000011000000000000111011010000111000000011000000100000000001001000110111
00000000000000000000000000000000000000000000000000000000000000000000000000000000000000000000000000000000000000000000000000100000000011000000000000111011010000111000000011000000100000000001001000110111
00000000000000000000000000000000000000000000000000000000000000000000000000000000000000000000000000000000000000000000000000100000000011000000000000111011010000111000000011000000100000000001001000110111
11111111111111111111111111111111111111111111111111111111111111111111111111111111111111111111111111111111111111111111111111000000000011000000000000111011010000111000000011000000100000000001001000110111
00000000000000000000000000000000000000000000000000000000000000000000000000000000000000000000000000000000000000000000000000000000000011000000000000111011010000111000000011000000100000000001001000110111
00000000000000000000000000000000000000000000000000000000000000000000000000000000000000000000000000000000000000000000000000000000000011000000000000111011010000111000000011000000100000000001001000110111
00000000000000000000000000000000000000000000000000000000000000000000000000000000000000000000000000000000000000000000000000000000000011000000000000111011010000111000000011000000100000000001001000110111
00000000000000000000000000000000000000000000000000000000000000000000000000000000000000000000000000000000000000000000000000000000000011000000000000111011010000111000000011000000100000000001001000110111
00000000000000000000000000000000000000000000000000000000000000000000000000000000000000000000000000000000000000000000000000000000000011000000000000111011010000111000000011000000100000000001001000110111
00000000000000000000000000000000000000000000000000000000000000000000000000000000000000000000000000000000000000000000000000000000000011000000000000111011010000111000000011000000100000000001001000110111
00000000000000000000000000000000000000000000000000000000000000000000000000000000000000000000000000000000000000000000000000000000000011000000000000111011010000111000000011000000100000000001001000110111
00000000000000000000000000000000000000000000000000000000000000000000000000000000000000000000000000000000000000000000000000000000000011000000000000111011010000111000000011000000100000000001001000110111
00000000000000000000000000000000000000000000000000000000000000000000000000000000000000000000000000000000000000000000000000000000000011000000000000111011010000111000000011000000100000000001001000110111
11111111111111111111111111111111111111111111111111111111111111111111111111111111111111111111111111111111111111111111111111111111111101000000000000111011010000111000000011000000100000000001001000110111
11111111111111111111111111111111111111111111111111111111111111111111111111111111111111111111111111111111111111111111111111111111111110000000000000111011010000111000000011000000100000000001001000110111
00000000000000000000000000000000000000000000000000000000000000000000000000000000000000000000000000000000000000000000000000000000000000000000000000111011010000111000000011000000100000000001001000110111
00000000000000000000000000000000000000000000000000000000000000000000000000000000000000000000000000000000000000000000000000000000000000000000000000111011010000111000000011000000100000000001001000110111
00000000000000000000000000000000000000000000000000000000000000000000000000000000000000000000000000000000000000000000000000000000000000000000000000111011010000111000000011000000100000000001001000110111
00000000000000000000000000000000000000000000000000000000000000000000000000000000000000000000000000000000000000000000000000000000000000000000000000111011010000111000000011000000100000000001001000110111
00000000000000000000000000000000000000000000000000000000000000000000000000000000000000000000000000000000000000000000000000000000000000000000000000111011010000111000000011000000100000000001001000110111
00000000000000000000000000000000000000000000000000000000000000000000000000000000000000000000000000000000000000000000000000000000000000000000000000111011010000111000000011000000100000000001001000110111
00000000000000000000000000000000000000000000000000000000000000000000000000000000000000000000000000000000000000000000000000000000000000000000000000111011010000111000000011000000100000000001001000110111
00000000000000000000000000000000000000000000000000000000000000000000000000000000000000000000000000000000000000000000000000000000000000000000000000111011010000111000000011000000100000000001001000110111
00000000000000000000000000000000000000000000000000000000000000000000000000000000000000000000000000000000000000000000000000000000000000000000000000111011010000111000000011000000100000000001001000110111
00000000000000000000000000000000000000000000000000000000000000000000000000000000000000000000000000000000000000000000000000000000000000000000000000111011010000111000000011000000100000000001001000110111
00000000000000000000000000000000000000000000000000000000000000000000000000000000000000000000000000000000000000000000000000000000000000000000000000111011010000111000000011000000100000000001001000110111
00000000000000000000000000000000000000000000000000000000000000000000000000000000000000000000000000000000000000000000000000000000000000000000000000111011010000111000000011000000100000000001001000110111
11111111111111111111111111111111111111111111111111111111111111111111111111111111111111111111111111111111111111111111111111111111111111111111111111011011010000111000000011000000100000000001001000110111
11111111111111111111111111111111111111111111111111111111111111111111111111111111111111111111111111111111111111111111111111111111111111111111111111101011010000111000000011000000100000000001001000110111
11111111111111111111111111111111111111111111111111111111111111111111111111111111111111111111111111111111111111111111111111111111111111111111111111110011010000111000000011000000100000000001001000110111
00000000000000000000000000000000000000000000000000000000000000000000000000000000000000000000000000000000000000000000000000000000000000000000000000000011010000111000000011000000100000000001001000110111
11111111111111111111111111111111111111111111111111111111111111111111111111111111111111111111111111111111111111111111111111111111111111111111111111111101010000111000000011000000100000000001001000110111
11111111111111111111111111111111111111111111111111111111111111111111111111111111111111111111111111111111111111111111111111111111111111111111111111111110010000111000000011000000100000000001001000110111
00000000000000000000000000000000000000000000000000000000000000000000000000000000000000000000000000000000000000000000000000000000000000000000000000000000010000111000000011000000100000000001001000110111
11111111111111111111111111111111111111111111111111111111111111111111111111111111111111111111111111111111111111111111111111111111111111111111111111111111100000111000000011000000100000000001001000110111
00000000000000000000000000000000000000000000000000000000000000000000000000000000000000000000000000000000000000000000000000000000000000000000000000000000000000111000000011000000100000000001001000110111
00000000000000000000000000000000000000000000000000000000000000000000000000000000000000000000000000000000000000000000000000000000000000000000000000000000000000111000000011000000100000000001001000110111
00000000000000000000000000000000000000000000000000000000000000000000000000000000000000000000000000000000000000000000000000000000000000000000000000000000000000111000000011000000100000000001001000110111
00000000000000000000000000000000000000000000000000000000000000000000000000000000000000000000000000000000000000000000000000000000000000000000000000000000000000111000000011000000100000000001001000110111
11111111111111111111111111111111111111111111111111111111111111111111111111111111111111111111111111111111111111111111111111111111111111111111111111111111111111011000000011000000100000000001001000110111
11111111111111111111111111111111111111111111111111111111111111111111111111111111111111111111111111111111111111111111111111111111111111111111111111111111111111101000000011000000100000000001001000110111
11111111111111111111111111111111111111111111111111111111111111111111111111111111111111111111111111111111111111111111111111111111111111111111111111111111111111110000000011000000100000000001001000110111
00000000000000000000000000000000000000000000000000000000000000000000000000000000000000000000000000000000000000000000000000000000000000000000000000000000000000000000000011000000100000000001001000110111
00000000000000000000000000000000000000000000000000000000000000000000000000000000000000000000000000000000000000000000000000000000000000000000000000000000000000000000000011000000100000000001001000110111
00000000000000000000000000000000000000000000000000000000000000000000000000000000000000000000000000000000000000000000000000000000000000000000000000000000000000000000000011000000100000000001001000110111
00000000000000000000000000000000000000000000000000000000000000000000000000000000000000000000000000000000000000000000000000000000000000000000000000000000000000000000000011000000100000000001001000110111
00000000000000000000000000000000000000000000000000000000000000000000000000000000000000000000000000000000000000000000000000000000000000000000000000000000000000000000000011000000100000000001001000110111
00000000000000000000000000000000000000000000000000000000000000000000000000000000000000000000000000000000000000000000000000000000000000000000000000000000000000000000000011000000100000000001001000110111
00000000000000000000000000000000000000000000000000000000000000000000000000000000000000000000000000000000000000000000000000000000000000000000000000000000000000000000000011000000100000000001001000110111
11111111111111111111111111111111111111111111111111111111111111111111111111111111111111111111111111111111111111111111111111111111111111111111111111111111111111111111111101000000100000000001001000110111
11111111111111111111111111111111111111111111111111111111111111111111111111111111111111111111111111111111111111111111111111111111111111111111111111111111111111111111111110000000100000000001001000110111
00000000000000000000000000000000000000000000000000000000000000000000000000000000000000000000000000000000000000000000000000000000000000000000000000000000000000000000000000000000100000000001001000110111
00000000000000000000000000000000000000000000000000000000000000000000000000000000000000000000000000000000000000000000000000000000000000000000000000000000000000000000000000000000100000000001001000110111
00000000000000000000000000000000000000000000000000000000000000000000000000000000000000000000000000000000000000000000000000000000000000000000000000000000000000000000000000000000100000000001001000110111
00000000000000000000000000000000000000000000000000000000000000000000000000000000000000000000000000000000000000000000000000000000000000000000000000000000000000000000000000000000100000000001001000110111
00000000000000000000000000000000000000000000000000000000000000000000000000000000000000000000000000000000000000000000000000000000000000000000000000000000000000000000000000000000100000000001001000110111
00000000000000000000000000000000000000000000000000000000000000000000000000000000000000000000000000000000000000000000000000000000000000000000000000000000000000000000000000000000100000000001001000110111
11111111111111111111111111111111111111111111111111111111111111111111111111111111111111111111111111111111111111111111111111111111111111111111111111111111111111111111111111111111000000000001001000110111
00000000000000000000000000000000000000000000000000000000000000000000000000000000000000000000000000000000000000000000000000000000000000000000000000000000000000000000000000000000000000000001001000110111
00000000000000000000000000000000000000000000000000000000000000000000000000000000000000000000000000000000000000000000000000000000000000000000000000000000000000000000000000000000000000000001001000110111
00000000000000000000000000000000000000000000000000000000000000000000000000000000000000000000000000000000000000000000000000000000000000000000000000000000000000000000000000000000000000000001001000110111
00000000000000000000000000000000000000000000000000000000000000000000000000000000000000000000000000000000000000000000000000000000000000000000000000000000000000000000000000000000000000000001001000110111
00000000000000000000000000000000000000000000000000000000000000000000000000000000000000000000000000000000000000000000000000000000000000000000000000000000000000000000000000000000000000000001001000110111
00000000000000000000000000000000000000000000000000000000000000000000000000000000000000000000000000000000000000000000000000000000000000000000000000000000000000000000000000000000000000000001001000110111
00000000000000000000000000000000000000000000000000000000000000000000000000000000000000000000000000000000000000000000000000000000000000000000000000000000000000000000000000000000000000000001001000110111
00000000000000000000000000000000000000000000000000000000000000000000000000000000000000000000000000000000000000000000000000000000000000000000000000000000000000000000000000000000000000000001001000110111
00000000000000000000000000000000000000000000000000000000000000000000000000000000000000000000000000000000000000000000000000000000000000000000000000000000000000000000000000000000000000000001001000110111
00000000000000000000000000000000000000000000000000000000000000000000000000000000000000000000000000000000000000000000000000000000000000000000000000000000000000000000000000000000000000000001001000110111
11111111111111111111111111111111111111111111111111111111111111111111111111111111111111111111111111111111111111111111111111111111111111111111111111111111111111111111111111111111111111111110001000110111
00000000000000000000000000000000000000000000000000000000000000000000000000000000000000000000000000000000000000000000000000000000000000000000000000000000000000000000000000000000000000000000001000110111
00000000000000000000000000000000000000000000000000000000000000000000000000000000000000000000000000000000000000000000000000000000000000000000000000000000000000000000000000000000000000000000001000110111
11111111111111111111111111111111111111111111111111111111111111111111111111111111111111111111111111111111111111111111111111111111111111111111111111111111111111111111111111111111111111111111110000110111
00000000000000000000000000000000000000000000000000000000000000000000000000000000000000000000000000000000000000000000000000000000000000000000000000000000000000000000000000000000000000000000000000110111
00000000000000000000000000000000000000000000000000000000000000000000000000000000000000000000000000000000000000000000000000000000000000000000000000000000000000000000000000000000000000000000000000110111
00000000000000000000000000000000000000000000000000000000000000000000000000000000000000000000000000000000000000000000000000000000000000000000000000000000000000000000000000000000000000000000000000110111
11111111111111111111111111111111111111111111111111111111111111111111111111111111111111111111111111111111111111111111111111111111111111111111111111111111111111111111111111111111111111111111111111010111
11111111111111111111111111111111111111111111111111111111111111111111111111111111111111111111111111111111111111111111111111111111111111111111111111111111111111111111111111111111111111111111111111100111
00000000000000000000000000000000000000000000000000000000000000000000000000000000000000000000000000000000000000000000000000000000000000000000000000000000000000000000000000000000000000000000000000000111
11111111111111111111111111111111111111111111111111111111111111111111111111111111111111111111111111111111111111111111111111111111111111111111111111111111111111111111111111111111111111111111111111111011
11111111111111111111111111111111111111111111111111111111111111111111111111111111111111111111111111111111111111111111111111111111111111111111111111111111111111111111111111111111111111111111111111111101
11111111111111111111111111111111111111111111111111111111111111111111111111111111111111111111111111111111111111111111111111111111111111111111111111111111111111111111111111111111111111111111111111111110
