00010010000001010000000101000100101000000010100000010011000100000000000000001001010000010100000001000001000100001000110011100010000000010000101000001100000100001000000000000000100000001000110000010001
00010010000001010000000101000100101000000010100000010011000100000000000000001001010000010100000001000001000100001000110011100010000000010000101000001100000100001000000000000000100000001000110000010001
00010010000001010000000101000100101000000010100000010011000100000000000000001001010000010100000001000001000100001000110011100010000000010000101000001100000100001000000000000000100000001000110000010001
11100010000001010000000101000100101000000010100000010011000100000000000000001001010000010100000001000001000100001000110011100010000000010000101000001100000100001000000000000000100000001000110000010001
00000010000001010000000101000100101000000010100000010011000100000000000000001001010000010100000001000001000100001000110011100010000000010000101000001100000100001000000000000000100000001000110000010001
00000010000001010000000101000100101000000010100000010011000100000000000000001001010000010100000001000001000100001000110011100010000000010000101000001100000100001000000000000000100000001000110000010001
11111100000001010000000101000100101000000010100000010011000100000000000000001001010000010100000001000001000100001000110011100010000000010000101000001100000100001000000000000000100000001000110000010001
00000000000001010000000101000100101000000010100000010011000100000000000000001001010000010100000001000001000100001000110011100010000000010000101000001100000100001000000000000000100000001000110000010001
00000000000001010000000101000100101000000010100000010011000100000000000000001001010000010100000001000001000100001000110011100010000000010000101000001100000100001000000000000000100000001000110000010001
00000000000001010000000101000100101000000010100000010011000100000000000000001001010000010100000001000001000100001000110011100010000000010000101000001100000100001000000000000000100000001000110000010001
00000000000001010000000101000100101000000010100000010011000100000000000000001001010000010100000001000001000100001000110011100010000000010000101000001100000100001000000000000000100000001000110000010001
00000000000001010000000101000100101000000010100000010011000100000000000000001001010000010100000001000001000100001000110011100010000000010000101000001100000100001000000000000000100000001000110000010001
00000000000001010000000101000100101000000010100000010011000100000000000000001001010000010100000001000001000100001000110011100010000000010000101000001100000100001000000000000000100000001000110000010001
11111111111110010000000101000100101000000010100000010011000100000000000000001001010000010100000001000001000100001000110011100010000000010000101000001100000100001000000000000000100000001000110000010001
00000000000000010000000101000100101000000010100000010011000100000000000000001001010000010100000001000001000100001000110011100010000000010000101000001100000100001000000000000000100000001000110000010001
11111111111111100000000101000100101000000010100000010011000100000000000000001001010000010100000001000001000100001000110011100010000000010000101000001100000100001000000000000000100000001000110000010001
00000000000000000000000101000100101000000010100000010011000100000000000000001001010000010100000001000001000100001000110011100010000000010000101000001100000100001000000000000000100000001000110000010001
00000000000000000000000101000100101000000010100000010011000100000000000000001001010000010100000001000001000100001000110011100010000000010000101000001100000100001000000000000000100000001000110000010001
00000000000000000000000101000100101000000010100000010011000100000000000000001001010000010100000001000001000100001000110011100010000000010000101000001100000100001000000000000000100000001000110000010001
00000000000000000000000101000100101000000010100000010011000100000000000000001001010000010100000001000001000100001000110011100010000000010000101000001100000100001000000000000000100000001000110000010001
00000000000000000000000101000100101000000010100000010011000100000000000000001001010000010100000001000001000100001000110011100010000000010000101000001100000100001000000000000000100000001000110000010001
00000000000000000000000101000100101000000010100000010011000100000000000000001001010000010100000001000001000100001000110011100010000000010000101000001100000100001000000000000000100000001000110000010001
00000000000000000000000101000100101000000010100000010011000100000000000000001001010000010100000001000001000100001000110011100010000000010000101000001100000100001000000000000000100000001000110000010001
11111111111111111111111001000100101000000010100000010011000100000000000000001001010000010100000001000001000100001000110011100010000000010000101000001100000100001000000000000000100000001000110000010001
00000000000000000000000001000100101000000010100000010011000100000000000000001001010000010100000001000001000100001000110011100010000000010000101000001100000100001000000000000000100000001000110000010001
11111111111111111111111110000100101000000010100000010011000100000000000000001001010000010100000001000001000100001000110011100010000000010000101000001100000100001000000000000000100000001000110000010001
00000000000000000000000000000100101000000010100000010011000100000000000000001001010000010100000001000001000100001000110011100010000000010000101000001100000100001000000000000000100000001000110000010001
00000000000000000000000000000100101000000010100000010011000100000000000000001001010000010100000001000001000100001000110011100010000000010000101000001100000100001000000000000000100000001000110000010001
00000000000000000000000000000100101000000010100000010011000100000000000000001001010000010100000001000001000100001000110011100010000000010000101000001100000100001000000000000000100000001000110000010001
11111111111111111111111111111000101000000010100000010011000100000000000000001001010000010100000001000001000100001000110011100010000000010000101000001100000100001000000000000000100000001000110000010001
00000000000000000000000000000000101000000010100000010011000100000000000000001001010000010100000001000001000100001000110011100010000000010000101000001100000100001000000000000000100000001000110000010001
00000000000000000000000000000000101000000010100000010011000100000000000000001001010000010100000001000001000100001000110011100010000000010000101000001100000100001000000000000000100000001000110000010001
11111111111111111111111111111111001000000010100000010011000100000000000000001001010000010100000001000001000100001000110011100010000000010000101000001100000100001000000000000000100000001000110000010001
00000000000000000000000000000000001000000010100000010011000100000000000000001001010000010100000001000001000100001000110011100010000000010000101000001100000100001000000000000000100000001000110000010001
11111111111111111111111111111111110000000010100000010011000100000000000000001001010000010100000001000001000100001000110011100010000000010000101000001100000100001000000000000000100000001000110000010001
00000000000000000000000000000000000000000010100000010011000100000000000000001001010000010100000001000001000100001000110011100010000000010000101000001100000100001000000000000000100000001000110000010001
00000000000000000000000000000000000000000010100000010011000100000000000000001001010000010100000001000001000100001000110011100010000000010000101000001100000100001000000000000000100000001000110000010001
00000000000000000000000000000000000000000010100000010011000100000000000000001001010000010100000001000001000100001000110011100010000000010000101000001100000100001000000000000000100000001000110000010001
00000000000000000000000000000000000000000010100000010011000100000000000000001001010000010100000001000001000100001000110011100010000000010000101000001100000100001000000000000000100000001000110000010001
00000000000000000000000000000000000000000010100000010011000100000000000000001001010000010100000001000001000100001000110011100010000000010000101000001100000100001000000000000000100000001000110000010001
00000000000000000000000000000000000000000010100000010011000100000000000000001001010000010100000001000001000100001000110011100010000000010000101000001100000100001000000000000000100000001000110000010001
00000000000000000000000000000000000000000010100000010011000100000000000000001001010000010100000001000001000100001000110011100010000000010000101000001100000100001000000000000000100000001000110000010001
11111111111111111111111111111111111111111100100000010011000100000000000000001001010000010100000001000001000100001000110011100010000000010000101000001100000100001000000000000000100000001000110000010001
00000000000000000000000000000000000000000000100000010011000100000000000000001001010000010100000001000001000100001000110011100010000000010000101000001100000100001000000000000000100000001000110000010001
11111111111111111111111111111111111111111111000000010011000100000000000000001001010000010100000001000001000100001000110011100010000000010000101000001100000100001000000000000000100000001000110000010001
00000000000000000000000000000000000000000000000000010011000100000000000000001001010000010100000001000001000100001000110011100010000000010000101000001100000100001000000000000000100000001000110000010001
00000000000000000000000000000000000000000000000000010011000100000000000000001001010000010100000001000001000100001000110011100010000000010000101000001100000100001000000000000000100000001000110000010001
00000000000000000000000000000000000000000000000000010011000100000000000000001001010000010100000001000001000100001000110011100010000000010000101000001100000100001000000000000000100000001000110000010001
00000000000000000000000000000000000000000000000000010011000100000000000000001001010000010100000001000001000100001000110011100010000000010000101000001100000100001000000000000000100000001000110000010001
00000000000000000000000000000000000000000000000000010011000100000000000000001001010000010100000001000001000100001000110011100010000000010000101000001100000100001000000000000000100000001000110000010001
00000000000000000000000000000000000000000000000000010011000100000000000000001001010000010100000001000001000100001000110011100010000000010000101000001100000100001000000000000000100000001000110000010001
11111111111111111111111111111111111111111111111111100011000100000000000000001001010000010100000001000001000100001000110011100010000000010000101000001100000100001000000000000000100000001000110000010001
00000000000000000000000000000000000000000000000000000011000100000000000000001001010000010100000001000001000100001000110011100010000000010000101000001100000100001000000000000000100000001000110000010001
00000000000000000000000000000000000000000000000000000011000100000000000000001001010000010100000001000001000100001000110011100010000000010000101000001100000100001000000000000000100000001000110000010001
11111111111111111111111111111111111111111111111111111101000100000000000000001001010000010100000001000001000100001000110011100010000000010000101000001100000100001000000000000000100000001000110000010001
11111111111111111111111111111111111111111111111111111110000100000000000000001001010000010100000001000001000100001000110011100010000000010000101000001100000100001000000000000000100000001000110000010001
00000000000000000000000000000000000000000000000000000000000100000000000000001001010000010100000001000001000100001000110011100010000000010000101000001100000100001000000000000000100000001000110000010001
00000000000000000000000000000000000000000000000000000000000100000000000000001001010000010100000001000001000100001000110011100010000000010000101000001100000100001000000000000000100000001000110000010001
00000000000000000000000000000000000000000000000000000000000100000000000000001001010000010100000001000001000100001000110011100010000000010000101000001100000100001000000000000000100000001000110000010001
11111111111111111111111111111111111111111111111111111111111000000000000000001001010000010100000001000001000100001000110011100010000000010000101000001100000100001000000000000000100000001000110000010001
00000000000000000000000000000000000000000000000000000000000000000000000000001001010000010100000001000001000100001000110011100010000000010000101000001100000100001000000000000000100000001000110000010001
00000000000000000000000000000000000000000000000000000000000000000000000000001001010000010100000001000001000100001000110011100010000000010000101000001100000100001000000000000000100000001000110000010001
00000000000000000000000000000000000000000000000000000000000000000000000000001001010000010100000001000001000100001000110011100010000000010000101000001100000100001000000000000000100000001000110000010001
00000000000000000000000000000000000000000000000000000000000000000000000000001001010000010100000001000001000100001000110011100010000000010000101000001100000100001000000000000000100000001000110000010001
00000000000000000000000000000000000000000000000000000000000000000000000000001001010000010100000001000001000100001000110011100010000000010000101000001100000100001000000000000000100000001000110000010001
00000000000000000000000000000000000000000000000000000000000000000000000000001001010000010100000001000001000100001000110011100010000000010000101000001100000100001000000000000000100000001000110000010001
00000000000000000000000000000000000000000000000000000000000000000000000000001001010000010100000001000001000100001000110011100010000000010000101000001100000100001000000000000000100000001000110000010001
00000000000000000000000000000000000000000000000000000000000000000000000000001001010000010100000001000001000100001000110011100010000000010000101000001100000100001000000000000000100000001000110000010001
00000000000000000000000000000000000000000000000000000000000000000000000000001001010000010100000001000001000100001000110011100010000000010000101000001100000100001000000000000000100000001000110000010001
00000000000000000000000000000000000000000000000000000000000000000000000000001001010000010100000001000001000100001000110011100010000000010000101000001100000100001000000000000000100000001000110000010001
00000000000000000000000000000000000000000000000000000000000000000000000000001001010000010100000001000001000100001000110011100010000000010000101000001100000100001000000000000000100000001000110000010001
00000000000000000000000000000000000000000000000000000000000000000000000000001001010000010100000001000001000100001000110011100010000000010000101000001100000100001000000000000000100000001000110000010001
00000000000000000000000000000000000000000000000000000000000000000000000000001001010000010100000001000001000100001000110011100010000000010000101000001100000100001000000000000000100000001000110000010001
00000000000000000000000000000000000000000000000000000000000000000000000000001001010000010100000001000001000100001000110011100010000000010000101000001100000100001000000000000000100000001000110000010001
00000000000000000000000000000000000000000000000000000000000000000000000000001001010000010100000001000001000100001000110011100010000000010000101000001100000100001000000000000000100000001000110000010001
00000000000000000000000000000000000000000000000000000000000000000000000000001001010000010100000001000001000100001000110011100010000000010000101000001100000100001000000000000000100000001000110000010001
11111111111111111111111111111111111111111111111111111111111111111111111111110001010000010100000001000001000100001000110011100010000000010000101000001100000100001000000000000000100000001000110000010001
00000000000000000000000000000000000000000000000000000000000000000000000000000001010000010100000001000001000100001000110011100010000000010000101000001100000100001000000000000000100000001000110000010001
00000000000000000000000000000000000000000000000000000000000000000000000000000001010000010100000001000001000100001000110011100010000000010000101000001100000100001000000000000000100000001000110000010001
11111111111111111111111111111111111111111111111111111111111111111111111111111110010000010100000001000001000100001000110011100010000000010000101000001100000100001000000000000000100000001000110000010001
00000000000000000000000000000000000000000000000000000000000000000000000000000000010000010100000001000001000100001000110011100010000000010000101000001100000100001000000000000000100000001000110000010001
11111111111111111111111111111111111111111111111111111111111111111111111111111111100000010100000001000001000100001000110011100010000000010000101000001100000100001000000000000000100000001000110000010001
00000000000000000000000000000000000000000000000000000000000000000000000000000000000000010100000001000001000100001000110011100010000000010000101000001100000100001000000000000000100000001000110000010001
00000000000000000000000000000000000000000000000000000000000000000000000000000000000000010100000001000001000100001000110011100010000000010000101000001100000100001000000000000000100000001000110000010001
00000000000000000000000000000000000000000000000000000000000000000000000000000000000000010100000001000001000100001000110011100010000000010000101000001100000100001000000000000000100000001000110000010001
00000000000000000000000000000000000000000000000000000000000000000000000000000000000000010100000001000001000100001000110011100010000000010000101000001100000100001000000000000000100000001000110000010001
00000000000000000000000000000000000000000000000000000000000000000000000000000000000000010100000001000001000100001000110011100010000000010000101000001100000100001000000000000000100000001000110000010001
11111111111111111111111111111111111111111111111111111111111111111111111111111111111111100100000001000001000100001000110011100010000000010000101000001100000100001000000000000000100000001000110000010001
00000000000000000000000000000000000000000000000000000000000000000000000000000000000000000100000001000001000100001000110011100010000000010000101000001100000100001000000000000000100000001000110000010001
11111111111111111111111111111111111111111111111111111111111111111111111111111111111111111000000001000001000100001000110011100010000000010000101000001100000100001000000000000000100000001000110000010001
00000000000000000000000000000000000000000000000000000000000000000000000000000000000000000000000001000001000100001000110011100010000000010000101000001100000100001000000000000000100000001000110000010001
00000000000000000000000000000000000000000000000000000000000000000000000000000000000000000000000001000001000100001000110011100010000000010000101000001100000100001000000000000000100000001000110000010001
00000000000000000000000000000000000000000000000000000000000000000000000000000000000000000000000001000001000100001000110011100010000000010000101000001100000100001000000000000000100000001000110000010001
00000000000000000000000000000000000000000000000000000000000000000000000000000000000000000000000001000001000100001000110011100010000000010000101000001100000100001000000000000000100000001000110000010001
00000000000000000000000000000000000000000000000000000000000000000000000000000000000000000000000001000001000100001000110011100010000000010000101000001100000100001000000000000000100000001000110000010001
00000000000000000000000000000000000000000000000000000000000000000000000000000000000000000000000001000001000100001000110011100010000000010000101000001100000100001000000000000000100000001000110000010001
00000000000000000000000000000000000000000000000000000000000000000000000000000000000000000000000001000001000100001000110011100010000000010000101000001100000100001000000000000000100000001000110000010001
11111111111111111111111111111111111111111111111111111111111111111111111111111111111111111111111110000001000100001000110011100010000000010000101000001100000100001000000000000000100000001000110000010001
00000000000000000000000000000000000000000000000000000000000000000000000000000000000000000000000000000001000100001000110011100010000000010000101000001100000100001000000000000000100000001000110000010001
00000000000000000000000000000000000000000000000000000000000000000000000000000000000000000000000000000001000100001000110011100010000000010000101000001100000100001000000000000000100000001000110000010001
00000000000000000000000000000000000000000000000000000000000000000000000000000000000000000000000000000001000100001000110011100010000000010000101000001100000100001000000000000000100000001000110000010001
00000000000000000000000000000000000000000000000000000000000000000000000000000000000000000000000000000001000100001000110011100010000000010000101000001100000100001000000000000000100000001000110000010001
00000000000000000000000000000000000000000000000000000000000000000000000000000000000000000000000000000001000100001000110011100010000000010000101000001100000100001000000000000000100000001000110000010001
11111111111111111111111111111111111111111111111111111111111111111111111111111111111111111111111111111110000100001000110011100010000000010000101000001100000100001000000000000000100000001000110000010001
00000000000000000000000000000000000000000000000000000000000000000000000000000000000000000000000000000000000100001000110011100010000000010000101000001100000100001000000000000000100000001000110000010001
00000000000000000000000000000000000000000000000000000000000000000000000000000000000000000000000000000000000100001000110011100010000000010000101000001100000100001000000000000000100000001000110000010001
00000000000000000000000000000000000000000000000000000000000000000000000000000000000000000000000000000000000100001000110011100010000000010000101000001100000100001000000000000000100000001000110000010001
11111111111111111111111111111111111111111111111111111111111111111111111111111111111111111111111111111111111000001000110011100010000000010000101000001100000100001000000000000000100000001000110000010001
00000000000000000000000000000000000000000000000000000000000000000000000000000000000000000000000000000000000000001000110011100010000000010000101000001100000100001000000000000000100000001000110000010001
00000000000000000000000000000000000000000000000000000000000000000000000000000000000000000000000000000000000000001000110011100010000000010000101000001100000100001000000000000000100000001000110000010001
00000000000000000000000000000000000000000000000000000000000000000000000000000000000000000000000000000000000000001000110011100010000000010000101000001100000100001000000000000000100000001000110000010001
00000000000000000000000000000000000000000000000000000000000000000000000000000000000000000000000000000000000000001000110011100010000000010000101000001100000100001000000000000000100000001000110000010001
11111111111111111111111111111111111111111111111111111111111111111111111111111111111111111111111111111111111111110000110011100010000000010000101000001100000100001000000000000000100000001000110000010001
00000000000000000000000000000000000000000000000000000000000000000000000000000000000000000000000000000000000000000000110011100010000000010000101000001100000100001000000000000000100000001000110000010001
00000000000000000000000000000000000000000000000000000000000000000000000000000000000000000000000000000000000000000000110011100010000000010000101000001100000100001000000000000000100000001000110000010001
00000000000000000000000000000000000000000000000000000000000000000000000000000000000000000000000000000000000000000000110011100010000000010000101000001100000100001000000000000000100000001000110000010001
11111111111111111111111111111111111111111111111111111111111111111111111111111111111111111111111111111111111111111111010011100010000000010000101000001100000100001000000000000000100000001000110000010001
11111111111111111111111111111111111111111111111111111111111111111111111111111111111111111111111111111111111111111111100011100010000000010000101000001100000100001000000000000000100000001000110000010001
00000000000000000000000000000000000000000000000000000000000000000000000000000000000000000000000000000000000000000000000011100010000000010000101000001100000100001000000000000000100000001000110000010001
00000000000000000000000000000000000000000000000000000000000000000000000000000000000000000000000000000000000000000000000011100010000000010000101000001100000100001000000000000000100000001000110000010001
11111111111111111111111111111111111111111111111111111111111111111111111111111111111111111111111111111111111111111111111101100010000000010000101000001100000100001000000000000000100000001000110000010001
11111111111111111111111111111111111111111111111111111111111111111111111111111111111111111111111111111111111111111111111110100010000000010000101000001100000100001000000000000000100000001000110000010001
11111111111111111111111111111111111111111111111111111111111111111111111111111111111111111111111111111111111111111111111111000010000000010000101000001100000100001000000000000000100000001000110000010001
00000000000000000000000000000000000000000000000000000000000000000000000000000000000000000000000000000000000000000000000000000010000000010000101000001100000100001000000000000000100000001000110000010001
00000000000000000000000000000000000000000000000000000000000000000000000000000000000000000000000000000000000000000000000000000010000000010000101000001100000100001000000000000000100000001000110000010001
00000000000000000000000000000000000000000000000000000000000000000000000000000000000000000000000000000000000000000000000000000010000000010000101000001100000100001000000000000000100000001000110000010001
11111111111111111111111111111111111111111111111111111111111111111111111111111111111111111111111111111111111111111111111111111100000000010000101000001100000100001000000000000000100000001000110000010001
00000000000000000000000000000000000000000000000000000000000000000000000000000000000000000000000000000000000000000000000000000000000000010000101000001100000100001000000000000000100000001000110000010001
00000000000000000000000000000000000000000000000000000000000000000000000000000000000000000000000000000000000000000000000000000000000000010000101000001100000100001000000000000000100000001000110000010001
00000000000000000000000000000000000000000000000000000000000000000000000000000000000000000000000000000000000000000000000000000000000000010000101000001100000100001000000000000000100000001000110000010001
00000000000000000000000000000000000000000000000000000000000000000000000000000000000000000000000000000000000000000000000000000000000000010000101000001100000100001000000000000000100000001000110000010001
00000000000000000000000000000000000000000000000000000000000000000000000000000000000000000000000000000000000000000000000000000000000000010000101000001100000100001000000000000000100000001000110000010001
00000000000000000000000000000000000000000000000000000000000000000000000000000000000000000000000000000000000000000000000000000000000000010000101000001100000100001000000000000000100000001000110000010001
00000000000000000000000000000000000000000000000000000000000000000000000000000000000000000000000000000000000000000000000000000000000000010000101000001100000100001000000000000000100000001000110000010001
00000000000000000000000000000000000000000000000000000000000000000000000000000000000000000000000000000000000000000000000000000000000000010000101000001100000100001000000000000000100000001000110000010001
11111111111111111111111111111111111111111111111111111111111111111111111111111111111111111111111111111111111111111111111111111111111111100000101000001100000100001000000000000000100000001000110000010001
00000000000000000000000000000000000000000000000000000000000000000000000000000000000000000000000000000000000000000000000000000000000000000000101000001100000100001000000000000000100000001000110000010001
00000000000000000000000000000000000000000000000000000000000000000000000000000000000000000000000000000000000000000000000000000000000000000000101000001100000100001000000000000000100000001000110000010001
00000000000000000000000000000000000000000000000000000000000000000000000000000000000000000000000000000000000000000000000000000000000000000000101000001100000100001000000000000000100000001000110000010001
00000000000000000000000000000000000000000000000000000000000000000000000000000000000000000000000000000000000000000000000000000000000000000000101000001100000100001000000000000000100000001000110000010001
11111111111111111111111111111111111111111111111111111111111111111111111111111111111111111111111111111111111111111111111111111111111111111111001000001100000100001000000000000000100000001000110000010001
00000000000000000000000000000000000000000000000000000000000000000000000000000000000000000000000000000000000000000000000000000000000000000000001000001100000100001000000000000000100000001000110000010001
11111111111111111111111111111111111111111111111111111111111111111111111111111111111111111111111111111111111111111111111111111111111111111111110000001100000100001000000000000000100000001000110000010001
00000000000000000000000000000000000000000000000000000000000000000000000000000000000000000000000000000000000000000000000000000000000000000000000000001100000100001000000000000000100000001000110000010001
00000000000000000000000000000000000000000000000000000000000000000000000000000000000000000000000000000000000000000000000000000000000000000000000000001100000100001000000000000000100000001000110000010001
00000000000000000000000000000000000000000000000000000000000000000000000000000000000000000000000000000000000000000000000000000000000000000000000000001100000100001000000000000000100000001000110000010001
00000000000000000000000000000000000000000000000000000000000000000000000000000000000000000000000000000000000000000000000000000000000000000000000000001100000100001000000000000000100000001000110000010001
00000000000000000000000000000000000000000000000000000000000000000000000000000000000000000000000000000000000000000000000000000000000000000000000000001100000100001000000000000000100000001000110000010001
11111111111111111111111111111111111111111111111111111111111111111111111111111111111111111111111111111111111111111111111111111111111111111111111111110100000100001000000000000000100000001000110000010001
11111111111111111111111111111111111111111111111111111111111111111111111111111111111111111111111111111111111111111111111111111111111111111111111111111000000100001000000000000000100000001000110000010001
00000000000000000000000000000000000000000000000000000000000000000000000000000000000000000000000000000000000000000000000000000000000000000000000000000000000100001000000000000000100000001000110000010001
00000000000000000000000000000000000000000000000000000000000000000000000000000000000000000000000000000000000000000000000000000000000000000000000000000000000100001000000000000000100000001000110000010001
00000000000000000000000000000000000000000000000000000000000000000000000000000000000000000000000000000000000000000000000000000000000000000000000000000000000100001000000000000000100000001000110000010001
00000000000000000000000000000000000000000000000000000000000000000000000000000000000000000000000000000000000000000000000000000000000000000000000000000000000100001000000000000000100000001000110000010001
00000000000000000000000000000000000000000000000000000000000000000000000000000000000000000000000000000000000000000000000000000000000000000000000000000000000100001000000000000000100000001000110000010001
11111111111111111111111111111111111111111111111111111111111111111111111111111111111111111111111111111111111111111111111111111111111111111111111111111111111000001000000000000000100000001000110000010001
00000000000000000000000000000000000000000000000000000000000000000000000000000000000000000000000000000000000000000000000000000000000000000000000000000000000000001000000000000000100000001000110000010001
00000000000000000000000000000000000000000000000000000000000000000000000000000000000000000000000000000000000000000000000000000000000000000000000000000000000000001000000000000000100000001000110000010001
00000000000000000000000000000000000000000000000000000000000000000000000000000000000000000000000000000000000000000000000000000000000000000000000000000000000000001000000000000000100000001000110000010001
00000000000000000000000000000000000000000000000000000000000000000000000000000000000000000000000000000000000000000000000000000000000000000000000000000000000000001000000000000000100000001000110000010001
11111111111111111111111111111111111111111111111111111111111111111111111111111111111111111111111111111111111111111111111111111111111111111111111111111111111111110000000000000000100000001000110000010001
00000000000000000000000000000000000000000000000000000000000000000000000000000000000000000000000000000000000000000000000000000000000000000000000000000000000000000000000000000000100000001000110000010001
00000000000000000000000000000000000000000000000000000000000000000000000000000000000000000000000000000000000000000000000000000000000000000000000000000000000000000000000000000000100000001000110000010001
00000000000000000000000000000000000000000000000000000000000000000000000000000000000000000000000000000000000000000000000000000000000000000000000000000000000000000000000000000000100000001000110000010001
00000000000000000000000000000000000000000000000000000000000000000000000000000000000000000000000000000000000000000000000000000000000000000000000000000000000000000000000000000000100000001000110000010001
00000000000000000000000000000000000000000000000000000000000000000000000000000000000000000000000000000000000000000000000000000000000000000000000000000000000000000000000000000000100000001000110000010001
00000000000000000000000000000000000000000000000000000000000000000000000000000000000000000000000000000000000000000000000000000000000000000000000000000000000000000000000000000000100000001000110000010001
00000000000000000000000000000000000000000000000000000000000000000000000000000000000000000000000000000000000000000000000000000000000000000000000000000000000000000000000000000000100000001000110000010001
00000000000000000000000000000000000000000000000000000000000000000000000000000000000000000000000000000000000000000000000000000000000000000000000000000000000000000000000000000000100000001000110000010001
00000000000000000000000000000000000000000000000000000000000000000000000000000000000000000000000000000000000000000000000000000000000000000000000000000000000000000000000000000000100000001000110000010001
00000000000000000000000000000000000000000000000000000000000000000000000000000000000000000000000000000000000000000000000000000000000000000000000000000000000000000000000000000000100000001000110000010001
00000000000000000000000000000000000000000000000000000000000000000000000000000000000000000000000000000000000000000000000000000000000000000000000000000000000000000000000000000000100000001000110000010001
00000000000000000000000000000000000000000000000000000000000000000000000000000000000000000000000000000000000000000000000000000000000000000000000000000000000000000000000000000000100000001000110000010001
00000000000000000000000000000000000000000000000000000000000000000000000000000000000000000000000000000000000000000000000000000000000000000000000000000000000000000000000000000000100000001000110000010001
00000000000000000000000000000000000000000000000000000000000000000000000000000000000000000000000000000000000000000000000000000000000000000000000000000000000000000000000000000000100000001000110000010001
00000000000000000000000000000000000000000000000000000000000000000000000000000000000000000000000000000000000000000000000000000000000000000000000000000000000000000000000000000000100000001000110000010001
11111111111111111111111111111111111111111111111111111111111111111111111111111111111111111111111111111111111111111111111111111111111111111111111111111111111111111111111111111111000000001000110000010001
00000000000000000000000000000000000000000000000000000000000000000000000000000000000000000000000000000000000000000000000000000000000000000000000000000000000000000000000000000000000000001000110000010001
00000000000000000000000000000000000000000000000000000000000000000000000000000000000000000000000000000000000000000000000000000000000000000000000000000000000000000000000000000000000000001000110000010001
00000000000000000000000000000000000000000000000000000000000000000000000000000000000000000000000000000000000000000000000000000000000000000000000000000000000000000000000000000000000000001000110000010001
00000000000000000000000000000000000000000000000000000000000000000000000000000000000000000000000000000000000000000000000000000000000000000000000000000000000000000000000000000000000000001000110000010001
00000000000000000000000000000000000000000000000000000000000000000000000000000000000000000000000000000000000000000000000000000000000000000000000000000000000000000000000000000000000000001000110000010001
00000000000000000000000000000000000000000000000000000000000000000000000000000000000000000000000000000000000000000000000000000000000000000000000000000000000000000000000000000000000000001000110000010001
00000000000000000000000000000000000000000000000000000000000000000000000000000000000000000000000000000000000000000000000000000000000000000000000000000000000000000000000000000000000000001000110000010001
11111111111111111111111111111111111111111111111111111111111111111111111111111111111111111111111111111111111111111111111111111111111111111111111111111111111111111111111111111111111111110000110000010001
00000000000000000000000000000000000000000000000000000000000000000000000000000000000000000000000000000000000000000000000000000000000000000000000000000000000000000000000000000000000000000000110000010001
00000000000000000000000000000000000000000000000000000000000000000000000000000000000000000000000000000000000000000000000000000000000000000000000000000000000000000000000000000000000000000000110000010001
00000000000000000000000000000000000000000000000000000000000000000000000000000000000000000000000000000000000000000000000000000000000000000000000000000000000000000000000000000000000000000000110000010001
11111111111111111111111111111111111111111111111111111111111111111111111111111111111111111111111111111111111111111111111111111111111111111111111111111111111111111111111111111111111111111111010000010001
11111111111111111111111111111111111111111111111111111111111111111111111111111111111111111111111111111111111111111111111111111111111111111111111111111111111111111111111111111111111111111111100000010001
00000000000000000000000000000000000000000000000000000000000000000000000000000000000000000000000000000000000000000000000000000000000000000000000000000000000000000000000000000000000000000000000000010001
00000000000000000000000000000000000000000000000000000000000000000000000000000000000000000000000000000000000000000000000000000000000000000000000000000000000000000000000000000000000000000000000000010001
00000000000000000000000000000000000000000000000000000000000000000000000000000000000000000000000000000000000000000000000000000000000000000000000000000000000000000000000000000000000000000000000000010001
00000000000000000000000000000000000000000000000000000000000000000000000000000000000000000000000000000000000000000000000000000000000000000000000000000000000000000000000000000000000000000000000000010001
00000000000000000000000000000000000000000000000000000000000000000000000000000000000000000000000000000000000000000000000000000000000000000000000000000000000000000000000000000000000000000000000000010001
11111111111111111111111111111111111111111111111111111111111111111111111111111111111111111111111111111111111111111111111111111111111111111111111111111111111111111111111111111111111111111111111111100001
00000000000000000000000000000000000000000000000000000000000000000000000000000000000000000000000000000000000000000000000000000000000000000000000000000000000000000000000000000000000000000000000000000001
00000000000000000000000000000000000000000000000000000000000000000000000000000000000000000000000000000000000000000000000000000000000000000000000000000000000000000000000000000000000000000000000000000001
00000000000000000000000000000000000000000000000000000000000000000000000000000000000000000000000000000000000000000000000000000000000000000000000000000000000000000000000000000000000000000000000000000001
11111111111111111111111111111111111111111111111111111111111111111111111111111111111111111111111111111111111111111111111111111111111111111111111111111111111111111111111111111111111111111111111111111110
