0010100111000110011001101010100010110000000001011111100100010000000100110001111010011100101111011101
0010100111000110011001101010100010110000000001011111100100010000000100110001111010011100101111011101
1100100111000110011001101010100010110000000001011111100100010000000100110001111010011100101111011101
0000100111000110011001101010100010110000000001011111100100010000000100110001111010011100101111011101
1111000111000110011001101010100010110000000001011111100100010000000100110001111010011100101111011101
0000000111000110011001101010100010110000000001011111100100010000000100110001111010011100101111011101
0000000111000110011001101010100010110000000001011111100100010000000100110001111010011100101111011101
1111111011000110011001101010100010110000000001011111100100010000000100110001111010011100101111011101
1111111101000110011001101010100010110000000001011111100100010000000100110001111010011100101111011101
1111111110000110011001101010100010110000000001011111100100010000000100110001111010011100101111011101
0000000000000110011001101010100010110000000001011111100100010000000100110001111010011100101111011101
0000000000000110011001101010100010110000000001011111100100010000000100110001111010011100101111011101
0000000000000110011001101010100010110000000001011111100100010000000100110001111010011100101111011101
1111111111111010011001101010100010110000000001011111100100010000000100110001111010011100101111011101
1111111111111100011001101010100010110000000001011111100100010000000100110001111010011100101111011101
0000000000000000011001101010100010110000000001011111100100010000000100110001111010011100101111011101
0000000000000000011001101010100010110000000001011111100100010000000100110001111010011100101111011101
1111111111111111101001101010100010110000000001011111100100010000000100110001111010011100101111011101
1111111111111111110001101010100010110000000001011111100100010000000100110001111010011100101111011101
0000000000000000000001101010100010110000000001011111100100010000000100110001111010011100101111011101
0000000000000000000001101010100010110000000001011111100100010000000100110001111010011100101111011101
1111111111111111111110101010100010110000000001011111100100010000000100110001111010011100101111011101
1111111111111111111111001010100010110000000001011111100100010000000100110001111010011100101111011101
0000000000000000000000001010100010110000000001011111100100010000000100110001111010011100101111011101
1111111111111111111111110010100010110000000001011111100100010000000100110001111010011100101111011101
0000000000000000000000000010100010110000000001011111100100010000000100110001111010011100101111011101
1111111111111111111111111100100010110000000001011111100100010000000100110001111010011100101111011101
0000000000000000000000000000100010110000000001011111100100010000000100110001111010011100101111011101
1111111111111111111111111111000010110000000001011111100100010000000100110001111010011100101111011101
0000000000000000000000000000000010110000000001011111100100010000000100110001111010011100101111011101
0000000000000000000000000000000010110000000001011111100100010000000100110001111010011100101111011101
0000000000000000000000000000000010110000000001011111100100010000000100110001111010011100101111011101
1111111111111111111111111111111100110000000001011111100100010000000100110001111010011100101111011101
0000000000000000000000000000000000110000000001011111100100010000000100110001111010011100101111011101
1111111111111111111111111111111111010000000001011111100100010000000100110001111010011100101111011101
1111111111111111111111111111111111100000000001011111100100010000000100110001111010011100101111011101
0000000000000000000000000000000000000000000001011111100100010000000100110001111010011100101111011101
0000000000000000000000000000000000000000000001011111100100010000000100110001111010011100101111011101
0000000000000000000000000000000000000000000001011111100100010000000100110001111010011100101111011101
0000000000000000000000000000000000000000000001011111100100010000000100110001111010011100101111011101
0000000000000000000000000000000000000000000001011111100100010000000100110001111010011100101111011101
0000000000000000000000000000000000000000000001011111100100010000000100110001111010011100101111011101
0000000000000000000000000000000000000000000001011111100100010000000100110001111010011100101111011101
0000000000000000000000000000000000000000000001011111100100010000000100110001111010011100101111011101
0000000000000000000000000000000000000000000001011111100100010000000100110001111010011100101111011101
1111111111111111111111111111111111111111111110011111100100010000000100110001111010011100101111011101
0000000000000000000000000000000000000000000000011111100100010000000100110001111010011100101111011101
1111111111111111111111111111111111111111111111101111100100010000000100110001111010011100101111011101
1111111111111111111111111111111111111111111111110111100100010000000100110001111010011100101111011101
1111111111111111111111111111111111111111111111111011100100010000000100110001111010011100101111011101
1111111111111111111111111111111111111111111111111101100100010000000100110001111010011100101111011101
1111111111111111111111111111111111111111111111111110100100010000000100110001111010011100101111011101
1111111111111111111111111111111111111111111111111111000100010000000100110001111010011100101111011101
0000000000000000000000000000000000000000000000000000000100010000000100110001111010011100101111011101
0000000000000000000000000000000000000000000000000000000100010000000100110001111010011100101111011101
1111111111111111111111111111111111111111111111111111111000010000000100110001111010011100101111011101
0000000000000000000000000000000000000000000000000000000000010000000100110001111010011100101111011101
0000000000000000000000000000000000000000000000000000000000010000000100110001111010011100101111011101
0000000000000000000000000000000000000000000000000000000000010000000100110001111010011100101111011101
1111111111111111111111111111111111111111111111111111111111100000000100110001111010011100101111011101
0000000000000000000000000000000000000000000000000000000000000000000100110001111010011100101111011101
0000000000000000000000000000000000000000000000000000000000000000000100110001111010011100101111011101
0000000000000000000000000000000000000000000000000000000000000000000100110001111010011100101111011101
0000000000000000000000000000000000000000000000000000000000000000000100110001111010011100101111011101
0000000000000000000000000000000000000000000000000000000000000000000100110001111010011100101111011101
0000000000000000000000000000000000000000000000000000000000000000000100110001111010011100101111011101
0000000000000000000000000000000000000000000000000000000000000000000100110001111010011100101111011101
1111111111111111111111111111111111111111111111111111111111111111111000110001111010011100101111011101
0000000000000000000000000000000000000000000000000000000000000000000000110001111010011100101111011101
0000000000000000000000000000000000000000000000000000000000000000000000110001111010011100101111011101
1111111111111111111111111111111111111111111111111111111111111111111111010001111010011100101111011101
1111111111111111111111111111111111111111111111111111111111111111111111100001111010011100101111011101
0000000000000000000000000000000000000000000000000000000000000000000000000001111010011100101111011101
0000000000000000000000000000000000000000000000000000000000000000000000000001111010011100101111011101
0000000000000000000000000000000000000000000000000000000000000000000000000001111010011100101111011101
1111111111111111111111111111111111111111111111111111111111111111111111111110111010011100101111011101
1111111111111111111111111111111111111111111111111111111111111111111111111111011010011100101111011101
1111111111111111111111111111111111111111111111111111111111111111111111111111101010011100101111011101
1111111111111111111111111111111111111111111111111111111111111111111111111111110010011100101111011101
0000000000000000000000000000000000000000000000000000000000000000000000000000000010011100101111011101
1111111111111111111111111111111111111111111111111111111111111111111111111111111100011100101111011101
0000000000000000000000000000000000000000000000000000000000000000000000000000000000011100101111011101
0000000000000000000000000000000000000000000000000000000000000000000000000000000000011100101111011101
1111111111111111111111111111111111111111111111111111111111111111111111111111111111101100101111011101
1111111111111111111111111111111111111111111111111111111111111111111111111111111111110100101111011101
1111111111111111111111111111111111111111111111111111111111111111111111111111111111111000101111011101
0000000000000000000000000000000000000000000000000000000000000000000000000000000000000000101111011101
0000000000000000000000000000000000000000000000000000000000000000000000000000000000000000101111011101
1111111111111111111111111111111111111111111111111111111111111111111111111111111111111111001111011101
0000000000000000000000000000000000000000000000000000000000000000000000000000000000000000001111011101
1111111111111111111111111111111111111111111111111111111111111111111111111111111111111111110111011101
1111111111111111111111111111111111111111111111111111111111111111111111111111111111111111111011011101
1111111111111111111111111111111111111111111111111111111111111111111111111111111111111111111101011101
1111111111111111111111111111111111111111111111111111111111111111111111111111111111111111111110011101
0000000000000000000000000000000000000000000000000000000000000000000000000000000000000000000000011101
1111111111111111111111111111111111111111111111111111111111111111111111111111111111111111111111101101
1111111111111111111111111111111111111111111111111111111111111111111111111111111111111111111111110101
1111111111111111111111111111111111111111111111111111111111111111111111111111111111111111111111111001
0000000000000000000000000000000000000000000000000000000000000000000000000000000000000000000000000001
1111111111111111111111111111111111111111111111111111111111111111111111111111111111111111111111111110
