01001010000000000011100010001011010000100100010000
10001010000000000011100010001011010000100100010000
00001010000000000011100010001011010000100100010000
00001010000000000011100010001011010000100100010000
11110010000000000011100010001011010000100100010000
00000010000000000011100010001011010000100100010000
11111100000000000011100010001011010000100100010000
00000000000000000011100010001011010000100100010000
00000000000000000011100010001011010000100100010000
00000000000000000011100010001011010000100100010000
00000000000000000011100010001011010000100100010000
00000000000000000011100010001011010000100100010000
00000000000000000011100010001011010000100100010000
00000000000000000011100010001011010000100100010000
00000000000000000011100010001011010000100100010000
00000000000000000011100010001011010000100100010000
00000000000000000011100010001011010000100100010000
00000000000000000011100010001011010000100100010000
11111111111111111101100010001011010000100100010000
11111111111111111110100010001011010000100100010000
11111111111111111111000010001011010000100100010000
00000000000000000000000010001011010000100100010000
00000000000000000000000010001011010000100100010000
00000000000000000000000010001011010000100100010000
11111111111111111111111100001011010000100100010000
00000000000000000000000000001011010000100100010000
00000000000000000000000000001011010000100100010000
00000000000000000000000000001011010000100100010000
11111111111111111111111111110011010000100100010000
00000000000000000000000000000011010000100100010000
11111111111111111111111111111101010000100100010000
11111111111111111111111111111110010000100100010000
00000000000000000000000000000000010000100100010000
11111111111111111111111111111111100000100100010000
00000000000000000000000000000000000000100100010000
00000000000000000000000000000000000000100100010000
00000000000000000000000000000000000000100100010000
00000000000000000000000000000000000000100100010000
11111111111111111111111111111111111111000100010000
00000000000000000000000000000000000000000100010000
00000000000000000000000000000000000000000100010000
11111111111111111111111111111111111111111000010000
00000000000000000000000000000000000000000000010000
00000000000000000000000000000000000000000000010000
00000000000000000000000000000000000000000000010000
11111111111111111111111111111111111111111111100000
00000000000000000000000000000000000000000000000000
00000000000000000000000000000000000000000000000000
00000000000000000000000000000000000000000000000000
00000000000000000000000000000000000000000000000000
