0010010000001000100001000000011010000010010010010000001010100001000010001000000000100000000000000010
0010010000001000100001000000011010000010010010010000001010100001000010001000000000100000000000000010
1100010000001000100001000000011010000010010010010000001010100001000010001000000000100000000000000010
0000010000001000100001000000011010000010010010010000001010100001000010001000000000100000000000000010
0000010000001000100001000000011010000010010010010000001010100001000010001000000000100000000000000010
1111100000001000100001000000011010000010010010010000001010100001000010001000000000100000000000000010
0000000000001000100001000000011010000010010010010000001010100001000010001000000000100000000000000010
0000000000001000100001000000011010000010010010010000001010100001000010001000000000100000000000000010
0000000000001000100001000000011010000010010010010000001010100001000010001000000000100000000000000010
0000000000001000100001000000011010000010010010010000001010100001000010001000000000100000000000000010
0000000000001000100001000000011010000010010010010000001010100001000010001000000000100000000000000010
0000000000001000100001000000011010000010010010010000001010100001000010001000000000100000000000000010
1111111111110000100001000000011010000010010010010000001010100001000010001000000000100000000000000010
0000000000000000100001000000011010000010010010010000001010100001000010001000000000100000000000000010
0000000000000000100001000000011010000010010010010000001010100001000010001000000000100000000000000010
0000000000000000100001000000011010000010010010010000001010100001000010001000000000100000000000000010
1111111111111111000001000000011010000010010010010000001010100001000010001000000000100000000000000010
0000000000000000000001000000011010000010010010010000001010100001000010001000000000100000000000000010
0000000000000000000001000000011010000010010010010000001010100001000010001000000000100000000000000010
0000000000000000000001000000011010000010010010010000001010100001000010001000000000100000000000000010
0000000000000000000001000000011010000010010010010000001010100001000010001000000000100000000000000010
1111111111111111111110000000011010000010010010010000001010100001000010001000000000100000000000000010
0000000000000000000000000000011010000010010010010000001010100001000010001000000000100000000000000010
0000000000000000000000000000011010000010010010010000001010100001000010001000000000100000000000000010
0000000000000000000000000000011010000010010010010000001010100001000010001000000000100000000000000010
0000000000000000000000000000011010000010010010010000001010100001000010001000000000100000000000000010
0000000000000000000000000000011010000010010010010000001010100001000010001000000000100000000000000010
0000000000000000000000000000011010000010010010010000001010100001000010001000000000100000000000000010
0000000000000000000000000000011010000010010010010000001010100001000010001000000000100000000000000010
1111111111111111111111111111101010000010010010010000001010100001000010001000000000100000000000000010
1111111111111111111111111111110010000010010010010000001010100001000010001000000000100000000000000010
0000000000000000000000000000000010000010010010010000001010100001000010001000000000100000000000000010
1111111111111111111111111111111100000010010010010000001010100001000010001000000000100000000000000010
0000000000000000000000000000000000000010010010010000001010100001000010001000000000100000000000000010
0000000000000000000000000000000000000010010010010000001010100001000010001000000000100000000000000010
0000000000000000000000000000000000000010010010010000001010100001000010001000000000100000000000000010
0000000000000000000000000000000000000010010010010000001010100001000010001000000000100000000000000010
0000000000000000000000000000000000000010010010010000001010100001000010001000000000100000000000000010
1111111111111111111111111111111111111100010010010000001010100001000010001000000000100000000000000010
0000000000000000000000000000000000000000010010010000001010100001000010001000000000100000000000000010
0000000000000000000000000000000000000000010010010000001010100001000010001000000000100000000000000010
1111111111111111111111111111111111111111100010010000001010100001000010001000000000100000000000000010
0000000000000000000000000000000000000000000010010000001010100001000010001000000000100000000000000010
0000000000000000000000000000000000000000000010010000001010100001000010001000000000100000000000000010
1111111111111111111111111111111111111111111100010000001010100001000010001000000000100000000000000010
0000000000000000000000000000000000000000000000010000001010100001000010001000000000100000000000000010
0000000000000000000000000000000000000000000000010000001010100001000010001000000000100000000000000010
1111111111111111111111111111111111111111111111100000001010100001000010001000000000100000000000000010
0000000000000000000000000000000000000000000000000000001010100001000010001000000000100000000000000010
0000000000000000000000000000000000000000000000000000001010100001000010001000000000100000000000000010
0000000000000000000000000000000000000000000000000000001010100001000010001000000000100000000000000010
0000000000000000000000000000000000000000000000000000001010100001000010001000000000100000000000000010
0000000000000000000000000000000000000000000000000000001010100001000010001000000000100000000000000010
0000000000000000000000000000000000000000000000000000001010100001000010001000000000100000000000000010
1111111111111111111111111111111111111111111111111111110010100001000010001000000000100000000000000010
0000000000000000000000000000000000000000000000000000000010100001000010001000000000100000000000000010
1111111111111111111111111111111111111111111111111111111100100001000010001000000000100000000000000010
0000000000000000000000000000000000000000000000000000000000100001000010001000000000100000000000000010
1111111111111111111111111111111111111111111111111111111111000001000010001000000000100000000000000010
0000000000000000000000000000000000000000000000000000000000000001000010001000000000100000000000000010
0000000000000000000000000000000000000000000000000000000000000001000010001000000000100000000000000010
0000000000000000000000000000000000000000000000000000000000000001000010001000000000100000000000000010
0000000000000000000000000000000000000000000000000000000000000001000010001000000000100000000000000010
1111111111111111111111111111111111111111111111111111111111111110000010001000000000100000000000000010
0000000000000000000000000000000000000000000000000000000000000000000010001000000000100000000000000010
0000000000000000000000000000000000000000000000000000000000000000000010001000000000100000000000000010
0000000000000000000000000000000000000000000000000000000000000000000010001000000000100000000000000010
0000000000000000000000000000000000000000000000000000000000000000000010001000000000100000000000000010
1111111111111111111111111111111111111111111111111111111111111111111100001000000000100000000000000010
0000000000000000000000000000000000000000000000000000000000000000000000001000000000100000000000000010
0000000000000000000000000000000000000000000000000000000000000000000000001000000000100000000000000010
0000000000000000000000000000000000000000000000000000000000000000000000001000000000100000000000000010
1111111111111111111111111111111111111111111111111111111111111111111111110000000000100000000000000010
0000000000000000000000000000000000000000000000000000000000000000000000000000000000100000000000000010
0000000000000000000000000000000000000000000000000000000000000000000000000000000000100000000000000010
0000000000000000000000000000000000000000000000000000000000000000000000000000000000100000000000000010
0000000000000000000000000000000000000000000000000000000000000000000000000000000000100000000000000010
0000000000000000000000000000000000000000000000000000000000000000000000000000000000100000000000000010
0000000000000000000000000000000000000000000000000000000000000000000000000000000000100000000000000010
0000000000000000000000000000000000000000000000000000000000000000000000000000000000100000000000000010
0000000000000000000000000000000000000000000000000000000000000000000000000000000000100000000000000010
0000000000000000000000000000000000000000000000000000000000000000000000000000000000100000000000000010
1111111111111111111111111111111111111111111111111111111111111111111111111111111111000000000000000010
0000000000000000000000000000000000000000000000000000000000000000000000000000000000000000000000000010
0000000000000000000000000000000000000000000000000000000000000000000000000000000000000000000000000010
0000000000000000000000000000000000000000000000000000000000000000000000000000000000000000000000000010
0000000000000000000000000000000000000000000000000000000000000000000000000000000000000000000000000010
0000000000000000000000000000000000000000000000000000000000000000000000000000000000000000000000000010
0000000000000000000000000000000000000000000000000000000000000000000000000000000000000000000000000010
0000000000000000000000000000000000000000000000000000000000000000000000000000000000000000000000000010
0000000000000000000000000000000000000000000000000000000000000000000000000000000000000000000000000010
0000000000000000000000000000000000000000000000000000000000000000000000000000000000000000000000000010
0000000000000000000000000000000000000000000000000000000000000000000000000000000000000000000000000010
0000000000000000000000000000000000000000000000000000000000000000000000000000000000000000000000000010
0000000000000000000000000000000000000000000000000000000000000000000000000000000000000000000000000010
0000000000000000000000000000000000000000000000000000000000000000000000000000000000000000000000000010
0000000000000000000000000000000000000000000000000000000000000000000000000000000000000000000000000010
0000000000000000000000000000000000000000000000000000000000000000000000000000000000000000000000000010
1111111111111111111111111111111111111111111111111111111111111111111111111111111111111111111111111100
0000000000000000000000000000000000000000000000000000000000000000000000000000000000000000000000000000
