011110111011011110011111111011011111111111111011000111111111
101110111011011110011111111011011111111111111011000111111111
110110111011011110011111111011011111111111111011000111111111
111010111011011110011111111011011111111111111011000111111111
111100111011011110011111111011011111111111111011000111111111
000000111011011110011111111011011111111111111011000111111111
111111011011011110011111111011011111111111111011000111111111
111111101011011110011111111011011111111111111011000111111111
111111110011011110011111111011011111111111111011000111111111
000000000011011110011111111011011111111111111011000111111111
111111111101011110011111111011011111111111111011000111111111
111111111110011110011111111011011111111111111011000111111111
000000000000011110011111111011011111111111111011000111111111
111111111111101110011111111011011111111111111011000111111111
111111111111110110011111111011011111111111111011000111111111
111111111111111010011111111011011111111111111011000111111111
111111111111111100011111111011011111111111111011000111111111
000000000000000000011111111011011111111111111011000111111111
000000000000000000011111111011011111111111111011000111111111
111111111111111111101111111011011111111111111011000111111111
111111111111111111110111111011011111111111111011000111111111
111111111111111111111011111011011111111111111011000111111111
111111111111111111111101111011011111111111111011000111111111
111111111111111111111110111011011111111111111011000111111111
111111111111111111111111011011011111111111111011000111111111
111111111111111111111111101011011111111111111011000111111111
111111111111111111111111110011011111111111111011000111111111
000000000000000000000000000011011111111111111011000111111111
111111111111111111111111111101011111111111111011000111111111
111111111111111111111111111110011111111111111011000111111111
000000000000000000000000000000011111111111111011000111111111
111111111111111111111111111111101111111111111011000111111111
111111111111111111111111111111110111111111111011000111111111
111111111111111111111111111111111011111111111011000111111111
111111111111111111111111111111111101111111111011000111111111
111111111111111111111111111111111110111111111011000111111111
111111111111111111111111111111111111011111111011000111111111
111111111111111111111111111111111111101111111011000111111111
111111111111111111111111111111111111110111111011000111111111
111111111111111111111111111111111111111011111011000111111111
111111111111111111111111111111111111111101111011000111111111
111111111111111111111111111111111111111110111011000111111111
111111111111111111111111111111111111111111011011000111111111
111111111111111111111111111111111111111111101011000111111111
111111111111111111111111111111111111111111110011000111111111
000000000000000000000000000000000000000000000011000111111111
111111111111111111111111111111111111111111111101000111111111
111111111111111111111111111111111111111111111110000111111111
000000000000000000000000000000000000000000000000000111111111
000000000000000000000000000000000000000000000000000111111111
000000000000000000000000000000000000000000000000000111111111
111111111111111111111111111111111111111111111111111011111111
111111111111111111111111111111111111111111111111111101111111
111111111111111111111111111111111111111111111111111110111111
111111111111111111111111111111111111111111111111111111011111
111111111111111111111111111111111111111111111111111111101111
111111111111111111111111111111111111111111111111111111110111
111111111111111111111111111111111111111111111111111111111011
111111111111111111111111111111111111111111111111111111111101
111111111111111111111111111111111111111111111111111111111110
