000110010001000000100000000000
000110010001000000100000000000
000110010001000000100000000000
111010010001000000100000000000
111100010001000000100000000000
000000010001000000100000000000
000000010001000000100000000000
111111100001000000100000000000
000000000001000000100000000000
000000000001000000100000000000
000000000001000000100000000000
111111111110000000100000000000
000000000000000000100000000000
000000000000000000100000000000
000000000000000000100000000000
000000000000000000100000000000
000000000000000000100000000000
000000000000000000100000000000
111111111111111111000000000000
000000000000000000000000000000
000000000000000000000000000000
000000000000000000000000000000
000000000000000000000000000000
000000000000000000000000000000
000000000000000000000000000000
000000000000000000000000000000
000000000000000000000000000000
000000000000000000000000000000
000000000000000000000000000000
000000000000000000000000000000
