011111011111011111000110111101
101111011111011111000110111101
110111011111011111000110111101
111011011111011111000110111101
111101011111011111000110111101
111110011111011111000110111101
000000011111011111000110111101
111111101111011111000110111101
111111110111011111000110111101
111111111011011111000110111101
111111111101011111000110111101
111111111110011111000110111101
000000000000011111000110111101
111111111111101111000110111101
111111111111110111000110111101
111111111111111011000110111101
111111111111111101000110111101
111111111111111110000110111101
000000000000000000000110111101
000000000000000000000110111101
000000000000000000000110111101
111111111111111111111010111101
111111111111111111111100111101
000000000000000000000000111101
111111111111111111111111011101
111111111111111111111111101101
111111111111111111111111110101
111111111111111111111111111001
000000000000000000000000000001
111111111111111111111111111110
