010010100100000001011010011011
100010100100000001011010011011
000010100100000001011010011011
000010100100000001011010011011
111100100100000001011010011011
000000100100000001011010011011
111111000100000001011010011011
000000000100000001011010011011
000000000100000001011010011011
111111111000000001011010011011
000000000000000001011010011011
000000000000000001011010011011
000000000000000001011010011011
000000000000000001011010011011
000000000000000001011010011011
000000000000000001011010011011
000000000000000001011010011011
111111111111111110011010011011
000000000000000000011010011011
111111111111111111101010011011
111111111111111111110010011011
000000000000000000000010011011
111111111111111111111100011011
000000000000000000000000011011
000000000000000000000000011011
111111111111111111111111101011
111111111111111111111111110011
000000000000000000000000000011
111111111111111111111111111101
111111111111111111111111111110
