01100000010001000110000000000010010000010001100100010000010001000011110000100001001000100000110000010000010100000011001101011010000100000000000100011000111100100001100000000110000001000010000110001000
10100000010001000110000000000010010000010001100100010000010001000011110000100001001000100000110000010000010100000011001101011010000100000000000100011000111100100001100000000110000001000010000110001000
11000000010001000110000000000010010000010001100100010000010001000011110000100001001000100000110000010000010100000011001101011010000100000000000100011000111100100001100000000110000001000010000110001000
00000000010001000110000000000010010000010001100100010000010001000011110000100001001000100000110000010000010100000011001101011010000100000000000100011000111100100001100000000110000001000010000110001000
00000000010001000110000000000010010000010001100100010000010001000011110000100001001000100000110000010000010100000011001101011010000100000000000100011000111100100001100000000110000001000010000110001000
00000000010001000110000000000010010000010001100100010000010001000011110000100001001000100000110000010000010100000011001101011010000100000000000100011000111100100001100000000110000001000010000110001000
00000000010001000110000000000010010000010001100100010000010001000011110000100001001000100000110000010000010100000011001101011010000100000000000100011000111100100001100000000110000001000010000110001000
00000000010001000110000000000010010000010001100100010000010001000011110000100001001000100000110000010000010100000011001101011010000100000000000100011000111100100001100000000110000001000010000110001000
00000000010001000110000000000010010000010001100100010000010001000011110000100001001000100000110000010000010100000011001101011010000100000000000100011000111100100001100000000110000001000010000110001000
11111111100001000110000000000010010000010001100100010000010001000011110000100001001000100000110000010000010100000011001101011010000100000000000100011000111100100001100000000110000001000010000110001000
00000000000001000110000000000010010000010001100100010000010001000011110000100001001000100000110000010000010100000011001101011010000100000000000100011000111100100001100000000110000001000010000110001000
00000000000001000110000000000010010000010001100100010000010001000011110000100001001000100000110000010000010100000011001101011010000100000000000100011000111100100001100000000110000001000010000110001000
00000000000001000110000000000010010000010001100100010000010001000011110000100001001000100000110000010000010100000011001101011010000100000000000100011000111100100001100000000110000001000010000110001000
11111111111110000110000000000010010000010001100100010000010001000011110000100001001000100000110000010000010100000011001101011010000100000000000100011000111100100001100000000110000001000010000110001000
00000000000000000110000000000010010000010001100100010000010001000011110000100001001000100000110000010000010100000011001101011010000100000000000100011000111100100001100000000110000001000010000110001000
00000000000000000110000000000010010000010001100100010000010001000011110000100001001000100000110000010000010100000011001101011010000100000000000100011000111100100001100000000110000001000010000110001000
00000000000000000110000000000010010000010001100100010000010001000011110000100001001000100000110000010000010100000011001101011010000100000000000100011000111100100001100000000110000001000010000110001000
11111111111111111010000000000010010000010001100100010000010001000011110000100001001000100000110000010000010100000011001101011010000100000000000100011000111100100001100000000110000001000010000110001000
11111111111111111100000000000010010000010001100100010000010001000011110000100001001000100000110000010000010100000011001101011010000100000000000100011000111100100001100000000110000001000010000110001000
00000000000000000000000000000010010000010001100100010000010001000011110000100001001000100000110000010000010100000011001101011010000100000000000100011000111100100001100000000110000001000010000110001000
00000000000000000000000000000010010000010001100100010000010001000011110000100001001000100000110000010000010100000011001101011010000100000000000100011000111100100001100000000110000001000010000110001000
00000000000000000000000000000010010000010001100100010000010001000011110000100001001000100000110000010000010100000011001101011010000100000000000100011000111100100001100000000110000001000010000110001000
00000000000000000000000000000010010000010001100100010000010001000011110000100001001000100000110000010000010100000011001101011010000100000000000100011000111100100001100000000110000001000010000110001000
00000000000000000000000000000010010000010001100100010000010001000011110000100001001000100000110000010000010100000011001101011010000100000000000100011000111100100001100000000110000001000010000110001000
00000000000000000000000000000010010000010001100100010000010001000011110000100001001000100000110000010000010100000011001101011010000100000000000100011000111100100001100000000110000001000010000110001000
00000000000000000000000000000010010000010001100100010000010001000011110000100001001000100000110000010000010100000011001101011010000100000000000100011000111100100001100000000110000001000010000110001000
00000000000000000000000000000010010000010001100100010000010001000011110000100001001000100000110000010000010100000011001101011010000100000000000100011000111100100001100000000110000001000010000110001000
00000000000000000000000000000010010000010001100100010000010001000011110000100001001000100000110000010000010100000011001101011010000100000000000100011000111100100001100000000110000001000010000110001000
00000000000000000000000000000010010000010001100100010000010001000011110000100001001000100000110000010000010100000011001101011010000100000000000100011000111100100001100000000110000001000010000110001000
00000000000000000000000000000010010000010001100100010000010001000011110000100001001000100000110000010000010100000011001101011010000100000000000100011000111100100001100000000110000001000010000110001000
11111111111111111111111111111100010000010001100100010000010001000011110000100001001000100000110000010000010100000011001101011010000100000000000100011000111100100001100000000110000001000010000110001000
00000000000000000000000000000000010000010001100100010000010001000011110000100001001000100000110000010000010100000011001101011010000100000000000100011000111100100001100000000110000001000010000110001000
00000000000000000000000000000000010000010001100100010000010001000011110000100001001000100000110000010000010100000011001101011010000100000000000100011000111100100001100000000110000001000010000110001000
11111111111111111111111111111111100000010001100100010000010001000011110000100001001000100000110000010000010100000011001101011010000100000000000100011000111100100001100000000110000001000010000110001000
00000000000000000000000000000000000000010001100100010000010001000011110000100001001000100000110000010000010100000011001101011010000100000000000100011000111100100001100000000110000001000010000110001000
00000000000000000000000000000000000000010001100100010000010001000011110000100001001000100000110000010000010100000011001101011010000100000000000100011000111100100001100000000110000001000010000110001000
00000000000000000000000000000000000000010001100100010000010001000011110000100001001000100000110000010000010100000011001101011010000100000000000100011000111100100001100000000110000001000010000110001000
00000000000000000000000000000000000000010001100100010000010001000011110000100001001000100000110000010000010100000011001101011010000100000000000100011000111100100001100000000110000001000010000110001000
00000000000000000000000000000000000000010001100100010000010001000011110000100001001000100000110000010000010100000011001101011010000100000000000100011000111100100001100000000110000001000010000110001000
11111111111111111111111111111111111111100001100100010000010001000011110000100001001000100000110000010000010100000011001101011010000100000000000100011000111100100001100000000110000001000010000110001000
00000000000000000000000000000000000000000001100100010000010001000011110000100001001000100000110000010000010100000011001101011010000100000000000100011000111100100001100000000110000001000010000110001000
00000000000000000000000000000000000000000001100100010000010001000011110000100001001000100000110000010000010100000011001101011010000100000000000100011000111100100001100000000110000001000010000110001000
00000000000000000000000000000000000000000001100100010000010001000011110000100001001000100000110000010000010100000011001101011010000100000000000100011000111100100001100000000110000001000010000110001000
11111111111111111111111111111111111111111110100100010000010001000011110000100001001000100000110000010000010100000011001101011010000100000000000100011000111100100001100000000110000001000010000110001000
11111111111111111111111111111111111111111111000100010000010001000011110000100001001000100000110000010000010100000011001101011010000100000000000100011000111100100001100000000110000001000010000110001000
00000000000000000000000000000000000000000000000100010000010001000011110000100001001000100000110000010000010100000011001101011010000100000000000100011000111100100001100000000110000001000010000110001000
00000000000000000000000000000000000000000000000100010000010001000011110000100001001000100000110000010000010100000011001101011010000100000000000100011000111100100001100000000110000001000010000110001000
11111111111111111111111111111111111111111111111000010000010001000011110000100001001000100000110000010000010100000011001101011010000100000000000100011000111100100001100000000110000001000010000110001000
00000000000000000000000000000000000000000000000000010000010001000011110000100001001000100000110000010000010100000011001101011010000100000000000100011000111100100001100000000110000001000010000110001000
00000000000000000000000000000000000000000000000000010000010001000011110000100001001000100000110000010000010100000011001101011010000100000000000100011000111100100001100000000110000001000010000110001000
00000000000000000000000000000000000000000000000000010000010001000011110000100001001000100000110000010000010100000011001101011010000100000000000100011000111100100001100000000110000001000010000110001000
11111111111111111111111111111111111111111111111111100000010001000011110000100001001000100000110000010000010100000011001101011010000100000000000100011000111100100001100000000110000001000010000110001000
00000000000000000000000000000000000000000000000000000000010001000011110000100001001000100000110000010000010100000011001101011010000100000000000100011000111100100001100000000110000001000010000110001000
00000000000000000000000000000000000000000000000000000000010001000011110000100001001000100000110000010000010100000011001101011010000100000000000100011000111100100001100000000110000001000010000110001000
00000000000000000000000000000000000000000000000000000000010001000011110000100001001000100000110000010000010100000011001101011010000100000000000100011000111100100001100000000110000001000010000110001000
00000000000000000000000000000000000000000000000000000000010001000011110000100001001000100000110000010000010100000011001101011010000100000000000100011000111100100001100000000110000001000010000110001000
00000000000000000000000000000000000000000000000000000000010001000011110000100001001000100000110000010000010100000011001101011010000100000000000100011000111100100001100000000110000001000010000110001000
11111111111111111111111111111111111111111111111111111111100001000011110000100001001000100000110000010000010100000011001101011010000100000000000100011000111100100001100000000110000001000010000110001000
00000000000000000000000000000000000000000000000000000000000001000011110000100001001000100000110000010000010100000011001101011010000100000000000100011000111100100001100000000110000001000010000110001000
00000000000000000000000000000000000000000000000000000000000001000011110000100001001000100000110000010000010100000011001101011010000100000000000100011000111100100001100000000110000001000010000110001000
00000000000000000000000000000000000000000000000000000000000001000011110000100001001000100000110000010000010100000011001101011010000100000000000100011000111100100001100000000110000001000010000110001000
11111111111111111111111111111111111111111111111111111111111110000011110000100001001000100000110000010000010100000011001101011010000100000000000100011000111100100001100000000110000001000010000110001000
00000000000000000000000000000000000000000000000000000000000000000011110000100001001000100000110000010000010100000011001101011010000100000000000100011000111100100001100000000110000001000010000110001000
00000000000000000000000000000000000000000000000000000000000000000011110000100001001000100000110000010000010100000011001101011010000100000000000100011000111100100001100000000110000001000010000110001000
00000000000000000000000000000000000000000000000000000000000000000011110000100001001000100000110000010000010100000011001101011010000100000000000100011000111100100001100000000110000001000010000110001000
00000000000000000000000000000000000000000000000000000000000000000011110000100001001000100000110000010000010100000011001101011010000100000000000100011000111100100001100000000110000001000010000110001000
11111111111111111111111111111111111111111111111111111111111111111101110000100001001000100000110000010000010100000011001101011010000100000000000100011000111100100001100000000110000001000010000110001000
11111111111111111111111111111111111111111111111111111111111111111110110000100001001000100000110000010000010100000011001101011010000100000000000100011000111100100001100000000110000001000010000110001000
11111111111111111111111111111111111111111111111111111111111111111111010000100001001000100000110000010000010100000011001101011010000100000000000100011000111100100001100000000110000001000010000110001000
11111111111111111111111111111111111111111111111111111111111111111111100000100001001000100000110000010000010100000011001101011010000100000000000100011000111100100001100000000110000001000010000110001000
00000000000000000000000000000000000000000000000000000000000000000000000000100001001000100000110000010000010100000011001101011010000100000000000100011000111100100001100000000110000001000010000110001000
00000000000000000000000000000000000000000000000000000000000000000000000000100001001000100000110000010000010100000011001101011010000100000000000100011000111100100001100000000110000001000010000110001000
00000000000000000000000000000000000000000000000000000000000000000000000000100001001000100000110000010000010100000011001101011010000100000000000100011000111100100001100000000110000001000010000110001000
00000000000000000000000000000000000000000000000000000000000000000000000000100001001000100000110000010000010100000011001101011010000100000000000100011000111100100001100000000110000001000010000110001000
11111111111111111111111111111111111111111111111111111111111111111111111111000001001000100000110000010000010100000011001101011010000100000000000100011000111100100001100000000110000001000010000110001000
00000000000000000000000000000000000000000000000000000000000000000000000000000001001000100000110000010000010100000011001101011010000100000000000100011000111100100001100000000110000001000010000110001000
00000000000000000000000000000000000000000000000000000000000000000000000000000001001000100000110000010000010100000011001101011010000100000000000100011000111100100001100000000110000001000010000110001000
00000000000000000000000000000000000000000000000000000000000000000000000000000001001000100000110000010000010100000011001101011010000100000000000100011000111100100001100000000110000001000010000110001000
00000000000000000000000000000000000000000000000000000000000000000000000000000001001000100000110000010000010100000011001101011010000100000000000100011000111100100001100000000110000001000010000110001000
11111111111111111111111111111111111111111111111111111111111111111111111111111110001000100000110000010000010100000011001101011010000100000000000100011000111100100001100000000110000001000010000110001000
00000000000000000000000000000000000000000000000000000000000000000000000000000000001000100000110000010000010100000011001101011010000100000000000100011000111100100001100000000110000001000010000110001000
00000000000000000000000000000000000000000000000000000000000000000000000000000000001000100000110000010000010100000011001101011010000100000000000100011000111100100001100000000110000001000010000110001000
11111111111111111111111111111111111111111111111111111111111111111111111111111111110000100000110000010000010100000011001101011010000100000000000100011000111100100001100000000110000001000010000110001000
00000000000000000000000000000000000000000000000000000000000000000000000000000000000000100000110000010000010100000011001101011010000100000000000100011000111100100001100000000110000001000010000110001000
00000000000000000000000000000000000000000000000000000000000000000000000000000000000000100000110000010000010100000011001101011010000100000000000100011000111100100001100000000110000001000010000110001000
00000000000000000000000000000000000000000000000000000000000000000000000000000000000000100000110000010000010100000011001101011010000100000000000100011000111100100001100000000110000001000010000110001000
11111111111111111111111111111111111111111111111111111111111111111111111111111111111111000000110000010000010100000011001101011010000100000000000100011000111100100001100000000110000001000010000110001000
00000000000000000000000000000000000000000000000000000000000000000000000000000000000000000000110000010000010100000011001101011010000100000000000100011000111100100001100000000110000001000010000110001000
00000000000000000000000000000000000000000000000000000000000000000000000000000000000000000000110000010000010100000011001101011010000100000000000100011000111100100001100000000110000001000010000110001000
00000000000000000000000000000000000000000000000000000000000000000000000000000000000000000000110000010000010100000011001101011010000100000000000100011000111100100001100000000110000001000010000110001000
00000000000000000000000000000000000000000000000000000000000000000000000000000000000000000000110000010000010100000011001101011010000100000000000100011000111100100001100000000110000001000010000110001000
00000000000000000000000000000000000000000000000000000000000000000000000000000000000000000000110000010000010100000011001101011010000100000000000100011000111100100001100000000110000001000010000110001000
11111111111111111111111111111111111111111111111111111111111111111111111111111111111111111111010000010000010100000011001101011010000100000000000100011000111100100001100000000110000001000010000110001000
11111111111111111111111111111111111111111111111111111111111111111111111111111111111111111111100000010000010100000011001101011010000100000000000100011000111100100001100000000110000001000010000110001000
00000000000000000000000000000000000000000000000000000000000000000000000000000000000000000000000000010000010100000011001101011010000100000000000100011000111100100001100000000110000001000010000110001000
00000000000000000000000000000000000000000000000000000000000000000000000000000000000000000000000000010000010100000011001101011010000100000000000100011000111100100001100000000110000001000010000110001000
00000000000000000000000000000000000000000000000000000000000000000000000000000000000000000000000000010000010100000011001101011010000100000000000100011000111100100001100000000110000001000010000110001000
00000000000000000000000000000000000000000000000000000000000000000000000000000000000000000000000000010000010100000011001101011010000100000000000100011000111100100001100000000110000001000010000110001000
00000000000000000000000000000000000000000000000000000000000000000000000000000000000000000000000000010000010100000011001101011010000100000000000100011000111100100001100000000110000001000010000110001000
11111111111111111111111111111111111111111111111111111111111111111111111111111111111111111111111111100000010100000011001101011010000100000000000100011000111100100001100000000110000001000010000110001000
00000000000000000000000000000000000000000000000000000000000000000000000000000000000000000000000000000000010100000011001101011010000100000000000100011000111100100001100000000110000001000010000110001000
00000000000000000000000000000000000000000000000000000000000000000000000000000000000000000000000000000000010100000011001101011010000100000000000100011000111100100001100000000110000001000010000110001000
00000000000000000000000000000000000000000000000000000000000000000000000000000000000000000000000000000000010100000011001101011010000100000000000100011000111100100001100000000110000001000010000110001000
00000000000000000000000000000000000000000000000000000000000000000000000000000000000000000000000000000000010100000011001101011010000100000000000100011000111100100001100000000110000001000010000110001000
00000000000000000000000000000000000000000000000000000000000000000000000000000000000000000000000000000000010100000011001101011010000100000000000100011000111100100001100000000110000001000010000110001000
11111111111111111111111111111111111111111111111111111111111111111111111111111111111111111111111111111111100100000011001101011010000100000000000100011000111100100001100000000110000001000010000110001000
00000000000000000000000000000000000000000000000000000000000000000000000000000000000000000000000000000000000100000011001101011010000100000000000100011000111100100001100000000110000001000010000110001000
11111111111111111111111111111111111111111111111111111111111111111111111111111111111111111111111111111111111000000011001101011010000100000000000100011000111100100001100000000110000001000010000110001000
00000000000000000000000000000000000000000000000000000000000000000000000000000000000000000000000000000000000000000011001101011010000100000000000100011000111100100001100000000110000001000010000110001000
00000000000000000000000000000000000000000000000000000000000000000000000000000000000000000000000000000000000000000011001101011010000100000000000100011000111100100001100000000110000001000010000110001000
00000000000000000000000000000000000000000000000000000000000000000000000000000000000000000000000000000000000000000011001101011010000100000000000100011000111100100001100000000110000001000010000110001000
00000000000000000000000000000000000000000000000000000000000000000000000000000000000000000000000000000000000000000011001101011010000100000000000100011000111100100001100000000110000001000010000110001000
00000000000000000000000000000000000000000000000000000000000000000000000000000000000000000000000000000000000000000011001101011010000100000000000100011000111100100001100000000110000001000010000110001000
00000000000000000000000000000000000000000000000000000000000000000000000000000000000000000000000000000000000000000011001101011010000100000000000100011000111100100001100000000110000001000010000110001000
11111111111111111111111111111111111111111111111111111111111111111111111111111111111111111111111111111111111111111101001101011010000100000000000100011000111100100001100000000110000001000010000110001000
11111111111111111111111111111111111111111111111111111111111111111111111111111111111111111111111111111111111111111110001101011010000100000000000100011000111100100001100000000110000001000010000110001000
00000000000000000000000000000000000000000000000000000000000000000000000000000000000000000000000000000000000000000000001101011010000100000000000100011000111100100001100000000110000001000010000110001000
00000000000000000000000000000000000000000000000000000000000000000000000000000000000000000000000000000000000000000000001101011010000100000000000100011000111100100001100000000110000001000010000110001000
11111111111111111111111111111111111111111111111111111111111111111111111111111111111111111111111111111111111111111111110101011010000100000000000100011000111100100001100000000110000001000010000110001000
11111111111111111111111111111111111111111111111111111111111111111111111111111111111111111111111111111111111111111111111001011010000100000000000100011000111100100001100000000110000001000010000110001000
00000000000000000000000000000000000000000000000000000000000000000000000000000000000000000000000000000000000000000000000001011010000100000000000100011000111100100001100000000110000001000010000110001000
11111111111111111111111111111111111111111111111111111111111111111111111111111111111111111111111111111111111111111111111110011010000100000000000100011000111100100001100000000110000001000010000110001000
00000000000000000000000000000000000000000000000000000000000000000000000000000000000000000000000000000000000000000000000000011010000100000000000100011000111100100001100000000110000001000010000110001000
11111111111111111111111111111111111111111111111111111111111111111111111111111111111111111111111111111111111111111111111111101010000100000000000100011000111100100001100000000110000001000010000110001000
11111111111111111111111111111111111111111111111111111111111111111111111111111111111111111111111111111111111111111111111111110010000100000000000100011000111100100001100000000110000001000010000110001000
00000000000000000000000000000000000000000000000000000000000000000000000000000000000000000000000000000000000000000000000000000010000100000000000100011000111100100001100000000110000001000010000110001000
11111111111111111111111111111111111111111111111111111111111111111111111111111111111111111111111111111111111111111111111111111100000100000000000100011000111100100001100000000110000001000010000110001000
00000000000000000000000000000000000000000000000000000000000000000000000000000000000000000000000000000000000000000000000000000000000100000000000100011000111100100001100000000110000001000010000110001000
00000000000000000000000000000000000000000000000000000000000000000000000000000000000000000000000000000000000000000000000000000000000100000000000100011000111100100001100000000110000001000010000110001000
00000000000000000000000000000000000000000000000000000000000000000000000000000000000000000000000000000000000000000000000000000000000100000000000100011000111100100001100000000110000001000010000110001000
00000000000000000000000000000000000000000000000000000000000000000000000000000000000000000000000000000000000000000000000000000000000100000000000100011000111100100001100000000110000001000010000110001000
11111111111111111111111111111111111111111111111111111111111111111111111111111111111111111111111111111111111111111111111111111111111000000000000100011000111100100001100000000110000001000010000110001000
00000000000000000000000000000000000000000000000000000000000000000000000000000000000000000000000000000000000000000000000000000000000000000000000100011000111100100001100000000110000001000010000110001000
00000000000000000000000000000000000000000000000000000000000000000000000000000000000000000000000000000000000000000000000000000000000000000000000100011000111100100001100000000110000001000010000110001000
00000000000000000000000000000000000000000000000000000000000000000000000000000000000000000000000000000000000000000000000000000000000000000000000100011000111100100001100000000110000001000010000110001000
00000000000000000000000000000000000000000000000000000000000000000000000000000000000000000000000000000000000000000000000000000000000000000000000100011000111100100001100000000110000001000010000110001000
00000000000000000000000000000000000000000000000000000000000000000000000000000000000000000000000000000000000000000000000000000000000000000000000100011000111100100001100000000110000001000010000110001000
00000000000000000000000000000000000000000000000000000000000000000000000000000000000000000000000000000000000000000000000000000000000000000000000100011000111100100001100000000110000001000010000110001000
00000000000000000000000000000000000000000000000000000000000000000000000000000000000000000000000000000000000000000000000000000000000000000000000100011000111100100001100000000110000001000010000110001000
00000000000000000000000000000000000000000000000000000000000000000000000000000000000000000000000000000000000000000000000000000000000000000000000100011000111100100001100000000110000001000010000110001000
00000000000000000000000000000000000000000000000000000000000000000000000000000000000000000000000000000000000000000000000000000000000000000000000100011000111100100001100000000110000001000010000110001000
00000000000000000000000000000000000000000000000000000000000000000000000000000000000000000000000000000000000000000000000000000000000000000000000100011000111100100001100000000110000001000010000110001000
00000000000000000000000000000000000000000000000000000000000000000000000000000000000000000000000000000000000000000000000000000000000000000000000100011000111100100001100000000110000001000010000110001000
11111111111111111111111111111111111111111111111111111111111111111111111111111111111111111111111111111111111111111111111111111111111111111111111000011000111100100001100000000110000001000010000110001000
00000000000000000000000000000000000000000000000000000000000000000000000000000000000000000000000000000000000000000000000000000000000000000000000000011000111100100001100000000110000001000010000110001000
00000000000000000000000000000000000000000000000000000000000000000000000000000000000000000000000000000000000000000000000000000000000000000000000000011000111100100001100000000110000001000010000110001000
00000000000000000000000000000000000000000000000000000000000000000000000000000000000000000000000000000000000000000000000000000000000000000000000000011000111100100001100000000110000001000010000110001000
11111111111111111111111111111111111111111111111111111111111111111111111111111111111111111111111111111111111111111111111111111111111111111111111111101000111100100001100000000110000001000010000110001000
11111111111111111111111111111111111111111111111111111111111111111111111111111111111111111111111111111111111111111111111111111111111111111111111111110000111100100001100000000110000001000010000110001000
00000000000000000000000000000000000000000000000000000000000000000000000000000000000000000000000000000000000000000000000000000000000000000000000000000000111100100001100000000110000001000010000110001000
00000000000000000000000000000000000000000000000000000000000000000000000000000000000000000000000000000000000000000000000000000000000000000000000000000000111100100001100000000110000001000010000110001000
00000000000000000000000000000000000000000000000000000000000000000000000000000000000000000000000000000000000000000000000000000000000000000000000000000000111100100001100000000110000001000010000110001000
11111111111111111111111111111111111111111111111111111111111111111111111111111111111111111111111111111111111111111111111111111111111111111111111111111111011100100001100000000110000001000010000110001000
11111111111111111111111111111111111111111111111111111111111111111111111111111111111111111111111111111111111111111111111111111111111111111111111111111111101100100001100000000110000001000010000110001000
11111111111111111111111111111111111111111111111111111111111111111111111111111111111111111111111111111111111111111111111111111111111111111111111111111111110100100001100000000110000001000010000110001000
11111111111111111111111111111111111111111111111111111111111111111111111111111111111111111111111111111111111111111111111111111111111111111111111111111111111000100001100000000110000001000010000110001000
00000000000000000000000000000000000000000000000000000000000000000000000000000000000000000000000000000000000000000000000000000000000000000000000000000000000000100001100000000110000001000010000110001000
00000000000000000000000000000000000000000000000000000000000000000000000000000000000000000000000000000000000000000000000000000000000000000000000000000000000000100001100000000110000001000010000110001000
11111111111111111111111111111111111111111111111111111111111111111111111111111111111111111111111111111111111111111111111111111111111111111111111111111111111111000001100000000110000001000010000110001000
00000000000000000000000000000000000000000000000000000000000000000000000000000000000000000000000000000000000000000000000000000000000000000000000000000000000000000001100000000110000001000010000110001000
00000000000000000000000000000000000000000000000000000000000000000000000000000000000000000000000000000000000000000000000000000000000000000000000000000000000000000001100000000110000001000010000110001000
00000000000000000000000000000000000000000000000000000000000000000000000000000000000000000000000000000000000000000000000000000000000000000000000000000000000000000001100000000110000001000010000110001000
00000000000000000000000000000000000000000000000000000000000000000000000000000000000000000000000000000000000000000000000000000000000000000000000000000000000000000001100000000110000001000010000110001000
11111111111111111111111111111111111111111111111111111111111111111111111111111111111111111111111111111111111111111111111111111111111111111111111111111111111111111110100000000110000001000010000110001000
11111111111111111111111111111111111111111111111111111111111111111111111111111111111111111111111111111111111111111111111111111111111111111111111111111111111111111111000000000110000001000010000110001000
00000000000000000000000000000000000000000000000000000000000000000000000000000000000000000000000000000000000000000000000000000000000000000000000000000000000000000000000000000110000001000010000110001000
00000000000000000000000000000000000000000000000000000000000000000000000000000000000000000000000000000000000000000000000000000000000000000000000000000000000000000000000000000110000001000010000110001000
00000000000000000000000000000000000000000000000000000000000000000000000000000000000000000000000000000000000000000000000000000000000000000000000000000000000000000000000000000110000001000010000110001000
00000000000000000000000000000000000000000000000000000000000000000000000000000000000000000000000000000000000000000000000000000000000000000000000000000000000000000000000000000110000001000010000110001000
00000000000000000000000000000000000000000000000000000000000000000000000000000000000000000000000000000000000000000000000000000000000000000000000000000000000000000000000000000110000001000010000110001000
00000000000000000000000000000000000000000000000000000000000000000000000000000000000000000000000000000000000000000000000000000000000000000000000000000000000000000000000000000110000001000010000110001000
00000000000000000000000000000000000000000000000000000000000000000000000000000000000000000000000000000000000000000000000000000000000000000000000000000000000000000000000000000110000001000010000110001000
00000000000000000000000000000000000000000000000000000000000000000000000000000000000000000000000000000000000000000000000000000000000000000000000000000000000000000000000000000110000001000010000110001000
11111111111111111111111111111111111111111111111111111111111111111111111111111111111111111111111111111111111111111111111111111111111111111111111111111111111111111111111111111010000001000010000110001000
11111111111111111111111111111111111111111111111111111111111111111111111111111111111111111111111111111111111111111111111111111111111111111111111111111111111111111111111111111100000001000010000110001000
00000000000000000000000000000000000000000000000000000000000000000000000000000000000000000000000000000000000000000000000000000000000000000000000000000000000000000000000000000000000001000010000110001000
00000000000000000000000000000000000000000000000000000000000000000000000000000000000000000000000000000000000000000000000000000000000000000000000000000000000000000000000000000000000001000010000110001000
00000000000000000000000000000000000000000000000000000000000000000000000000000000000000000000000000000000000000000000000000000000000000000000000000000000000000000000000000000000000001000010000110001000
00000000000000000000000000000000000000000000000000000000000000000000000000000000000000000000000000000000000000000000000000000000000000000000000000000000000000000000000000000000000001000010000110001000
00000000000000000000000000000000000000000000000000000000000000000000000000000000000000000000000000000000000000000000000000000000000000000000000000000000000000000000000000000000000001000010000110001000
00000000000000000000000000000000000000000000000000000000000000000000000000000000000000000000000000000000000000000000000000000000000000000000000000000000000000000000000000000000000001000010000110001000
11111111111111111111111111111111111111111111111111111111111111111111111111111111111111111111111111111111111111111111111111111111111111111111111111111111111111111111111111111111111110000010000110001000
00000000000000000000000000000000000000000000000000000000000000000000000000000000000000000000000000000000000000000000000000000000000000000000000000000000000000000000000000000000000000000010000110001000
00000000000000000000000000000000000000000000000000000000000000000000000000000000000000000000000000000000000000000000000000000000000000000000000000000000000000000000000000000000000000000010000110001000
00000000000000000000000000000000000000000000000000000000000000000000000000000000000000000000000000000000000000000000000000000000000000000000000000000000000000000000000000000000000000000010000110001000
00000000000000000000000000000000000000000000000000000000000000000000000000000000000000000000000000000000000000000000000000000000000000000000000000000000000000000000000000000000000000000010000110001000
11111111111111111111111111111111111111111111111111111111111111111111111111111111111111111111111111111111111111111111111111111111111111111111111111111111111111111111111111111111111111111100000110001000
00000000000000000000000000000000000000000000000000000000000000000000000000000000000000000000000000000000000000000000000000000000000000000000000000000000000000000000000000000000000000000000000110001000
00000000000000000000000000000000000000000000000000000000000000000000000000000000000000000000000000000000000000000000000000000000000000000000000000000000000000000000000000000000000000000000000110001000
00000000000000000000000000000000000000000000000000000000000000000000000000000000000000000000000000000000000000000000000000000000000000000000000000000000000000000000000000000000000000000000000110001000
00000000000000000000000000000000000000000000000000000000000000000000000000000000000000000000000000000000000000000000000000000000000000000000000000000000000000000000000000000000000000000000000110001000
11111111111111111111111111111111111111111111111111111111111111111111111111111111111111111111111111111111111111111111111111111111111111111111111111111111111111111111111111111111111111111111111010001000
11111111111111111111111111111111111111111111111111111111111111111111111111111111111111111111111111111111111111111111111111111111111111111111111111111111111111111111111111111111111111111111111100001000
00000000000000000000000000000000000000000000000000000000000000000000000000000000000000000000000000000000000000000000000000000000000000000000000000000000000000000000000000000000000000000000000000001000
00000000000000000000000000000000000000000000000000000000000000000000000000000000000000000000000000000000000000000000000000000000000000000000000000000000000000000000000000000000000000000000000000001000
00000000000000000000000000000000000000000000000000000000000000000000000000000000000000000000000000000000000000000000000000000000000000000000000000000000000000000000000000000000000000000000000000001000
11111111111111111111111111111111111111111111111111111111111111111111111111111111111111111111111111111111111111111111111111111111111111111111111111111111111111111111111111111111111111111111111111110000
00000000000000000000000000000000000000000000000000000000000000000000000000000000000000000000000000000000000000000000000000000000000000000000000000000000000000000000000000000000000000000000000000000000
00000000000000000000000000000000000000000000000000000000000000000000000000000000000000000000000000000000000000000000000000000000000000000000000000000000000000000000000000000000000000000000000000000000
00000000000000000000000000000000000000000000000000000000000000000000000000000000000000000000000000000000000000000000000000000000000000000000000000000000000000000000000000000000000000000000000000000000
