011000111001110110110101110010101000001111101010111000100110101111101001010111001000101111
101000111001110110110101110010101000001111101010111000100110101111101001010111001000101111
110000111001110110110101110010101000001111101010111000100110101111101001010111001000101111
000000111001110110110101110010101000001111101010111000100110101111101001010111001000101111
000000111001110110110101110010101000001111101010111000100110101111101001010111001000101111
000000111001110110110101110010101000001111101010111000100110101111101001010111001000101111
111111011001110110110101110010101000001111101010111000100110101111101001010111001000101111
111111101001110110110101110010101000001111101010111000100110101111101001010111001000101111
111111110001110110110101110010101000001111101010111000100110101111101001010111001000101111
000000000001110110110101110010101000001111101010111000100110101111101001010111001000101111
000000000001110110110101110010101000001111101010111000100110101111101001010111001000101111
111111111110110110110101110010101000001111101010111000100110101111101001010111001000101111
111111111111010110110101110010101000001111101010111000100110101111101001010111001000101111
111111111111100110110101110010101000001111101010111000100110101111101001010111001000101111
000000000000000110110101110010101000001111101010111000100110101111101001010111001000101111
111111111111111010110101110010101000001111101010111000100110101111101001010111001000101111
111111111111111100110101110010101000001111101010111000100110101111101001010111001000101111
000000000000000000110101110010101000001111101010111000100110101111101001010111001000101111
111111111111111111010101110010101000001111101010111000100110101111101001010111001000101111
111111111111111111100101110010101000001111101010111000100110101111101001010111001000101111
000000000000000000000101110010101000001111101010111000100110101111101001010111001000101111
111111111111111111111001110010101000001111101010111000100110101111101001010111001000101111
000000000000000000000001110010101000001111101010111000100110101111101001010111001000101111
111111111111111111111110110010101000001111101010111000100110101111101001010111001000101111
111111111111111111111111010010101000001111101010111000100110101111101001010111001000101111
111111111111111111111111100010101000001111101010111000100110101111101001010111001000101111
000000000000000000000000000010101000001111101010111000100110101111101001010111001000101111
000000000000000000000000000010101000001111101010111000100110101111101001010111001000101111
111111111111111111111111111100101000001111101010111000100110101111101001010111001000101111
000000000000000000000000000000101000001111101010111000100110101111101001010111001000101111
111111111111111111111111111111001000001111101010111000100110101111101001010111001000101111
000000000000000000000000000000001000001111101010111000100110101111101001010111001000101111
111111111111111111111111111111110000001111101010111000100110101111101001010111001000101111
000000000000000000000000000000000000001111101010111000100110101111101001010111001000101111
000000000000000000000000000000000000001111101010111000100110101111101001010111001000101111
000000000000000000000000000000000000001111101010111000100110101111101001010111001000101111
000000000000000000000000000000000000001111101010111000100110101111101001010111001000101111
000000000000000000000000000000000000001111101010111000100110101111101001010111001000101111
111111111111111111111111111111111111110111101010111000100110101111101001010111001000101111
111111111111111111111111111111111111111011101010111000100110101111101001010111001000101111
111111111111111111111111111111111111111101101010111000100110101111101001010111001000101111
111111111111111111111111111111111111111110101010111000100110101111101001010111001000101111
111111111111111111111111111111111111111111001010111000100110101111101001010111001000101111
000000000000000000000000000000000000000000001010111000100110101111101001010111001000101111
111111111111111111111111111111111111111111110010111000100110101111101001010111001000101111
000000000000000000000000000000000000000000000010111000100110101111101001010111001000101111
111111111111111111111111111111111111111111111100111000100110101111101001010111001000101111
000000000000000000000000000000000000000000000000111000100110101111101001010111001000101111
111111111111111111111111111111111111111111111111011000100110101111101001010111001000101111
111111111111111111111111111111111111111111111111101000100110101111101001010111001000101111
111111111111111111111111111111111111111111111111110000100110101111101001010111001000101111
000000000000000000000000000000000000000000000000000000100110101111101001010111001000101111
000000000000000000000000000000000000000000000000000000100110101111101001010111001000101111
000000000000000000000000000000000000000000000000000000100110101111101001010111001000101111
111111111111111111111111111111111111111111111111111111000110101111101001010111001000101111
000000000000000000000000000000000000000000000000000000000110101111101001010111001000101111
000000000000000000000000000000000000000000000000000000000110101111101001010111001000101111
111111111111111111111111111111111111111111111111111111111010101111101001010111001000101111
111111111111111111111111111111111111111111111111111111111100101111101001010111001000101111
000000000000000000000000000000000000000000000000000000000000101111101001010111001000101111
111111111111111111111111111111111111111111111111111111111111001111101001010111001000101111
000000000000000000000000000000000000000000000000000000000000001111101001010111001000101111
111111111111111111111111111111111111111111111111111111111111110111101001010111001000101111
111111111111111111111111111111111111111111111111111111111111111011101001010111001000101111
111111111111111111111111111111111111111111111111111111111111111101101001010111001000101111
111111111111111111111111111111111111111111111111111111111111111110101001010111001000101111
111111111111111111111111111111111111111111111111111111111111111111001001010111001000101111
000000000000000000000000000000000000000000000000000000000000000000001001010111001000101111
111111111111111111111111111111111111111111111111111111111111111111110001010111001000101111
000000000000000000000000000000000000000000000000000000000000000000000001010111001000101111
000000000000000000000000000000000000000000000000000000000000000000000001010111001000101111
111111111111111111111111111111111111111111111111111111111111111111111110010111001000101111
000000000000000000000000000000000000000000000000000000000000000000000000010111001000101111
111111111111111111111111111111111111111111111111111111111111111111111111100111001000101111
000000000000000000000000000000000000000000000000000000000000000000000000000111001000101111
111111111111111111111111111111111111111111111111111111111111111111111111111011001000101111
111111111111111111111111111111111111111111111111111111111111111111111111111101001000101111
111111111111111111111111111111111111111111111111111111111111111111111111111110001000101111
000000000000000000000000000000000000000000000000000000000000000000000000000000001000101111
000000000000000000000000000000000000000000000000000000000000000000000000000000001000101111
111111111111111111111111111111111111111111111111111111111111111111111111111111110000101111
000000000000000000000000000000000000000000000000000000000000000000000000000000000000101111
000000000000000000000000000000000000000000000000000000000000000000000000000000000000101111
000000000000000000000000000000000000000000000000000000000000000000000000000000000000101111
111111111111111111111111111111111111111111111111111111111111111111111111111111111111001111
000000000000000000000000000000000000000000000000000000000000000000000000000000000000001111
111111111111111111111111111111111111111111111111111111111111111111111111111111111111110111
111111111111111111111111111111111111111111111111111111111111111111111111111111111111111011
111111111111111111111111111111111111111111111111111111111111111111111111111111111111111101
111111111111111111111111111111111111111111111111111111111111111111111111111111111111111110
