0111111111101111011110111111011111111101
1011111111101111011110111111011111111101
1101111111101111011110111111011111111101
1110111111101111011110111111011111111101
1111011111101111011110111111011111111101
1111101111101111011110111111011111111101
1111110111101111011110111111011111111101
1111111011101111011110111111011111111101
1111111101101111011110111111011111111101
1111111110101111011110111111011111111101
1111111111001111011110111111011111111101
0000000000001111011110111111011111111101
1111111111110111011110111111011111111101
1111111111111011011110111111011111111101
1111111111111101011110111111011111111101
1111111111111110011110111111011111111101
0000000000000000011110111111011111111101
1111111111111111101110111111011111111101
1111111111111111110110111111011111111101
1111111111111111111010111111011111111101
1111111111111111111100111111011111111101
0000000000000000000000111111011111111101
1111111111111111111111011111011111111101
1111111111111111111111101111011111111101
1111111111111111111111110111011111111101
1111111111111111111111111011011111111101
1111111111111111111111111101011111111101
1111111111111111111111111110011111111101
0000000000000000000000000000011111111101
1111111111111111111111111111101111111101
1111111111111111111111111111110111111101
1111111111111111111111111111111011111101
1111111111111111111111111111111101111101
1111111111111111111111111111111110111101
1111111111111111111111111111111111011101
1111111111111111111111111111111111101101
1111111111111111111111111111111111110101
1111111111111111111111111111111111111001
0000000000000000000000000000000000000001
1111111111111111111111111111111111111110
