0001000001100100001000110010001110010001000101010000010010001000000100
0001000001100100001000110010001110010001000101010000010010001000000100
0001000001100100001000110010001110010001000101010000010010001000000100
1110000001100100001000110010001110010001000101010000010010001000000100
0000000001100100001000110010001110010001000101010000010010001000000100
0000000001100100001000110010001110010001000101010000010010001000000100
0000000001100100001000110010001110010001000101010000010010001000000100
0000000001100100001000110010001110010001000101010000010010001000000100
0000000001100100001000110010001110010001000101010000010010001000000100
1111111110100100001000110010001110010001000101010000010010001000000100
1111111111000100001000110010001110010001000101010000010010001000000100
0000000000000100001000110010001110010001000101010000010010001000000100
0000000000000100001000110010001110010001000101010000010010001000000100
1111111111111000001000110010001110010001000101010000010010001000000100
0000000000000000001000110010001110010001000101010000010010001000000100
0000000000000000001000110010001110010001000101010000010010001000000100
0000000000000000001000110010001110010001000101010000010010001000000100
0000000000000000001000110010001110010001000101010000010010001000000100
1111111111111111110000110010001110010001000101010000010010001000000100
0000000000000000000000110010001110010001000101010000010010001000000100
0000000000000000000000110010001110010001000101010000010010001000000100
0000000000000000000000110010001110010001000101010000010010001000000100
1111111111111111111111010010001110010001000101010000010010001000000100
1111111111111111111111100010001110010001000101010000010010001000000100
0000000000000000000000000010001110010001000101010000010010001000000100
0000000000000000000000000010001110010001000101010000010010001000000100
1111111111111111111111111100001110010001000101010000010010001000000100
0000000000000000000000000000001110010001000101010000010010001000000100
0000000000000000000000000000001110010001000101010000010010001000000100
0000000000000000000000000000001110010001000101010000010010001000000100
1111111111111111111111111111110110010001000101010000010010001000000100
1111111111111111111111111111111010010001000101010000010010001000000100
1111111111111111111111111111111100010001000101010000010010001000000100
0000000000000000000000000000000000010001000101010000010010001000000100
0000000000000000000000000000000000010001000101010000010010001000000100
1111111111111111111111111111111111100001000101010000010010001000000100
0000000000000000000000000000000000000001000101010000010010001000000100
0000000000000000000000000000000000000001000101010000010010001000000100
0000000000000000000000000000000000000001000101010000010010001000000100
1111111111111111111111111111111111111110000101010000010010001000000100
0000000000000000000000000000000000000000000101010000010010001000000100
0000000000000000000000000000000000000000000101010000010010001000000100
0000000000000000000000000000000000000000000101010000010010001000000100
1111111111111111111111111111111111111111111001010000010010001000000100
0000000000000000000000000000000000000000000001010000010010001000000100
1111111111111111111111111111111111111111111110010000010010001000000100
0000000000000000000000000000000000000000000000010000010010001000000100
1111111111111111111111111111111111111111111111100000010010001000000100
0000000000000000000000000000000000000000000000000000010010001000000100
0000000000000000000000000000000000000000000000000000010010001000000100
0000000000000000000000000000000000000000000000000000010010001000000100
0000000000000000000000000000000000000000000000000000010010001000000100
0000000000000000000000000000000000000000000000000000010010001000000100
1111111111111111111111111111111111111111111111111111100010001000000100
0000000000000000000000000000000000000000000000000000000010001000000100
0000000000000000000000000000000000000000000000000000000010001000000100
1111111111111111111111111111111111111111111111111111111100001000000100
0000000000000000000000000000000000000000000000000000000000001000000100
0000000000000000000000000000000000000000000000000000000000001000000100
0000000000000000000000000000000000000000000000000000000000001000000100
1111111111111111111111111111111111111111111111111111111111110000000100
0000000000000000000000000000000000000000000000000000000000000000000100
0000000000000000000000000000000000000000000000000000000000000000000100
0000000000000000000000000000000000000000000000000000000000000000000100
0000000000000000000000000000000000000000000000000000000000000000000100
0000000000000000000000000000000000000000000000000000000000000000000100
0000000000000000000000000000000000000000000000000000000000000000000100
1111111111111111111111111111111111111111111111111111111111111111111000
0000000000000000000000000000000000000000000000000000000000000000000000
0000000000000000000000000000000000000000000000000000000000000000000000
