0110111011101111110110110101101011101101010100111111110111110010111110
1010111011101111110110110101101011101101010100111111110111110010111110
1100111011101111110110110101101011101101010100111111110111110010111110
0000111011101111110110110101101011101101010100111111110111110010111110
1111011011101111110110110101101011101101010100111111110111110010111110
1111101011101111110110110101101011101101010100111111110111110010111110
1111110011101111110110110101101011101101010100111111110111110010111110
0000000011101111110110110101101011101101010100111111110111110010111110
1111111101101111110110110101101011101101010100111111110111110010111110
1111111110101111110110110101101011101101010100111111110111110010111110
1111111111001111110110110101101011101101010100111111110111110010111110
0000000000001111110110110101101011101101010100111111110111110010111110
1111111111110111110110110101101011101101010100111111110111110010111110
1111111111111011110110110101101011101101010100111111110111110010111110
1111111111111101110110110101101011101101010100111111110111110010111110
1111111111111110110110110101101011101101010100111111110111110010111110
1111111111111111010110110101101011101101010100111111110111110010111110
1111111111111111100110110101101011101101010100111111110111110010111110
0000000000000000000110110101101011101101010100111111110111110010111110
1111111111111111111010110101101011101101010100111111110111110010111110
1111111111111111111100110101101011101101010100111111110111110010111110
0000000000000000000000110101101011101101010100111111110111110010111110
1111111111111111111111010101101011101101010100111111110111110010111110
1111111111111111111111100101101011101101010100111111110111110010111110
0000000000000000000000000101101011101101010100111111110111110010111110
1111111111111111111111111001101011101101010100111111110111110010111110
0000000000000000000000000001101011101101010100111111110111110010111110
1111111111111111111111111110101011101101010100111111110111110010111110
1111111111111111111111111111001011101101010100111111110111110010111110
0000000000000000000000000000001011101101010100111111110111110010111110
1111111111111111111111111111110011101101010100111111110111110010111110
0000000000000000000000000000000011101101010100111111110111110010111110
1111111111111111111111111111111101101101010100111111110111110010111110
1111111111111111111111111111111110101101010100111111110111110010111110
1111111111111111111111111111111111001101010100111111110111110010111110
0000000000000000000000000000000000001101010100111111110111110010111110
1111111111111111111111111111111111110101010100111111110111110010111110
1111111111111111111111111111111111111001010100111111110111110010111110
0000000000000000000000000000000000000001010100111111110111110010111110
1111111111111111111111111111111111111110010100111111110111110010111110
0000000000000000000000000000000000000000010100111111110111110010111110
1111111111111111111111111111111111111111100100111111110111110010111110
0000000000000000000000000000000000000000000100111111110111110010111110
1111111111111111111111111111111111111111111000111111110111110010111110
0000000000000000000000000000000000000000000000111111110111110010111110
0000000000000000000000000000000000000000000000111111110111110010111110
1111111111111111111111111111111111111111111111011111110111110010111110
1111111111111111111111111111111111111111111111101111110111110010111110
1111111111111111111111111111111111111111111111110111110111110010111110
1111111111111111111111111111111111111111111111111011110111110010111110
1111111111111111111111111111111111111111111111111101110111110010111110
1111111111111111111111111111111111111111111111111110110111110010111110
1111111111111111111111111111111111111111111111111111010111110010111110
1111111111111111111111111111111111111111111111111111100111110010111110
0000000000000000000000000000000000000000000000000000000111110010111110
1111111111111111111111111111111111111111111111111111111011110010111110
1111111111111111111111111111111111111111111111111111111101110010111110
1111111111111111111111111111111111111111111111111111111110110010111110
1111111111111111111111111111111111111111111111111111111111010010111110
1111111111111111111111111111111111111111111111111111111111100010111110
0000000000000000000000000000000000000000000000000000000000000010111110
0000000000000000000000000000000000000000000000000000000000000010111110
1111111111111111111111111111111111111111111111111111111111111100111110
0000000000000000000000000000000000000000000000000000000000000000111110
1111111111111111111111111111111111111111111111111111111111111111011110
1111111111111111111111111111111111111111111111111111111111111111101110
1111111111111111111111111111111111111111111111111111111111111111110110
1111111111111111111111111111111111111111111111111111111111111111111010
1111111111111111111111111111111111111111111111111111111111111111111100
0000000000000000000000000000000000000000000000000000000000000000000000
