011011000110011111001010001010000111111011010001010100100001101111100001010100001010010011
101011000110011111001010001010000111111011010001010100100001101111100001010100001010010011
110011000110011111001010001010000111111011010001010100100001101111100001010100001010010011
000011000110011111001010001010000111111011010001010100100001101111100001010100001010010011
111101000110011111001010001010000111111011010001010100100001101111100001010100001010010011
111110000110011111001010001010000111111011010001010100100001101111100001010100001010010011
000000000110011111001010001010000111111011010001010100100001101111100001010100001010010011
000000000110011111001010001010000111111011010001010100100001101111100001010100001010010011
000000000110011111001010001010000111111011010001010100100001101111100001010100001010010011
111111111010011111001010001010000111111011010001010100100001101111100001010100001010010011
111111111100011111001010001010000111111011010001010100100001101111100001010100001010010011
000000000000011111001010001010000111111011010001010100100001101111100001010100001010010011
000000000000011111001010001010000111111011010001010100100001101111100001010100001010010011
111111111111101111001010001010000111111011010001010100100001101111100001010100001010010011
111111111111110111001010001010000111111011010001010100100001101111100001010100001010010011
111111111111111011001010001010000111111011010001010100100001101111100001010100001010010011
111111111111111101001010001010000111111011010001010100100001101111100001010100001010010011
111111111111111110001010001010000111111011010001010100100001101111100001010100001010010011
000000000000000000001010001010000111111011010001010100100001101111100001010100001010010011
000000000000000000001010001010000111111011010001010100100001101111100001010100001010010011
111111111111111111110010001010000111111011010001010100100001101111100001010100001010010011
000000000000000000000010001010000111111011010001010100100001101111100001010100001010010011
111111111111111111111100001010000111111011010001010100100001101111100001010100001010010011
000000000000000000000000001010000111111011010001010100100001101111100001010100001010010011
000000000000000000000000001010000111111011010001010100100001101111100001010100001010010011
000000000000000000000000001010000111111011010001010100100001101111100001010100001010010011
111111111111111111111111110010000111111011010001010100100001101111100001010100001010010011
000000000000000000000000000010000111111011010001010100100001101111100001010100001010010011
111111111111111111111111111100000111111011010001010100100001101111100001010100001010010011
000000000000000000000000000000000111111011010001010100100001101111100001010100001010010011
000000000000000000000000000000000111111011010001010100100001101111100001010100001010010011
000000000000000000000000000000000111111011010001010100100001101111100001010100001010010011
000000000000000000000000000000000111111011010001010100100001101111100001010100001010010011
111111111111111111111111111111111011111011010001010100100001101111100001010100001010010011
111111111111111111111111111111111101111011010001010100100001101111100001010100001010010011
111111111111111111111111111111111110111011010001010100100001101111100001010100001010010011
111111111111111111111111111111111111011011010001010100100001101111100001010100001010010011
111111111111111111111111111111111111101011010001010100100001101111100001010100001010010011
111111111111111111111111111111111111110011010001010100100001101111100001010100001010010011
000000000000000000000000000000000000000011010001010100100001101111100001010100001010010011
111111111111111111111111111111111111111101010001010100100001101111100001010100001010010011
111111111111111111111111111111111111111110010001010100100001101111100001010100001010010011
000000000000000000000000000000000000000000010001010100100001101111100001010100001010010011
111111111111111111111111111111111111111111100001010100100001101111100001010100001010010011
000000000000000000000000000000000000000000000001010100100001101111100001010100001010010011
000000000000000000000000000000000000000000000001010100100001101111100001010100001010010011
000000000000000000000000000000000000000000000001010100100001101111100001010100001010010011
111111111111111111111111111111111111111111111110010100100001101111100001010100001010010011
000000000000000000000000000000000000000000000000010100100001101111100001010100001010010011
111111111111111111111111111111111111111111111111100100100001101111100001010100001010010011
000000000000000000000000000000000000000000000000000100100001101111100001010100001010010011
111111111111111111111111111111111111111111111111111000100001101111100001010100001010010011
000000000000000000000000000000000000000000000000000000100001101111100001010100001010010011
000000000000000000000000000000000000000000000000000000100001101111100001010100001010010011
111111111111111111111111111111111111111111111111111111000001101111100001010100001010010011
000000000000000000000000000000000000000000000000000000000001101111100001010100001010010011
000000000000000000000000000000000000000000000000000000000001101111100001010100001010010011
000000000000000000000000000000000000000000000000000000000001101111100001010100001010010011
000000000000000000000000000000000000000000000000000000000001101111100001010100001010010011
111111111111111111111111111111111111111111111111111111111110101111100001010100001010010011
111111111111111111111111111111111111111111111111111111111111001111100001010100001010010011
000000000000000000000000000000000000000000000000000000000000001111100001010100001010010011
111111111111111111111111111111111111111111111111111111111111110111100001010100001010010011
111111111111111111111111111111111111111111111111111111111111111011100001010100001010010011
111111111111111111111111111111111111111111111111111111111111111101100001010100001010010011
111111111111111111111111111111111111111111111111111111111111111110100001010100001010010011
111111111111111111111111111111111111111111111111111111111111111111000001010100001010010011
000000000000000000000000000000000000000000000000000000000000000000000001010100001010010011
000000000000000000000000000000000000000000000000000000000000000000000001010100001010010011
000000000000000000000000000000000000000000000000000000000000000000000001010100001010010011
000000000000000000000000000000000000000000000000000000000000000000000001010100001010010011
111111111111111111111111111111111111111111111111111111111111111111111110010100001010010011
000000000000000000000000000000000000000000000000000000000000000000000000010100001010010011
111111111111111111111111111111111111111111111111111111111111111111111111100100001010010011
000000000000000000000000000000000000000000000000000000000000000000000000000100001010010011
111111111111111111111111111111111111111111111111111111111111111111111111111000001010010011
000000000000000000000000000000000000000000000000000000000000000000000000000000001010010011
000000000000000000000000000000000000000000000000000000000000000000000000000000001010010011
000000000000000000000000000000000000000000000000000000000000000000000000000000001010010011
000000000000000000000000000000000000000000000000000000000000000000000000000000001010010011
111111111111111111111111111111111111111111111111111111111111111111111111111111110010010011
000000000000000000000000000000000000000000000000000000000000000000000000000000000010010011
111111111111111111111111111111111111111111111111111111111111111111111111111111111100010011
000000000000000000000000000000000000000000000000000000000000000000000000000000000000010011
000000000000000000000000000000000000000000000000000000000000000000000000000000000000010011
111111111111111111111111111111111111111111111111111111111111111111111111111111111111100011
000000000000000000000000000000000000000000000000000000000000000000000000000000000000000011
000000000000000000000000000000000000000000000000000000000000000000000000000000000000000011
111111111111111111111111111111111111111111111111111111111111111111111111111111111111111101
111111111111111111111111111111111111111111111111111111111111111111111111111111111111111110
