011011011010111110110111011111
101011011010111110110111011111
110011011010111110110111011111
000011011010111110110111011111
111101011010111110110111011111
111110011010111110110111011111
000000011010111110110111011111
111111101010111110110111011111
111111110010111110110111011111
000000000010111110110111011111
111111111100111110110111011111
000000000000111110110111011111
111111111111011110110111011111
111111111111101110110111011111
111111111111110110110111011111
111111111111111010110111011111
111111111111111100110111011111
000000000000000000110111011111
111111111111111111010111011111
111111111111111111100111011111
000000000000000000000111011111
111111111111111111111011011111
111111111111111111111101011111
111111111111111111111110011111
000000000000000000000000011111
111111111111111111111111101111
111111111111111111111111110111
111111111111111111111111111011
111111111111111111111111111101
111111111111111111111111111110
