00101111011000011101100110000000001000110010100010
00101111011000011101100110000000001000110010100010
11001111011000011101100110000000001000110010100010
00001111011000011101100110000000001000110010100010
11110111011000011101100110000000001000110010100010
11111011011000011101100110000000001000110010100010
11111101011000011101100110000000001000110010100010
11111110011000011101100110000000001000110010100010
00000000011000011101100110000000001000110010100010
11111111101000011101100110000000001000110010100010
11111111110000011101100110000000001000110010100010
00000000000000011101100110000000001000110010100010
00000000000000011101100110000000001000110010100010
00000000000000011101100110000000001000110010100010
00000000000000011101100110000000001000110010100010
11111111111111101101100110000000001000110010100010
11111111111111110101100110000000001000110010100010
11111111111111111001100110000000001000110010100010
00000000000000000001100110000000001000110010100010
11111111111111111110100110000000001000110010100010
11111111111111111111000110000000001000110010100010
00000000000000000000000110000000001000110010100010
00000000000000000000000110000000001000110010100010
11111111111111111111111010000000001000110010100010
11111111111111111111111100000000001000110010100010
00000000000000000000000000000000001000110010100010
00000000000000000000000000000000001000110010100010
00000000000000000000000000000000001000110010100010
00000000000000000000000000000000001000110010100010
00000000000000000000000000000000001000110010100010
00000000000000000000000000000000001000110010100010
00000000000000000000000000000000001000110010100010
00000000000000000000000000000000001000110010100010
00000000000000000000000000000000001000110010100010
11111111111111111111111111111111110000110010100010
00000000000000000000000000000000000000110010100010
00000000000000000000000000000000000000110010100010
00000000000000000000000000000000000000110010100010
11111111111111111111111111111111111111010010100010
11111111111111111111111111111111111111100010100010
00000000000000000000000000000000000000000010100010
00000000000000000000000000000000000000000010100010
11111111111111111111111111111111111111111100100010
00000000000000000000000000000000000000000000100010
11111111111111111111111111111111111111111111000010
00000000000000000000000000000000000000000000000010
00000000000000000000000000000000000000000000000010
00000000000000000000000000000000000000000000000010
11111111111111111111111111111111111111111111111100
00000000000000000000000000000000000000000000000000
