0100010010100011001000000111001001000100111100011101011010110001111110110001111100100001100101010011
1000010010100011001000000111001001000100111100011101011010110001111110110001111100100001100101010011
0000010010100011001000000111001001000100111100011101011010110001111110110001111100100001100101010011
0000010010100011001000000111001001000100111100011101011010110001111110110001111100100001100101010011
0000010010100011001000000111001001000100111100011101011010110001111110110001111100100001100101010011
1111100010100011001000000111001001000100111100011101011010110001111110110001111100100001100101010011
0000000010100011001000000111001001000100111100011101011010110001111110110001111100100001100101010011
0000000010100011001000000111001001000100111100011101011010110001111110110001111100100001100101010011
1111111100100011001000000111001001000100111100011101011010110001111110110001111100100001100101010011
0000000000100011001000000111001001000100111100011101011010110001111110110001111100100001100101010011
1111111111000011001000000111001001000100111100011101011010110001111110110001111100100001100101010011
0000000000000011001000000111001001000100111100011101011010110001111110110001111100100001100101010011
0000000000000011001000000111001001000100111100011101011010110001111110110001111100100001100101010011
0000000000000011001000000111001001000100111100011101011010110001111110110001111100100001100101010011
1111111111111101001000000111001001000100111100011101011010110001111110110001111100100001100101010011
1111111111111110001000000111001001000100111100011101011010110001111110110001111100100001100101010011
0000000000000000001000000111001001000100111100011101011010110001111110110001111100100001100101010011
0000000000000000001000000111001001000100111100011101011010110001111110110001111100100001100101010011
1111111111111111110000000111001001000100111100011101011010110001111110110001111100100001100101010011
0000000000000000000000000111001001000100111100011101011010110001111110110001111100100001100101010011
0000000000000000000000000111001001000100111100011101011010110001111110110001111100100001100101010011
0000000000000000000000000111001001000100111100011101011010110001111110110001111100100001100101010011
0000000000000000000000000111001001000100111100011101011010110001111110110001111100100001100101010011
0000000000000000000000000111001001000100111100011101011010110001111110110001111100100001100101010011
0000000000000000000000000111001001000100111100011101011010110001111110110001111100100001100101010011
1111111111111111111111111011001001000100111100011101011010110001111110110001111100100001100101010011
1111111111111111111111111101001001000100111100011101011010110001111110110001111100100001100101010011
1111111111111111111111111110001001000100111100011101011010110001111110110001111100100001100101010011
0000000000000000000000000000001001000100111100011101011010110001111110110001111100100001100101010011
0000000000000000000000000000001001000100111100011101011010110001111110110001111100100001100101010011
1111111111111111111111111111110001000100111100011101011010110001111110110001111100100001100101010011
0000000000000000000000000000000001000100111100011101011010110001111110110001111100100001100101010011
0000000000000000000000000000000001000100111100011101011010110001111110110001111100100001100101010011
1111111111111111111111111111111110000100111100011101011010110001111110110001111100100001100101010011
0000000000000000000000000000000000000100111100011101011010110001111110110001111100100001100101010011
0000000000000000000000000000000000000100111100011101011010110001111110110001111100100001100101010011
0000000000000000000000000000000000000100111100011101011010110001111110110001111100100001100101010011
1111111111111111111111111111111111111000111100011101011010110001111110110001111100100001100101010011
0000000000000000000000000000000000000000111100011101011010110001111110110001111100100001100101010011
0000000000000000000000000000000000000000111100011101011010110001111110110001111100100001100101010011
1111111111111111111111111111111111111111011100011101011010110001111110110001111100100001100101010011
1111111111111111111111111111111111111111101100011101011010110001111110110001111100100001100101010011
1111111111111111111111111111111111111111110100011101011010110001111110110001111100100001100101010011
1111111111111111111111111111111111111111111000011101011010110001111110110001111100100001100101010011
0000000000000000000000000000000000000000000000011101011010110001111110110001111100100001100101010011
0000000000000000000000000000000000000000000000011101011010110001111110110001111100100001100101010011
0000000000000000000000000000000000000000000000011101011010110001111110110001111100100001100101010011
1111111111111111111111111111111111111111111111101101011010110001111110110001111100100001100101010011
1111111111111111111111111111111111111111111111110101011010110001111110110001111100100001100101010011
1111111111111111111111111111111111111111111111111001011010110001111110110001111100100001100101010011
0000000000000000000000000000000000000000000000000001011010110001111110110001111100100001100101010011
1111111111111111111111111111111111111111111111111110011010110001111110110001111100100001100101010011
0000000000000000000000000000000000000000000000000000011010110001111110110001111100100001100101010011
1111111111111111111111111111111111111111111111111111101010110001111110110001111100100001100101010011
1111111111111111111111111111111111111111111111111111110010110001111110110001111100100001100101010011
0000000000000000000000000000000000000000000000000000000010110001111110110001111100100001100101010011
1111111111111111111111111111111111111111111111111111111100110001111110110001111100100001100101010011
0000000000000000000000000000000000000000000000000000000000110001111110110001111100100001100101010011
1111111111111111111111111111111111111111111111111111111111010001111110110001111100100001100101010011
1111111111111111111111111111111111111111111111111111111111100001111110110001111100100001100101010011
0000000000000000000000000000000000000000000000000000000000000001111110110001111100100001100101010011
0000000000000000000000000000000000000000000000000000000000000001111110110001111100100001100101010011
0000000000000000000000000000000000000000000000000000000000000001111110110001111100100001100101010011
1111111111111111111111111111111111111111111111111111111111111110111110110001111100100001100101010011
1111111111111111111111111111111111111111111111111111111111111111011110110001111100100001100101010011
1111111111111111111111111111111111111111111111111111111111111111101110110001111100100001100101010011
1111111111111111111111111111111111111111111111111111111111111111110110110001111100100001100101010011
1111111111111111111111111111111111111111111111111111111111111111111010110001111100100001100101010011
1111111111111111111111111111111111111111111111111111111111111111111100110001111100100001100101010011
0000000000000000000000000000000000000000000000000000000000000000000000110001111100100001100101010011
1111111111111111111111111111111111111111111111111111111111111111111111010001111100100001100101010011
1111111111111111111111111111111111111111111111111111111111111111111111100001111100100001100101010011
0000000000000000000000000000000000000000000000000000000000000000000000000001111100100001100101010011
0000000000000000000000000000000000000000000000000000000000000000000000000001111100100001100101010011
0000000000000000000000000000000000000000000000000000000000000000000000000001111100100001100101010011
1111111111111111111111111111111111111111111111111111111111111111111111111110111100100001100101010011
1111111111111111111111111111111111111111111111111111111111111111111111111111011100100001100101010011
1111111111111111111111111111111111111111111111111111111111111111111111111111101100100001100101010011
1111111111111111111111111111111111111111111111111111111111111111111111111111110100100001100101010011
1111111111111111111111111111111111111111111111111111111111111111111111111111111000100001100101010011
0000000000000000000000000000000000000000000000000000000000000000000000000000000000100001100101010011
0000000000000000000000000000000000000000000000000000000000000000000000000000000000100001100101010011
1111111111111111111111111111111111111111111111111111111111111111111111111111111111000001100101010011
0000000000000000000000000000000000000000000000000000000000000000000000000000000000000001100101010011
0000000000000000000000000000000000000000000000000000000000000000000000000000000000000001100101010011
0000000000000000000000000000000000000000000000000000000000000000000000000000000000000001100101010011
0000000000000000000000000000000000000000000000000000000000000000000000000000000000000001100101010011
1111111111111111111111111111111111111111111111111111111111111111111111111111111111111110100101010011
1111111111111111111111111111111111111111111111111111111111111111111111111111111111111111000101010011
0000000000000000000000000000000000000000000000000000000000000000000000000000000000000000000101010011
0000000000000000000000000000000000000000000000000000000000000000000000000000000000000000000101010011
1111111111111111111111111111111111111111111111111111111111111111111111111111111111111111111001010011
0000000000000000000000000000000000000000000000000000000000000000000000000000000000000000000001010011
1111111111111111111111111111111111111111111111111111111111111111111111111111111111111111111110010011
0000000000000000000000000000000000000000000000000000000000000000000000000000000000000000000000010011
1111111111111111111111111111111111111111111111111111111111111111111111111111111111111111111111100011
0000000000000000000000000000000000000000000000000000000000000000000000000000000000000000000000000011
0000000000000000000000000000000000000000000000000000000000000000000000000000000000000000000000000011
1111111111111111111111111111111111111111111111111111111111111111111111111111111111111111111111111101
1111111111111111111111111111111111111111111111111111111111111111111111111111111111111111111111111110
