01011111100110011111110110100101111110011111111111
10011111100110011111110110100101111110011111111111
00011111100110011111110110100101111110011111111111
11101111100110011111110110100101111110011111111111
11110111100110011111110110100101111110011111111111
11111011100110011111110110100101111110011111111111
11111101100110011111110110100101111110011111111111
11111110100110011111110110100101111110011111111111
11111111000110011111110110100101111110011111111111
00000000000110011111110110100101111110011111111111
00000000000110011111110110100101111110011111111111
11111111111010011111110110100101111110011111111111
11111111111100011111110110100101111110011111111111
00000000000000011111110110100101111110011111111111
00000000000000011111110110100101111110011111111111
11111111111111101111110110100101111110011111111111
11111111111111110111110110100101111110011111111111
11111111111111111011110110100101111110011111111111
11111111111111111101110110100101111110011111111111
11111111111111111110110110100101111110011111111111
11111111111111111111010110100101111110011111111111
11111111111111111111100110100101111110011111111111
00000000000000000000000110100101111110011111111111
11111111111111111111111010100101111110011111111111
11111111111111111111111100100101111110011111111111
00000000000000000000000000100101111110011111111111
11111111111111111111111111000101111110011111111111
00000000000000000000000000000101111110011111111111
00000000000000000000000000000101111110011111111111
11111111111111111111111111111001111110011111111111
00000000000000000000000000000001111110011111111111
11111111111111111111111111111110111110011111111111
11111111111111111111111111111111011110011111111111
11111111111111111111111111111111101110011111111111
11111111111111111111111111111111110110011111111111
11111111111111111111111111111111111010011111111111
11111111111111111111111111111111111100011111111111
00000000000000000000000000000000000000011111111111
00000000000000000000000000000000000000011111111111
11111111111111111111111111111111111111101111111111
11111111111111111111111111111111111111110111111111
11111111111111111111111111111111111111111011111111
11111111111111111111111111111111111111111101111111
11111111111111111111111111111111111111111110111111
11111111111111111111111111111111111111111111011111
11111111111111111111111111111111111111111111101111
11111111111111111111111111111111111111111111110111
11111111111111111111111111111111111111111111111011
11111111111111111111111111111111111111111111111101
11111111111111111111111111111111111111111111111110
