01111110101111011011111111110111111011110111111111
10111110101111011011111111110111111011110111111111
11011110101111011011111111110111111011110111111111
11101110101111011011111111110111111011110111111111
11110110101111011011111111110111111011110111111111
11111010101111011011111111110111111011110111111111
11111100101111011011111111110111111011110111111111
00000000101111011011111111110111111011110111111111
11111111001111011011111111110111111011110111111111
00000000001111011011111111110111111011110111111111
11111111110111011011111111110111111011110111111111
11111111111011011011111111110111111011110111111111
11111111111101011011111111110111111011110111111111
11111111111110011011111111110111111011110111111111
00000000000000011011111111110111111011110111111111
11111111111111101011111111110111111011110111111111
11111111111111110011111111110111111011110111111111
00000000000000000011111111110111111011110111111111
11111111111111111101111111110111111011110111111111
11111111111111111110111111110111111011110111111111
11111111111111111111011111110111111011110111111111
11111111111111111111101111110111111011110111111111
11111111111111111111110111110111111011110111111111
11111111111111111111111011110111111011110111111111
11111111111111111111111101110111111011110111111111
11111111111111111111111110110111111011110111111111
11111111111111111111111111010111111011110111111111
11111111111111111111111111100111111011110111111111
00000000000000000000000000000111111011110111111111
11111111111111111111111111111011111011110111111111
11111111111111111111111111111101111011110111111111
11111111111111111111111111111110111011110111111111
11111111111111111111111111111111011011110111111111
11111111111111111111111111111111101011110111111111
11111111111111111111111111111111110011110111111111
00000000000000000000000000000000000011110111111111
11111111111111111111111111111111111101110111111111
11111111111111111111111111111111111110110111111111
11111111111111111111111111111111111111010111111111
11111111111111111111111111111111111111100111111111
00000000000000000000000000000000000000000111111111
11111111111111111111111111111111111111111011111111
11111111111111111111111111111111111111111101111111
11111111111111111111111111111111111111111110111111
11111111111111111111111111111111111111111111011111
11111111111111111111111111111111111111111111101111
11111111111111111111111111111111111111111111110111
11111111111111111111111111111111111111111111111011
11111111111111111111111111111111111111111111111101
11111111111111111111111111111111111111111111111110
