011000111101101101111111010011101111110111001111111101111111111111011101111111111111100111111111110111011100101001111111101011101110111011010111111010
101000111101101101111111010011101111110111001111111101111111111111011101111111111111100111111111110111011100101001111111101011101110111011010111111010
110000111101101101111111010011101111110111001111111101111111111111011101111111111111100111111111110111011100101001111111101011101110111011010111111010
000000111101101101111111010011101111110111001111111101111111111111011101111111111111100111111111110111011100101001111111101011101110111011010111111010
000000111101101101111111010011101111110111001111111101111111111111011101111111111111100111111111110111011100101001111111101011101110111011010111111010
000000111101101101111111010011101111110111001111111101111111111111011101111111111111100111111111110111011100101001111111101011101110111011010111111010
111111011101101101111111010011101111110111001111111101111111111111011101111111111111100111111111110111011100101001111111101011101110111011010111111010
111111101101101101111111010011101111110111001111111101111111111111011101111111111111100111111111110111011100101001111111101011101110111011010111111010
111111110101101101111111010011101111110111001111111101111111111111011101111111111111100111111111110111011100101001111111101011101110111011010111111010
111111111001101101111111010011101111110111001111111101111111111111011101111111111111100111111111110111011100101001111111101011101110111011010111111010
000000000001101101111111010011101111110111001111111101111111111111011101111111111111100111111111110111011100101001111111101011101110111011010111111010
111111111110101101111111010011101111110111001111111101111111111111011101111111111111100111111111110111011100101001111111101011101110111011010111111010
111111111111001101111111010011101111110111001111111101111111111111011101111111111111100111111111110111011100101001111111101011101110111011010111111010
000000000000001101111111010011101111110111001111111101111111111111011101111111111111100111111111110111011100101001111111101011101110111011010111111010
111111111111110101111111010011101111110111001111111101111111111111011101111111111111100111111111110111011100101001111111101011101110111011010111111010
111111111111111001111111010011101111110111001111111101111111111111011101111111111111100111111111110111011100101001111111101011101110111011010111111010
000000000000000001111111010011101111110111001111111101111111111111011101111111111111100111111111110111011100101001111111101011101110111011010111111010
111111111111111110111111010011101111110111001111111101111111111111011101111111111111100111111111110111011100101001111111101011101110111011010111111010
111111111111111111011111010011101111110111001111111101111111111111011101111111111111100111111111110111011100101001111111101011101110111011010111111010
111111111111111111101111010011101111110111001111111101111111111111011101111111111111100111111111110111011100101001111111101011101110111011010111111010
111111111111111111110111010011101111110111001111111101111111111111011101111111111111100111111111110111011100101001111111101011101110111011010111111010
111111111111111111111011010011101111110111001111111101111111111111011101111111111111100111111111110111011100101001111111101011101110111011010111111010
111111111111111111111101010011101111110111001111111101111111111111011101111111111111100111111111110111011100101001111111101011101110111011010111111010
111111111111111111111110010011101111110111001111111101111111111111011101111111111111100111111111110111011100101001111111101011101110111011010111111010
000000000000000000000000010011101111110111001111111101111111111111011101111111111111100111111111110111011100101001111111101011101110111011010111111010
111111111111111111111111100011101111110111001111111101111111111111011101111111111111100111111111110111011100101001111111101011101110111011010111111010
000000000000000000000000000011101111110111001111111101111111111111011101111111111111100111111111110111011100101001111111101011101110111011010111111010
000000000000000000000000000011101111110111001111111101111111111111011101111111111111100111111111110111011100101001111111101011101110111011010111111010
111111111111111111111111111101101111110111001111111101111111111111011101111111111111100111111111110111011100101001111111101011101110111011010111111010
111111111111111111111111111110101111110111001111111101111111111111011101111111111111100111111111110111011100101001111111101011101110111011010111111010
111111111111111111111111111111001111110111001111111101111111111111011101111111111111100111111111110111011100101001111111101011101110111011010111111010
000000000000000000000000000000001111110111001111111101111111111111011101111111111111100111111111110111011100101001111111101011101110111011010111111010
111111111111111111111111111111110111110111001111111101111111111111011101111111111111100111111111110111011100101001111111101011101110111011010111111010
111111111111111111111111111111111011110111001111111101111111111111011101111111111111100111111111110111011100101001111111101011101110111011010111111010
111111111111111111111111111111111101110111001111111101111111111111011101111111111111100111111111110111011100101001111111101011101110111011010111111010
111111111111111111111111111111111110110111001111111101111111111111011101111111111111100111111111110111011100101001111111101011101110111011010111111010
111111111111111111111111111111111111010111001111111101111111111111011101111111111111100111111111110111011100101001111111101011101110111011010111111010
111111111111111111111111111111111111100111001111111101111111111111011101111111111111100111111111110111011100101001111111101011101110111011010111111010
000000000000000000000000000000000000000111001111111101111111111111011101111111111111100111111111110111011100101001111111101011101110111011010111111010
111111111111111111111111111111111111111011001111111101111111111111011101111111111111100111111111110111011100101001111111101011101110111011010111111010
111111111111111111111111111111111111111101001111111101111111111111011101111111111111100111111111110111011100101001111111101011101110111011010111111010
111111111111111111111111111111111111111110001111111101111111111111011101111111111111100111111111110111011100101001111111101011101110111011010111111010
000000000000000000000000000000000000000000001111111101111111111111011101111111111111100111111111110111011100101001111111101011101110111011010111111010
000000000000000000000000000000000000000000001111111101111111111111011101111111111111100111111111110111011100101001111111101011101110111011010111111010
111111111111111111111111111111111111111111110111111101111111111111011101111111111111100111111111110111011100101001111111101011101110111011010111111010
111111111111111111111111111111111111111111111011111101111111111111011101111111111111100111111111110111011100101001111111101011101110111011010111111010
111111111111111111111111111111111111111111111101111101111111111111011101111111111111100111111111110111011100101001111111101011101110111011010111111010
111111111111111111111111111111111111111111111110111101111111111111011101111111111111100111111111110111011100101001111111101011101110111011010111111010
111111111111111111111111111111111111111111111111011101111111111111011101111111111111100111111111110111011100101001111111101011101110111011010111111010
111111111111111111111111111111111111111111111111101101111111111111011101111111111111100111111111110111011100101001111111101011101110111011010111111010
111111111111111111111111111111111111111111111111110101111111111111011101111111111111100111111111110111011100101001111111101011101110111011010111111010
111111111111111111111111111111111111111111111111111001111111111111011101111111111111100111111111110111011100101001111111101011101110111011010111111010
000000000000000000000000000000000000000000000000000001111111111111011101111111111111100111111111110111011100101001111111101011101110111011010111111010
111111111111111111111111111111111111111111111111111110111111111111011101111111111111100111111111110111011100101001111111101011101110111011010111111010
111111111111111111111111111111111111111111111111111111011111111111011101111111111111100111111111110111011100101001111111101011101110111011010111111010
111111111111111111111111111111111111111111111111111111101111111111011101111111111111100111111111110111011100101001111111101011101110111011010111111010
111111111111111111111111111111111111111111111111111111110111111111011101111111111111100111111111110111011100101001111111101011101110111011010111111010
111111111111111111111111111111111111111111111111111111111011111111011101111111111111100111111111110111011100101001111111101011101110111011010111111010
111111111111111111111111111111111111111111111111111111111101111111011101111111111111100111111111110111011100101001111111101011101110111011010111111010
111111111111111111111111111111111111111111111111111111111110111111011101111111111111100111111111110111011100101001111111101011101110111011010111111010
111111111111111111111111111111111111111111111111111111111111011111011101111111111111100111111111110111011100101001111111101011101110111011010111111010
111111111111111111111111111111111111111111111111111111111111101111011101111111111111100111111111110111011100101001111111101011101110111011010111111010
111111111111111111111111111111111111111111111111111111111111110111011101111111111111100111111111110111011100101001111111101011101110111011010111111010
111111111111111111111111111111111111111111111111111111111111111011011101111111111111100111111111110111011100101001111111101011101110111011010111111010
111111111111111111111111111111111111111111111111111111111111111101011101111111111111100111111111110111011100101001111111101011101110111011010111111010
111111111111111111111111111111111111111111111111111111111111111110011101111111111111100111111111110111011100101001111111101011101110111011010111111010
000000000000000000000000000000000000000000000000000000000000000000011101111111111111100111111111110111011100101001111111101011101110111011010111111010
111111111111111111111111111111111111111111111111111111111111111111101101111111111111100111111111110111011100101001111111101011101110111011010111111010
111111111111111111111111111111111111111111111111111111111111111111110101111111111111100111111111110111011100101001111111101011101110111011010111111010
111111111111111111111111111111111111111111111111111111111111111111111001111111111111100111111111110111011100101001111111101011101110111011010111111010
000000000000000000000000000000000000000000000000000000000000000000000001111111111111100111111111110111011100101001111111101011101110111011010111111010
111111111111111111111111111111111111111111111111111111111111111111111110111111111111100111111111110111011100101001111111101011101110111011010111111010
111111111111111111111111111111111111111111111111111111111111111111111111011111111111100111111111110111011100101001111111101011101110111011010111111010
111111111111111111111111111111111111111111111111111111111111111111111111101111111111100111111111110111011100101001111111101011101110111011010111111010
111111111111111111111111111111111111111111111111111111111111111111111111110111111111100111111111110111011100101001111111101011101110111011010111111010
111111111111111111111111111111111111111111111111111111111111111111111111111011111111100111111111110111011100101001111111101011101110111011010111111010
111111111111111111111111111111111111111111111111111111111111111111111111111101111111100111111111110111011100101001111111101011101110111011010111111010
111111111111111111111111111111111111111111111111111111111111111111111111111110111111100111111111110111011100101001111111101011101110111011010111111010
111111111111111111111111111111111111111111111111111111111111111111111111111111011111100111111111110111011100101001111111101011101110111011010111111010
111111111111111111111111111111111111111111111111111111111111111111111111111111101111100111111111110111011100101001111111101011101110111011010111111010
111111111111111111111111111111111111111111111111111111111111111111111111111111110111100111111111110111011100101001111111101011101110111011010111111010
111111111111111111111111111111111111111111111111111111111111111111111111111111111011100111111111110111011100101001111111101011101110111011010111111010
111111111111111111111111111111111111111111111111111111111111111111111111111111111101100111111111110111011100101001111111101011101110111011010111111010
111111111111111111111111111111111111111111111111111111111111111111111111111111111110100111111111110111011100101001111111101011101110111011010111111010
111111111111111111111111111111111111111111111111111111111111111111111111111111111111000111111111110111011100101001111111101011101110111011010111111010
000000000000000000000000000000000000000000000000000000000000000000000000000000000000000111111111110111011100101001111111101011101110111011010111111010
000000000000000000000000000000000000000000000000000000000000000000000000000000000000000111111111110111011100101001111111101011101110111011010111111010
111111111111111111111111111111111111111111111111111111111111111111111111111111111111111011111111110111011100101001111111101011101110111011010111111010
111111111111111111111111111111111111111111111111111111111111111111111111111111111111111101111111110111011100101001111111101011101110111011010111111010
111111111111111111111111111111111111111111111111111111111111111111111111111111111111111110111111110111011100101001111111101011101110111011010111111010
111111111111111111111111111111111111111111111111111111111111111111111111111111111111111111011111110111011100101001111111101011101110111011010111111010
111111111111111111111111111111111111111111111111111111111111111111111111111111111111111111101111110111011100101001111111101011101110111011010111111010
111111111111111111111111111111111111111111111111111111111111111111111111111111111111111111110111110111011100101001111111101011101110111011010111111010
111111111111111111111111111111111111111111111111111111111111111111111111111111111111111111111011110111011100101001111111101011101110111011010111111010
111111111111111111111111111111111111111111111111111111111111111111111111111111111111111111111101110111011100101001111111101011101110111011010111111010
111111111111111111111111111111111111111111111111111111111111111111111111111111111111111111111110110111011100101001111111101011101110111011010111111010
111111111111111111111111111111111111111111111111111111111111111111111111111111111111111111111111010111011100101001111111101011101110111011010111111010
111111111111111111111111111111111111111111111111111111111111111111111111111111111111111111111111100111011100101001111111101011101110111011010111111010
000000000000000000000000000000000000000000000000000000000000000000000000000000000000000000000000000111011100101001111111101011101110111011010111111010
111111111111111111111111111111111111111111111111111111111111111111111111111111111111111111111111111011011100101001111111101011101110111011010111111010
111111111111111111111111111111111111111111111111111111111111111111111111111111111111111111111111111101011100101001111111101011101110111011010111111010
111111111111111111111111111111111111111111111111111111111111111111111111111111111111111111111111111110011100101001111111101011101110111011010111111010
000000000000000000000000000000000000000000000000000000000000000000000000000000000000000000000000000000011100101001111111101011101110111011010111111010
111111111111111111111111111111111111111111111111111111111111111111111111111111111111111111111111111111101100101001111111101011101110111011010111111010
111111111111111111111111111111111111111111111111111111111111111111111111111111111111111111111111111111110100101001111111101011101110111011010111111010
111111111111111111111111111111111111111111111111111111111111111111111111111111111111111111111111111111111000101001111111101011101110111011010111111010
000000000000000000000000000000000000000000000000000000000000000000000000000000000000000000000000000000000000101001111111101011101110111011010111111010
000000000000000000000000000000000000000000000000000000000000000000000000000000000000000000000000000000000000101001111111101011101110111011010111111010
111111111111111111111111111111111111111111111111111111111111111111111111111111111111111111111111111111111111001001111111101011101110111011010111111010
000000000000000000000000000000000000000000000000000000000000000000000000000000000000000000000000000000000000001001111111101011101110111011010111111010
111111111111111111111111111111111111111111111111111111111111111111111111111111111111111111111111111111111111110001111111101011101110111011010111111010
000000000000000000000000000000000000000000000000000000000000000000000000000000000000000000000000000000000000000001111111101011101110111011010111111010
000000000000000000000000000000000000000000000000000000000000000000000000000000000000000000000000000000000000000001111111101011101110111011010111111010
111111111111111111111111111111111111111111111111111111111111111111111111111111111111111111111111111111111111111110111111101011101110111011010111111010
111111111111111111111111111111111111111111111111111111111111111111111111111111111111111111111111111111111111111111011111101011101110111011010111111010
111111111111111111111111111111111111111111111111111111111111111111111111111111111111111111111111111111111111111111101111101011101110111011010111111010
111111111111111111111111111111111111111111111111111111111111111111111111111111111111111111111111111111111111111111110111101011101110111011010111111010
111111111111111111111111111111111111111111111111111111111111111111111111111111111111111111111111111111111111111111111011101011101110111011010111111010
111111111111111111111111111111111111111111111111111111111111111111111111111111111111111111111111111111111111111111111101101011101110111011010111111010
111111111111111111111111111111111111111111111111111111111111111111111111111111111111111111111111111111111111111111111110101011101110111011010111111010
111111111111111111111111111111111111111111111111111111111111111111111111111111111111111111111111111111111111111111111111001011101110111011010111111010
000000000000000000000000000000000000000000000000000000000000000000000000000000000000000000000000000000000000000000000000001011101110111011010111111010
111111111111111111111111111111111111111111111111111111111111111111111111111111111111111111111111111111111111111111111111110011101110111011010111111010
000000000000000000000000000000000000000000000000000000000000000000000000000000000000000000000000000000000000000000000000000011101110111011010111111010
111111111111111111111111111111111111111111111111111111111111111111111111111111111111111111111111111111111111111111111111111101101110111011010111111010
111111111111111111111111111111111111111111111111111111111111111111111111111111111111111111111111111111111111111111111111111110101110111011010111111010
111111111111111111111111111111111111111111111111111111111111111111111111111111111111111111111111111111111111111111111111111111001110111011010111111010
000000000000000000000000000000000000000000000000000000000000000000000000000000000000000000000000000000000000000000000000000000001110111011010111111010
111111111111111111111111111111111111111111111111111111111111111111111111111111111111111111111111111111111111111111111111111111110110111011010111111010
111111111111111111111111111111111111111111111111111111111111111111111111111111111111111111111111111111111111111111111111111111111010111011010111111010
111111111111111111111111111111111111111111111111111111111111111111111111111111111111111111111111111111111111111111111111111111111100111011010111111010
000000000000000000000000000000000000000000000000000000000000000000000000000000000000000000000000000000000000000000000000000000000000111011010111111010
111111111111111111111111111111111111111111111111111111111111111111111111111111111111111111111111111111111111111111111111111111111111011011010111111010
111111111111111111111111111111111111111111111111111111111111111111111111111111111111111111111111111111111111111111111111111111111111101011010111111010
111111111111111111111111111111111111111111111111111111111111111111111111111111111111111111111111111111111111111111111111111111111111110011010111111010
000000000000000000000000000000000000000000000000000000000000000000000000000000000000000000000000000000000000000000000000000000000000000011010111111010
111111111111111111111111111111111111111111111111111111111111111111111111111111111111111111111111111111111111111111111111111111111111111101010111111010
111111111111111111111111111111111111111111111111111111111111111111111111111111111111111111111111111111111111111111111111111111111111111110010111111010
000000000000000000000000000000000000000000000000000000000000000000000000000000000000000000000000000000000000000000000000000000000000000000010111111010
111111111111111111111111111111111111111111111111111111111111111111111111111111111111111111111111111111111111111111111111111111111111111111100111111010
000000000000000000000000000000000000000000000000000000000000000000000000000000000000000000000000000000000000000000000000000000000000000000000111111010
111111111111111111111111111111111111111111111111111111111111111111111111111111111111111111111111111111111111111111111111111111111111111111111011111010
111111111111111111111111111111111111111111111111111111111111111111111111111111111111111111111111111111111111111111111111111111111111111111111101111010
111111111111111111111111111111111111111111111111111111111111111111111111111111111111111111111111111111111111111111111111111111111111111111111110111010
111111111111111111111111111111111111111111111111111111111111111111111111111111111111111111111111111111111111111111111111111111111111111111111111011010
111111111111111111111111111111111111111111111111111111111111111111111111111111111111111111111111111111111111111111111111111111111111111111111111101010
111111111111111111111111111111111111111111111111111111111111111111111111111111111111111111111111111111111111111111111111111111111111111111111111110010
000000000000000000000000000000000000000000000000000000000000000000000000000000000000000000000000000000000000000000000000000000000000000000000000000010
111111111111111111111111111111111111111111111111111111111111111111111111111111111111111111111111111111111111111111111111111111111111111111111111111100
000000000000000000000000000000000000000000000000000000000000000000000000000000000000000000000000000000000000000000000000000000000000000000000000000000
