01101111001111011110011111111111111111111101111111110111010110111110010111110010111011111111000011101000111011110110010111111110011111111101010010101111011111011111111101011010101111110011111101111110
10101111001111011110011111111111111111111101111111110111010110111110010111110010111011111111000011101000111011110110010111111110011111111101010010101111011111011111111101011010101111110011111101111110
11001111001111011110011111111111111111111101111111110111010110111110010111110010111011111111000011101000111011110110010111111110011111111101010010101111011111011111111101011010101111110011111101111110
00001111001111011110011111111111111111111101111111110111010110111110010111110010111011111111000011101000111011110110010111111110011111111101010010101111011111011111111101011010101111110011111101111110
11110111001111011110011111111111111111111101111111110111010110111110010111110010111011111111000011101000111011110110010111111110011111111101010010101111011111011111111101011010101111110011111101111110
11111011001111011110011111111111111111111101111111110111010110111110010111110010111011111111000011101000111011110110010111111110011111111101010010101111011111011111111101011010101111110011111101111110
11111101001111011110011111111111111111111101111111110111010110111110010111110010111011111111000011101000111011110110010111111110011111111101010010101111011111011111111101011010101111110011111101111110
11111110001111011110011111111111111111111101111111110111010110111110010111110010111011111111000011101000111011110110010111111110011111111101010010101111011111011111111101011010101111110011111101111110
00000000001111011110011111111111111111111101111111110111010110111110010111110010111011111111000011101000111011110110010111111110011111111101010010101111011111011111111101011010101111110011111101111110
00000000001111011110011111111111111111111101111111110111010110111110010111110010111011111111000011101000111011110110010111111110011111111101010010101111011111011111111101011010101111110011111101111110
11111111110111011110011111111111111111111101111111110111010110111110010111110010111011111111000011101000111011110110010111111110011111111101010010101111011111011111111101011010101111110011111101111110
11111111111011011110011111111111111111111101111111110111010110111110010111110010111011111111000011101000111011110110010111111110011111111101010010101111011111011111111101011010101111110011111101111110
11111111111101011110011111111111111111111101111111110111010110111110010111110010111011111111000011101000111011110110010111111110011111111101010010101111011111011111111101011010101111110011111101111110
11111111111110011110011111111111111111111101111111110111010110111110010111110010111011111111000011101000111011110110010111111110011111111101010010101111011111011111111101011010101111110011111101111110
00000000000000011110011111111111111111111101111111110111010110111110010111110010111011111111000011101000111011110110010111111110011111111101010010101111011111011111111101011010101111110011111101111110
11111111111111101110011111111111111111111101111111110111010110111110010111110010111011111111000011101000111011110110010111111110011111111101010010101111011111011111111101011010101111110011111101111110
11111111111111110110011111111111111111111101111111110111010110111110010111110010111011111111000011101000111011110110010111111110011111111101010010101111011111011111111101011010101111110011111101111110
11111111111111111010011111111111111111111101111111110111010110111110010111110010111011111111000011101000111011110110010111111110011111111101010010101111011111011111111101011010101111110011111101111110
11111111111111111100011111111111111111111101111111110111010110111110010111110010111011111111000011101000111011110110010111111110011111111101010010101111011111011111111101011010101111110011111101111110
00000000000000000000011111111111111111111101111111110111010110111110010111110010111011111111000011101000111011110110010111111110011111111101010010101111011111011111111101011010101111110011111101111110
00000000000000000000011111111111111111111101111111110111010110111110010111110010111011111111000011101000111011110110010111111110011111111101010010101111011111011111111101011010101111110011111101111110
11111111111111111111101111111111111111111101111111110111010110111110010111110010111011111111000011101000111011110110010111111110011111111101010010101111011111011111111101011010101111110011111101111110
11111111111111111111110111111111111111111101111111110111010110111110010111110010111011111111000011101000111011110110010111111110011111111101010010101111011111011111111101011010101111110011111101111110
11111111111111111111111011111111111111111101111111110111010110111110010111110010111011111111000011101000111011110110010111111110011111111101010010101111011111011111111101011010101111110011111101111110
11111111111111111111111101111111111111111101111111110111010110111110010111110010111011111111000011101000111011110110010111111110011111111101010010101111011111011111111101011010101111110011111101111110
11111111111111111111111110111111111111111101111111110111010110111110010111110010111011111111000011101000111011110110010111111110011111111101010010101111011111011111111101011010101111110011111101111110
11111111111111111111111111011111111111111101111111110111010110111110010111110010111011111111000011101000111011110110010111111110011111111101010010101111011111011111111101011010101111110011111101111110
11111111111111111111111111101111111111111101111111110111010110111110010111110010111011111111000011101000111011110110010111111110011111111101010010101111011111011111111101011010101111110011111101111110
11111111111111111111111111110111111111111101111111110111010110111110010111110010111011111111000011101000111011110110010111111110011111111101010010101111011111011111111101011010101111110011111101111110
11111111111111111111111111111011111111111101111111110111010110111110010111110010111011111111000011101000111011110110010111111110011111111101010010101111011111011111111101011010101111110011111101111110
11111111111111111111111111111101111111111101111111110111010110111110010111110010111011111111000011101000111011110110010111111110011111111101010010101111011111011111111101011010101111110011111101111110
11111111111111111111111111111110111111111101111111110111010110111110010111110010111011111111000011101000111011110110010111111110011111111101010010101111011111011111111101011010101111110011111101111110
11111111111111111111111111111111011111111101111111110111010110111110010111110010111011111111000011101000111011110110010111111110011111111101010010101111011111011111111101011010101111110011111101111110
11111111111111111111111111111111101111111101111111110111010110111110010111110010111011111111000011101000111011110110010111111110011111111101010010101111011111011111111101011010101111110011111101111110
11111111111111111111111111111111110111111101111111110111010110111110010111110010111011111111000011101000111011110110010111111110011111111101010010101111011111011111111101011010101111110011111101111110
11111111111111111111111111111111111011111101111111110111010110111110010111110010111011111111000011101000111011110110010111111110011111111101010010101111011111011111111101011010101111110011111101111110
11111111111111111111111111111111111101111101111111110111010110111110010111110010111011111111000011101000111011110110010111111110011111111101010010101111011111011111111101011010101111110011111101111110
11111111111111111111111111111111111110111101111111110111010110111110010111110010111011111111000011101000111011110110010111111110011111111101010010101111011111011111111101011010101111110011111101111110
11111111111111111111111111111111111111011101111111110111010110111110010111110010111011111111000011101000111011110110010111111110011111111101010010101111011111011111111101011010101111110011111101111110
11111111111111111111111111111111111111101101111111110111010110111110010111110010111011111111000011101000111011110110010111111110011111111101010010101111011111011111111101011010101111110011111101111110
11111111111111111111111111111111111111110101111111110111010110111110010111110010111011111111000011101000111011110110010111111110011111111101010010101111011111011111111101011010101111110011111101111110
11111111111111111111111111111111111111111001111111110111010110111110010111110010111011111111000011101000111011110110010111111110011111111101010010101111011111011111111101011010101111110011111101111110
00000000000000000000000000000000000000000001111111110111010110111110010111110010111011111111000011101000111011110110010111111110011111111101010010101111011111011111111101011010101111110011111101111110
11111111111111111111111111111111111111111110111111110111010110111110010111110010111011111111000011101000111011110110010111111110011111111101010010101111011111011111111101011010101111110011111101111110
11111111111111111111111111111111111111111111011111110111010110111110010111110010111011111111000011101000111011110110010111111110011111111101010010101111011111011111111101011010101111110011111101111110
11111111111111111111111111111111111111111111101111110111010110111110010111110010111011111111000011101000111011110110010111111110011111111101010010101111011111011111111101011010101111110011111101111110
11111111111111111111111111111111111111111111110111110111010110111110010111110010111011111111000011101000111011110110010111111110011111111101010010101111011111011111111101011010101111110011111101111110
11111111111111111111111111111111111111111111111011110111010110111110010111110010111011111111000011101000111011110110010111111110011111111101010010101111011111011111111101011010101111110011111101111110
11111111111111111111111111111111111111111111111101110111010110111110010111110010111011111111000011101000111011110110010111111110011111111101010010101111011111011111111101011010101111110011111101111110
11111111111111111111111111111111111111111111111110110111010110111110010111110010111011111111000011101000111011110110010111111110011111111101010010101111011111011111111101011010101111110011111101111110
11111111111111111111111111111111111111111111111111010111010110111110010111110010111011111111000011101000111011110110010111111110011111111101010010101111011111011111111101011010101111110011111101111110
11111111111111111111111111111111111111111111111111100111010110111110010111110010111011111111000011101000111011110110010111111110011111111101010010101111011111011111111101011010101111110011111101111110
00000000000000000000000000000000000000000000000000000111010110111110010111110010111011111111000011101000111011110110010111111110011111111101010010101111011111011111111101011010101111110011111101111110
11111111111111111111111111111111111111111111111111111011010110111110010111110010111011111111000011101000111011110110010111111110011111111101010010101111011111011111111101011010101111110011111101111110
11111111111111111111111111111111111111111111111111111101010110111110010111110010111011111111000011101000111011110110010111111110011111111101010010101111011111011111111101011010101111110011111101111110
11111111111111111111111111111111111111111111111111111110010110111110010111110010111011111111000011101000111011110110010111111110011111111101010010101111011111011111111101011010101111110011111101111110
00000000000000000000000000000000000000000000000000000000010110111110010111110010111011111111000011101000111011110110010111111110011111111101010010101111011111011111111101011010101111110011111101111110
11111111111111111111111111111111111111111111111111111111100110111110010111110010111011111111000011101000111011110110010111111110011111111101010010101111011111011111111101011010101111110011111101111110
00000000000000000000000000000000000000000000000000000000000110111110010111110010111011111111000011101000111011110110010111111110011111111101010010101111011111011111111101011010101111110011111101111110
11111111111111111111111111111111111111111111111111111111111010111110010111110010111011111111000011101000111011110110010111111110011111111101010010101111011111011111111101011010101111110011111101111110
11111111111111111111111111111111111111111111111111111111111100111110010111110010111011111111000011101000111011110110010111111110011111111101010010101111011111011111111101011010101111110011111101111110
00000000000000000000000000000000000000000000000000000000000000111110010111110010111011111111000011101000111011110110010111111110011111111101010010101111011111011111111101011010101111110011111101111110
11111111111111111111111111111111111111111111111111111111111111011110010111110010111011111111000011101000111011110110010111111110011111111101010010101111011111011111111101011010101111110011111101111110
11111111111111111111111111111111111111111111111111111111111111101110010111110010111011111111000011101000111011110110010111111110011111111101010010101111011111011111111101011010101111110011111101111110
11111111111111111111111111111111111111111111111111111111111111110110010111110010111011111111000011101000111011110110010111111110011111111101010010101111011111011111111101011010101111110011111101111110
11111111111111111111111111111111111111111111111111111111111111111010010111110010111011111111000011101000111011110110010111111110011111111101010010101111011111011111111101011010101111110011111101111110
11111111111111111111111111111111111111111111111111111111111111111100010111110010111011111111000011101000111011110110010111111110011111111101010010101111011111011111111101011010101111110011111101111110
00000000000000000000000000000000000000000000000000000000000000000000010111110010111011111111000011101000111011110110010111111110011111111101010010101111011111011111111101011010101111110011111101111110
00000000000000000000000000000000000000000000000000000000000000000000010111110010111011111111000011101000111011110110010111111110011111111101010010101111011111011111111101011010101111110011111101111110
11111111111111111111111111111111111111111111111111111111111111111111100111110010111011111111000011101000111011110110010111111110011111111101010010101111011111011111111101011010101111110011111101111110
00000000000000000000000000000000000000000000000000000000000000000000000111110010111011111111000011101000111011110110010111111110011111111101010010101111011111011111111101011010101111110011111101111110
11111111111111111111111111111111111111111111111111111111111111111111111011110010111011111111000011101000111011110110010111111110011111111101010010101111011111011111111101011010101111110011111101111110
11111111111111111111111111111111111111111111111111111111111111111111111101110010111011111111000011101000111011110110010111111110011111111101010010101111011111011111111101011010101111110011111101111110
11111111111111111111111111111111111111111111111111111111111111111111111110110010111011111111000011101000111011110110010111111110011111111101010010101111011111011111111101011010101111110011111101111110
11111111111111111111111111111111111111111111111111111111111111111111111111010010111011111111000011101000111011110110010111111110011111111101010010101111011111011111111101011010101111110011111101111110
11111111111111111111111111111111111111111111111111111111111111111111111111100010111011111111000011101000111011110110010111111110011111111101010010101111011111011111111101011010101111110011111101111110
00000000000000000000000000000000000000000000000000000000000000000000000000000010111011111111000011101000111011110110010111111110011111111101010010101111011111011111111101011010101111110011111101111110
00000000000000000000000000000000000000000000000000000000000000000000000000000010111011111111000011101000111011110110010111111110011111111101010010101111011111011111111101011010101111110011111101111110
11111111111111111111111111111111111111111111111111111111111111111111111111111100111011111111000011101000111011110110010111111110011111111101010010101111011111011111111101011010101111110011111101111110
00000000000000000000000000000000000000000000000000000000000000000000000000000000111011111111000011101000111011110110010111111110011111111101010010101111011111011111111101011010101111110011111101111110
11111111111111111111111111111111111111111111111111111111111111111111111111111111011011111111000011101000111011110110010111111110011111111101010010101111011111011111111101011010101111110011111101111110
11111111111111111111111111111111111111111111111111111111111111111111111111111111101011111111000011101000111011110110010111111110011111111101010010101111011111011111111101011010101111110011111101111110
11111111111111111111111111111111111111111111111111111111111111111111111111111111110011111111000011101000111011110110010111111110011111111101010010101111011111011111111101011010101111110011111101111110
00000000000000000000000000000000000000000000000000000000000000000000000000000000000011111111000011101000111011110110010111111110011111111101010010101111011111011111111101011010101111110011111101111110
11111111111111111111111111111111111111111111111111111111111111111111111111111111111101111111000011101000111011110110010111111110011111111101010010101111011111011111111101011010101111110011111101111110
11111111111111111111111111111111111111111111111111111111111111111111111111111111111110111111000011101000111011110110010111111110011111111101010010101111011111011111111101011010101111110011111101111110
11111111111111111111111111111111111111111111111111111111111111111111111111111111111111011111000011101000111011110110010111111110011111111101010010101111011111011111111101011010101111110011111101111110
11111111111111111111111111111111111111111111111111111111111111111111111111111111111111101111000011101000111011110110010111111110011111111101010010101111011111011111111101011010101111110011111101111110
11111111111111111111111111111111111111111111111111111111111111111111111111111111111111110111000011101000111011110110010111111110011111111101010010101111011111011111111101011010101111110011111101111110
11111111111111111111111111111111111111111111111111111111111111111111111111111111111111111011000011101000111011110110010111111110011111111101010010101111011111011111111101011010101111110011111101111110
11111111111111111111111111111111111111111111111111111111111111111111111111111111111111111101000011101000111011110110010111111110011111111101010010101111011111011111111101011010101111110011111101111110
11111111111111111111111111111111111111111111111111111111111111111111111111111111111111111110000011101000111011110110010111111110011111111101010010101111011111011111111101011010101111110011111101111110
00000000000000000000000000000000000000000000000000000000000000000000000000000000000000000000000011101000111011110110010111111110011111111101010010101111011111011111111101011010101111110011111101111110
00000000000000000000000000000000000000000000000000000000000000000000000000000000000000000000000011101000111011110110010111111110011111111101010010101111011111011111111101011010101111110011111101111110
00000000000000000000000000000000000000000000000000000000000000000000000000000000000000000000000011101000111011110110010111111110011111111101010010101111011111011111111101011010101111110011111101111110
00000000000000000000000000000000000000000000000000000000000000000000000000000000000000000000000011101000111011110110010111111110011111111101010010101111011111011111111101011010101111110011111101111110
11111111111111111111111111111111111111111111111111111111111111111111111111111111111111111111111101101000111011110110010111111110011111111101010010101111011111011111111101011010101111110011111101111110
11111111111111111111111111111111111111111111111111111111111111111111111111111111111111111111111110101000111011110110010111111110011111111101010010101111011111011111111101011010101111110011111101111110
11111111111111111111111111111111111111111111111111111111111111111111111111111111111111111111111111001000111011110110010111111110011111111101010010101111011111011111111101011010101111110011111101111110
00000000000000000000000000000000000000000000000000000000000000000000000000000000000000000000000000001000111011110110010111111110011111111101010010101111011111011111111101011010101111110011111101111110
11111111111111111111111111111111111111111111111111111111111111111111111111111111111111111111111111110000111011110110010111111110011111111101010010101111011111011111111101011010101111110011111101111110
00000000000000000000000000000000000000000000000000000000000000000000000000000000000000000000000000000000111011110110010111111110011111111101010010101111011111011111111101011010101111110011111101111110
00000000000000000000000000000000000000000000000000000000000000000000000000000000000000000000000000000000111011110110010111111110011111111101010010101111011111011111111101011010101111110011111101111110
00000000000000000000000000000000000000000000000000000000000000000000000000000000000000000000000000000000111011110110010111111110011111111101010010101111011111011111111101011010101111110011111101111110
11111111111111111111111111111111111111111111111111111111111111111111111111111111111111111111111111111111011011110110010111111110011111111101010010101111011111011111111101011010101111110011111101111110
11111111111111111111111111111111111111111111111111111111111111111111111111111111111111111111111111111111101011110110010111111110011111111101010010101111011111011111111101011010101111110011111101111110
11111111111111111111111111111111111111111111111111111111111111111111111111111111111111111111111111111111110011110110010111111110011111111101010010101111011111011111111101011010101111110011111101111110
00000000000000000000000000000000000000000000000000000000000000000000000000000000000000000000000000000000000011110110010111111110011111111101010010101111011111011111111101011010101111110011111101111110
11111111111111111111111111111111111111111111111111111111111111111111111111111111111111111111111111111111111101110110010111111110011111111101010010101111011111011111111101011010101111110011111101111110
11111111111111111111111111111111111111111111111111111111111111111111111111111111111111111111111111111111111110110110010111111110011111111101010010101111011111011111111101011010101111110011111101111110
11111111111111111111111111111111111111111111111111111111111111111111111111111111111111111111111111111111111111010110010111111110011111111101010010101111011111011111111101011010101111110011111101111110
11111111111111111111111111111111111111111111111111111111111111111111111111111111111111111111111111111111111111100110010111111110011111111101010010101111011111011111111101011010101111110011111101111110
00000000000000000000000000000000000000000000000000000000000000000000000000000000000000000000000000000000000000000110010111111110011111111101010010101111011111011111111101011010101111110011111101111110
11111111111111111111111111111111111111111111111111111111111111111111111111111111111111111111111111111111111111111010010111111110011111111101010010101111011111011111111101011010101111110011111101111110
11111111111111111111111111111111111111111111111111111111111111111111111111111111111111111111111111111111111111111100010111111110011111111101010010101111011111011111111101011010101111110011111101111110
00000000000000000000000000000000000000000000000000000000000000000000000000000000000000000000000000000000000000000000010111111110011111111101010010101111011111011111111101011010101111110011111101111110
00000000000000000000000000000000000000000000000000000000000000000000000000000000000000000000000000000000000000000000010111111110011111111101010010101111011111011111111101011010101111110011111101111110
11111111111111111111111111111111111111111111111111111111111111111111111111111111111111111111111111111111111111111111100111111110011111111101010010101111011111011111111101011010101111110011111101111110
00000000000000000000000000000000000000000000000000000000000000000000000000000000000000000000000000000000000000000000000111111110011111111101010010101111011111011111111101011010101111110011111101111110
11111111111111111111111111111111111111111111111111111111111111111111111111111111111111111111111111111111111111111111111011111110011111111101010010101111011111011111111101011010101111110011111101111110
11111111111111111111111111111111111111111111111111111111111111111111111111111111111111111111111111111111111111111111111101111110011111111101010010101111011111011111111101011010101111110011111101111110
11111111111111111111111111111111111111111111111111111111111111111111111111111111111111111111111111111111111111111111111110111110011111111101010010101111011111011111111101011010101111110011111101111110
11111111111111111111111111111111111111111111111111111111111111111111111111111111111111111111111111111111111111111111111111011110011111111101010010101111011111011111111101011010101111110011111101111110
11111111111111111111111111111111111111111111111111111111111111111111111111111111111111111111111111111111111111111111111111101110011111111101010010101111011111011111111101011010101111110011111101111110
11111111111111111111111111111111111111111111111111111111111111111111111111111111111111111111111111111111111111111111111111110110011111111101010010101111011111011111111101011010101111110011111101111110
11111111111111111111111111111111111111111111111111111111111111111111111111111111111111111111111111111111111111111111111111111010011111111101010010101111011111011111111101011010101111110011111101111110
11111111111111111111111111111111111111111111111111111111111111111111111111111111111111111111111111111111111111111111111111111100011111111101010010101111011111011111111101011010101111110011111101111110
00000000000000000000000000000000000000000000000000000000000000000000000000000000000000000000000000000000000000000000000000000000011111111101010010101111011111011111111101011010101111110011111101111110
00000000000000000000000000000000000000000000000000000000000000000000000000000000000000000000000000000000000000000000000000000000011111111101010010101111011111011111111101011010101111110011111101111110
11111111111111111111111111111111111111111111111111111111111111111111111111111111111111111111111111111111111111111111111111111111101111111101010010101111011111011111111101011010101111110011111101111110
11111111111111111111111111111111111111111111111111111111111111111111111111111111111111111111111111111111111111111111111111111111110111111101010010101111011111011111111101011010101111110011111101111110
11111111111111111111111111111111111111111111111111111111111111111111111111111111111111111111111111111111111111111111111111111111111011111101010010101111011111011111111101011010101111110011111101111110
11111111111111111111111111111111111111111111111111111111111111111111111111111111111111111111111111111111111111111111111111111111111101111101010010101111011111011111111101011010101111110011111101111110
11111111111111111111111111111111111111111111111111111111111111111111111111111111111111111111111111111111111111111111111111111111111110111101010010101111011111011111111101011010101111110011111101111110
11111111111111111111111111111111111111111111111111111111111111111111111111111111111111111111111111111111111111111111111111111111111111011101010010101111011111011111111101011010101111110011111101111110
11111111111111111111111111111111111111111111111111111111111111111111111111111111111111111111111111111111111111111111111111111111111111101101010010101111011111011111111101011010101111110011111101111110
11111111111111111111111111111111111111111111111111111111111111111111111111111111111111111111111111111111111111111111111111111111111111110101010010101111011111011111111101011010101111110011111101111110
11111111111111111111111111111111111111111111111111111111111111111111111111111111111111111111111111111111111111111111111111111111111111111001010010101111011111011111111101011010101111110011111101111110
00000000000000000000000000000000000000000000000000000000000000000000000000000000000000000000000000000000000000000000000000000000000000000001010010101111011111011111111101011010101111110011111101111110
11111111111111111111111111111111111111111111111111111111111111111111111111111111111111111111111111111111111111111111111111111111111111111110010010101111011111011111111101011010101111110011111101111110
00000000000000000000000000000000000000000000000000000000000000000000000000000000000000000000000000000000000000000000000000000000000000000000010010101111011111011111111101011010101111110011111101111110
11111111111111111111111111111111111111111111111111111111111111111111111111111111111111111111111111111111111111111111111111111111111111111111100010101111011111011111111101011010101111110011111101111110
00000000000000000000000000000000000000000000000000000000000000000000000000000000000000000000000000000000000000000000000000000000000000000000000010101111011111011111111101011010101111110011111101111110
00000000000000000000000000000000000000000000000000000000000000000000000000000000000000000000000000000000000000000000000000000000000000000000000010101111011111011111111101011010101111110011111101111110
11111111111111111111111111111111111111111111111111111111111111111111111111111111111111111111111111111111111111111111111111111111111111111111111100101111011111011111111101011010101111110011111101111110
00000000000000000000000000000000000000000000000000000000000000000000000000000000000000000000000000000000000000000000000000000000000000000000000000101111011111011111111101011010101111110011111101111110
11111111111111111111111111111111111111111111111111111111111111111111111111111111111111111111111111111111111111111111111111111111111111111111111111001111011111011111111101011010101111110011111101111110
00000000000000000000000000000000000000000000000000000000000000000000000000000000000000000000000000000000000000000000000000000000000000000000000000001111011111011111111101011010101111110011111101111110
11111111111111111111111111111111111111111111111111111111111111111111111111111111111111111111111111111111111111111111111111111111111111111111111111110111011111011111111101011010101111110011111101111110
11111111111111111111111111111111111111111111111111111111111111111111111111111111111111111111111111111111111111111111111111111111111111111111111111111011011111011111111101011010101111110011111101111110
11111111111111111111111111111111111111111111111111111111111111111111111111111111111111111111111111111111111111111111111111111111111111111111111111111101011111011111111101011010101111110011111101111110
11111111111111111111111111111111111111111111111111111111111111111111111111111111111111111111111111111111111111111111111111111111111111111111111111111110011111011111111101011010101111110011111101111110
00000000000000000000000000000000000000000000000000000000000000000000000000000000000000000000000000000000000000000000000000000000000000000000000000000000011111011111111101011010101111110011111101111110
11111111111111111111111111111111111111111111111111111111111111111111111111111111111111111111111111111111111111111111111111111111111111111111111111111111101111011111111101011010101111110011111101111110
11111111111111111111111111111111111111111111111111111111111111111111111111111111111111111111111111111111111111111111111111111111111111111111111111111111110111011111111101011010101111110011111101111110
11111111111111111111111111111111111111111111111111111111111111111111111111111111111111111111111111111111111111111111111111111111111111111111111111111111111011011111111101011010101111110011111101111110
11111111111111111111111111111111111111111111111111111111111111111111111111111111111111111111111111111111111111111111111111111111111111111111111111111111111101011111111101011010101111110011111101111110
11111111111111111111111111111111111111111111111111111111111111111111111111111111111111111111111111111111111111111111111111111111111111111111111111111111111110011111111101011010101111110011111101111110
00000000000000000000000000000000000000000000000000000000000000000000000000000000000000000000000000000000000000000000000000000000000000000000000000000000000000011111111101011010101111110011111101111110
11111111111111111111111111111111111111111111111111111111111111111111111111111111111111111111111111111111111111111111111111111111111111111111111111111111111111101111111101011010101111110011111101111110
11111111111111111111111111111111111111111111111111111111111111111111111111111111111111111111111111111111111111111111111111111111111111111111111111111111111111110111111101011010101111110011111101111110
11111111111111111111111111111111111111111111111111111111111111111111111111111111111111111111111111111111111111111111111111111111111111111111111111111111111111111011111101011010101111110011111101111110
11111111111111111111111111111111111111111111111111111111111111111111111111111111111111111111111111111111111111111111111111111111111111111111111111111111111111111101111101011010101111110011111101111110
11111111111111111111111111111111111111111111111111111111111111111111111111111111111111111111111111111111111111111111111111111111111111111111111111111111111111111110111101011010101111110011111101111110
11111111111111111111111111111111111111111111111111111111111111111111111111111111111111111111111111111111111111111111111111111111111111111111111111111111111111111111011101011010101111110011111101111110
11111111111111111111111111111111111111111111111111111111111111111111111111111111111111111111111111111111111111111111111111111111111111111111111111111111111111111111101101011010101111110011111101111110
11111111111111111111111111111111111111111111111111111111111111111111111111111111111111111111111111111111111111111111111111111111111111111111111111111111111111111111110101011010101111110011111101111110
11111111111111111111111111111111111111111111111111111111111111111111111111111111111111111111111111111111111111111111111111111111111111111111111111111111111111111111111001011010101111110011111101111110
00000000000000000000000000000000000000000000000000000000000000000000000000000000000000000000000000000000000000000000000000000000000000000000000000000000000000000000000001011010101111110011111101111110
11111111111111111111111111111111111111111111111111111111111111111111111111111111111111111111111111111111111111111111111111111111111111111111111111111111111111111111111110011010101111110011111101111110
00000000000000000000000000000000000000000000000000000000000000000000000000000000000000000000000000000000000000000000000000000000000000000000000000000000000000000000000000011010101111110011111101111110
11111111111111111111111111111111111111111111111111111111111111111111111111111111111111111111111111111111111111111111111111111111111111111111111111111111111111111111111111101010101111110011111101111110
11111111111111111111111111111111111111111111111111111111111111111111111111111111111111111111111111111111111111111111111111111111111111111111111111111111111111111111111111110010101111110011111101111110
00000000000000000000000000000000000000000000000000000000000000000000000000000000000000000000000000000000000000000000000000000000000000000000000000000000000000000000000000000010101111110011111101111110
11111111111111111111111111111111111111111111111111111111111111111111111111111111111111111111111111111111111111111111111111111111111111111111111111111111111111111111111111111100101111110011111101111110
00000000000000000000000000000000000000000000000000000000000000000000000000000000000000000000000000000000000000000000000000000000000000000000000000000000000000000000000000000000101111110011111101111110
11111111111111111111111111111111111111111111111111111111111111111111111111111111111111111111111111111111111111111111111111111111111111111111111111111111111111111111111111111111001111110011111101111110
00000000000000000000000000000000000000000000000000000000000000000000000000000000000000000000000000000000000000000000000000000000000000000000000000000000000000000000000000000000001111110011111101111110
11111111111111111111111111111111111111111111111111111111111111111111111111111111111111111111111111111111111111111111111111111111111111111111111111111111111111111111111111111111110111110011111101111110
11111111111111111111111111111111111111111111111111111111111111111111111111111111111111111111111111111111111111111111111111111111111111111111111111111111111111111111111111111111111011110011111101111110
11111111111111111111111111111111111111111111111111111111111111111111111111111111111111111111111111111111111111111111111111111111111111111111111111111111111111111111111111111111111101110011111101111110
11111111111111111111111111111111111111111111111111111111111111111111111111111111111111111111111111111111111111111111111111111111111111111111111111111111111111111111111111111111111110110011111101111110
11111111111111111111111111111111111111111111111111111111111111111111111111111111111111111111111111111111111111111111111111111111111111111111111111111111111111111111111111111111111111010011111101111110
11111111111111111111111111111111111111111111111111111111111111111111111111111111111111111111111111111111111111111111111111111111111111111111111111111111111111111111111111111111111111100011111101111110
00000000000000000000000000000000000000000000000000000000000000000000000000000000000000000000000000000000000000000000000000000000000000000000000000000000000000000000000000000000000000000011111101111110
00000000000000000000000000000000000000000000000000000000000000000000000000000000000000000000000000000000000000000000000000000000000000000000000000000000000000000000000000000000000000000011111101111110
11111111111111111111111111111111111111111111111111111111111111111111111111111111111111111111111111111111111111111111111111111111111111111111111111111111111111111111111111111111111111111101111101111110
11111111111111111111111111111111111111111111111111111111111111111111111111111111111111111111111111111111111111111111111111111111111111111111111111111111111111111111111111111111111111111110111101111110
11111111111111111111111111111111111111111111111111111111111111111111111111111111111111111111111111111111111111111111111111111111111111111111111111111111111111111111111111111111111111111111011101111110
11111111111111111111111111111111111111111111111111111111111111111111111111111111111111111111111111111111111111111111111111111111111111111111111111111111111111111111111111111111111111111111101101111110
11111111111111111111111111111111111111111111111111111111111111111111111111111111111111111111111111111111111111111111111111111111111111111111111111111111111111111111111111111111111111111111110101111110
11111111111111111111111111111111111111111111111111111111111111111111111111111111111111111111111111111111111111111111111111111111111111111111111111111111111111111111111111111111111111111111111001111110
00000000000000000000000000000000000000000000000000000000000000000000000000000000000000000000000000000000000000000000000000000000000000000000000000000000000000000000000000000000000000000000000001111110
11111111111111111111111111111111111111111111111111111111111111111111111111111111111111111111111111111111111111111111111111111111111111111111111111111111111111111111111111111111111111111111111110111110
11111111111111111111111111111111111111111111111111111111111111111111111111111111111111111111111111111111111111111111111111111111111111111111111111111111111111111111111111111111111111111111111111011110
11111111111111111111111111111111111111111111111111111111111111111111111111111111111111111111111111111111111111111111111111111111111111111111111111111111111111111111111111111111111111111111111111101110
11111111111111111111111111111111111111111111111111111111111111111111111111111111111111111111111111111111111111111111111111111111111111111111111111111111111111111111111111111111111111111111111111110110
11111111111111111111111111111111111111111111111111111111111111111111111111111111111111111111111111111111111111111111111111111111111111111111111111111111111111111111111111111111111111111111111111111010
11111111111111111111111111111111111111111111111111111111111111111111111111111111111111111111111111111111111111111111111111111111111111111111111111111111111111111111111111111111111111111111111111111100
00000000000000000000000000000000000000000000000000000000000000000000000000000000000000000000000000000000000000000000000000000000000000000000000000000000000000000000000000000000000000000000000000000000
