0111110111100111101111101011111011011111111111111111111111111111111110101011111110101101110111111011
1011110111100111101111101011111011011111111111111111111111111111111110101011111110101101110111111011
1101110111100111101111101011111011011111111111111111111111111111111110101011111110101101110111111011
1110110111100111101111101011111011011111111111111111111111111111111110101011111110101101110111111011
1111010111100111101111101011111011011111111111111111111111111111111110101011111110101101110111111011
1111100111100111101111101011111011011111111111111111111111111111111110101011111110101101110111111011
0000000111100111101111101011111011011111111111111111111111111111111110101011111110101101110111111011
1111111011100111101111101011111011011111111111111111111111111111111110101011111110101101110111111011
1111111101100111101111101011111011011111111111111111111111111111111110101011111110101101110111111011
1111111110100111101111101011111011011111111111111111111111111111111110101011111110101101110111111011
1111111111000111101111101011111011011111111111111111111111111111111110101011111110101101110111111011
0000000000000111101111101011111011011111111111111111111111111111111110101011111110101101110111111011
0000000000000111101111101011111011011111111111111111111111111111111110101011111110101101110111111011
1111111111111011101111101011111011011111111111111111111111111111111110101011111110101101110111111011
1111111111111101101111101011111011011111111111111111111111111111111110101011111110101101110111111011
1111111111111110101111101011111011011111111111111111111111111111111110101011111110101101110111111011
1111111111111111001111101011111011011111111111111111111111111111111110101011111110101101110111111011
0000000000000000001111101011111011011111111111111111111111111111111110101011111110101101110111111011
1111111111111111110111101011111011011111111111111111111111111111111110101011111110101101110111111011
1111111111111111111011101011111011011111111111111111111111111111111110101011111110101101110111111011
1111111111111111111101101011111011011111111111111111111111111111111110101011111110101101110111111011
1111111111111111111110101011111011011111111111111111111111111111111110101011111110101101110111111011
1111111111111111111111001011111011011111111111111111111111111111111110101011111110101101110111111011
0000000000000000000000001011111011011111111111111111111111111111111110101011111110101101110111111011
1111111111111111111111110011111011011111111111111111111111111111111110101011111110101101110111111011
0000000000000000000000000011111011011111111111111111111111111111111110101011111110101101110111111011
1111111111111111111111111101111011011111111111111111111111111111111110101011111110101101110111111011
1111111111111111111111111110111011011111111111111111111111111111111110101011111110101101110111111011
1111111111111111111111111111011011011111111111111111111111111111111110101011111110101101110111111011
1111111111111111111111111111101011011111111111111111111111111111111110101011111110101101110111111011
1111111111111111111111111111110011011111111111111111111111111111111110101011111110101101110111111011
0000000000000000000000000000000011011111111111111111111111111111111110101011111110101101110111111011
1111111111111111111111111111111101011111111111111111111111111111111110101011111110101101110111111011
1111111111111111111111111111111110011111111111111111111111111111111110101011111110101101110111111011
0000000000000000000000000000000000011111111111111111111111111111111110101011111110101101110111111011
1111111111111111111111111111111111101111111111111111111111111111111110101011111110101101110111111011
1111111111111111111111111111111111110111111111111111111111111111111110101011111110101101110111111011
1111111111111111111111111111111111111011111111111111111111111111111110101011111110101101110111111011
1111111111111111111111111111111111111101111111111111111111111111111110101011111110101101110111111011
1111111111111111111111111111111111111110111111111111111111111111111110101011111110101101110111111011
1111111111111111111111111111111111111111011111111111111111111111111110101011111110101101110111111011
1111111111111111111111111111111111111111101111111111111111111111111110101011111110101101110111111011
1111111111111111111111111111111111111111110111111111111111111111111110101011111110101101110111111011
1111111111111111111111111111111111111111111011111111111111111111111110101011111110101101110111111011
1111111111111111111111111111111111111111111101111111111111111111111110101011111110101101110111111011
1111111111111111111111111111111111111111111110111111111111111111111110101011111110101101110111111011
1111111111111111111111111111111111111111111111011111111111111111111110101011111110101101110111111011
1111111111111111111111111111111111111111111111101111111111111111111110101011111110101101110111111011
1111111111111111111111111111111111111111111111110111111111111111111110101011111110101101110111111011
1111111111111111111111111111111111111111111111111011111111111111111110101011111110101101110111111011
1111111111111111111111111111111111111111111111111101111111111111111110101011111110101101110111111011
1111111111111111111111111111111111111111111111111110111111111111111110101011111110101101110111111011
1111111111111111111111111111111111111111111111111111011111111111111110101011111110101101110111111011
1111111111111111111111111111111111111111111111111111101111111111111110101011111110101101110111111011
1111111111111111111111111111111111111111111111111111110111111111111110101011111110101101110111111011
1111111111111111111111111111111111111111111111111111111011111111111110101011111110101101110111111011
1111111111111111111111111111111111111111111111111111111101111111111110101011111110101101110111111011
1111111111111111111111111111111111111111111111111111111110111111111110101011111110101101110111111011
1111111111111111111111111111111111111111111111111111111111011111111110101011111110101101110111111011
1111111111111111111111111111111111111111111111111111111111101111111110101011111110101101110111111011
1111111111111111111111111111111111111111111111111111111111110111111110101011111110101101110111111011
1111111111111111111111111111111111111111111111111111111111111011111110101011111110101101110111111011
1111111111111111111111111111111111111111111111111111111111111101111110101011111110101101110111111011
1111111111111111111111111111111111111111111111111111111111111110111110101011111110101101110111111011
1111111111111111111111111111111111111111111111111111111111111111011110101011111110101101110111111011
1111111111111111111111111111111111111111111111111111111111111111101110101011111110101101110111111011
1111111111111111111111111111111111111111111111111111111111111111110110101011111110101101110111111011
1111111111111111111111111111111111111111111111111111111111111111111010101011111110101101110111111011
1111111111111111111111111111111111111111111111111111111111111111111100101011111110101101110111111011
0000000000000000000000000000000000000000000000000000000000000000000000101011111110101101110111111011
1111111111111111111111111111111111111111111111111111111111111111111111001011111110101101110111111011
0000000000000000000000000000000000000000000000000000000000000000000000001011111110101101110111111011
1111111111111111111111111111111111111111111111111111111111111111111111110011111110101101110111111011
0000000000000000000000000000000000000000000000000000000000000000000000000011111110101101110111111011
1111111111111111111111111111111111111111111111111111111111111111111111111101111110101101110111111011
1111111111111111111111111111111111111111111111111111111111111111111111111110111110101101110111111011
1111111111111111111111111111111111111111111111111111111111111111111111111111011110101101110111111011
1111111111111111111111111111111111111111111111111111111111111111111111111111101110101101110111111011
1111111111111111111111111111111111111111111111111111111111111111111111111111110110101101110111111011
1111111111111111111111111111111111111111111111111111111111111111111111111111111010101101110111111011
1111111111111111111111111111111111111111111111111111111111111111111111111111111100101101110111111011
0000000000000000000000000000000000000000000000000000000000000000000000000000000000101101110111111011
1111111111111111111111111111111111111111111111111111111111111111111111111111111111001101110111111011
0000000000000000000000000000000000000000000000000000000000000000000000000000000000001101110111111011
1111111111111111111111111111111111111111111111111111111111111111111111111111111111110101110111111011
1111111111111111111111111111111111111111111111111111111111111111111111111111111111111001110111111011
0000000000000000000000000000000000000000000000000000000000000000000000000000000000000001110111111011
1111111111111111111111111111111111111111111111111111111111111111111111111111111111111110110111111011
1111111111111111111111111111111111111111111111111111111111111111111111111111111111111111010111111011
1111111111111111111111111111111111111111111111111111111111111111111111111111111111111111100111111011
0000000000000000000000000000000000000000000000000000000000000000000000000000000000000000000111111011
1111111111111111111111111111111111111111111111111111111111111111111111111111111111111111111011111011
1111111111111111111111111111111111111111111111111111111111111111111111111111111111111111111101111011
1111111111111111111111111111111111111111111111111111111111111111111111111111111111111111111110111011
1111111111111111111111111111111111111111111111111111111111111111111111111111111111111111111111011011
1111111111111111111111111111111111111111111111111111111111111111111111111111111111111111111111101011
1111111111111111111111111111111111111111111111111111111111111111111111111111111111111111111111110011
0000000000000000000000000000000000000000000000000000000000000000000000000000000000000000000000000011
1111111111111111111111111111111111111111111111111111111111111111111111111111111111111111111111111101
1111111111111111111111111111111111111111111111111111111111111111111111111111111111111111111111111110
