00111110001011011111011111010100001101011111001101011110011110101011011110111000101111111111011010111111101111111101111111011111101111101100111101111100110011111011011100111001000011111100011101110111
00111110001011011111011111010100001101011111001101011110011110101011011110111000101111111111011010111111101111111101111111011111101111101100111101111100110011111011011100111001000011111100011101110111
11011110001011011111011111010100001101011111001101011110011110101011011110111000101111111111011010111111101111111101111111011111101111101100111101111100110011111011011100111001000011111100011101110111
11101110001011011111011111010100001101011111001101011110011110101011011110111000101111111111011010111111101111111101111111011111101111101100111101111100110011111011011100111001000011111100011101110111
11110110001011011111011111010100001101011111001101011110011110101011011110111000101111111111011010111111101111111101111111011111101111101100111101111100110011111011011100111001000011111100011101110111
11111010001011011111011111010100001101011111001101011110011110101011011110111000101111111111011010111111101111111101111111011111101111101100111101111100110011111011011100111001000011111100011101110111
11111100001011011111011111010100001101011111001101011110011110101011011110111000101111111111011010111111101111111101111111011111101111101100111101111100110011111011011100111001000011111100011101110111
00000000001011011111011111010100001101011111001101011110011110101011011110111000101111111111011010111111101111111101111111011111101111101100111101111100110011111011011100111001000011111100011101110111
00000000001011011111011111010100001101011111001101011110011110101011011110111000101111111111011010111111101111111101111111011111101111101100111101111100110011111011011100111001000011111100011101110111
00000000001011011111011111010100001101011111001101011110011110101011011110111000101111111111011010111111101111111101111111011111101111101100111101111100110011111011011100111001000011111100011101110111
11111111110011011111011111010100001101011111001101011110011110101011011110111000101111111111011010111111101111111101111111011111101111101100111101111100110011111011011100111001000011111100011101110111
00000000000011011111011111010100001101011111001101011110011110101011011110111000101111111111011010111111101111111101111111011111101111101100111101111100110011111011011100111001000011111100011101110111
11111111111101011111011111010100001101011111001101011110011110101011011110111000101111111111011010111111101111111101111111011111101111101100111101111100110011111011011100111001000011111100011101110111
11111111111110011111011111010100001101011111001101011110011110101011011110111000101111111111011010111111101111111101111111011111101111101100111101111100110011111011011100111001000011111100011101110111
00000000000000011111011111010100001101011111001101011110011110101011011110111000101111111111011010111111101111111101111111011111101111101100111101111100110011111011011100111001000011111100011101110111
11111111111111101111011111010100001101011111001101011110011110101011011110111000101111111111011010111111101111111101111111011111101111101100111101111100110011111011011100111001000011111100011101110111
11111111111111110111011111010100001101011111001101011110011110101011011110111000101111111111011010111111101111111101111111011111101111101100111101111100110011111011011100111001000011111100011101110111
11111111111111111011011111010100001101011111001101011110011110101011011110111000101111111111011010111111101111111101111111011111101111101100111101111100110011111011011100111001000011111100011101110111
11111111111111111101011111010100001101011111001101011110011110101011011110111000101111111111011010111111101111111101111111011111101111101100111101111100110011111011011100111001000011111100011101110111
11111111111111111110011111010100001101011111001101011110011110101011011110111000101111111111011010111111101111111101111111011111101111101100111101111100110011111011011100111001000011111100011101110111
00000000000000000000011111010100001101011111001101011110011110101011011110111000101111111111011010111111101111111101111111011111101111101100111101111100110011111011011100111001000011111100011101110111
11111111111111111111101111010100001101011111001101011110011110101011011110111000101111111111011010111111101111111101111111011111101111101100111101111100110011111011011100111001000011111100011101110111
11111111111111111111110111010100001101011111001101011110011110101011011110111000101111111111011010111111101111111101111111011111101111101100111101111100110011111011011100111001000011111100011101110111
11111111111111111111111011010100001101011111001101011110011110101011011110111000101111111111011010111111101111111101111111011111101111101100111101111100110011111011011100111001000011111100011101110111
11111111111111111111111101010100001101011111001101011110011110101011011110111000101111111111011010111111101111111101111111011111101111101100111101111100110011111011011100111001000011111100011101110111
11111111111111111111111110010100001101011111001101011110011110101011011110111000101111111111011010111111101111111101111111011111101111101100111101111100110011111011011100111001000011111100011101110111
00000000000000000000000000010100001101011111001101011110011110101011011110111000101111111111011010111111101111111101111111011111101111101100111101111100110011111011011100111001000011111100011101110111
11111111111111111111111111100100001101011111001101011110011110101011011110111000101111111111011010111111101111111101111111011111101111101100111101111100110011111011011100111001000011111100011101110111
00000000000000000000000000000100001101011111001101011110011110101011011110111000101111111111011010111111101111111101111111011111101111101100111101111100110011111011011100111001000011111100011101110111
11111111111111111111111111111000001101011111001101011110011110101011011110111000101111111111011010111111101111111101111111011111101111101100111101111100110011111011011100111001000011111100011101110111
00000000000000000000000000000000001101011111001101011110011110101011011110111000101111111111011010111111101111111101111111011111101111101100111101111100110011111011011100111001000011111100011101110111
00000000000000000000000000000000001101011111001101011110011110101011011110111000101111111111011010111111101111111101111111011111101111101100111101111100110011111011011100111001000011111100011101110111
00000000000000000000000000000000001101011111001101011110011110101011011110111000101111111111011010111111101111111101111111011111101111101100111101111100110011111011011100111001000011111100011101110111
00000000000000000000000000000000001101011111001101011110011110101011011110111000101111111111011010111111101111111101111111011111101111101100111101111100110011111011011100111001000011111100011101110111
11111111111111111111111111111111110101011111001101011110011110101011011110111000101111111111011010111111101111111101111111011111101111101100111101111100110011111011011100111001000011111100011101110111
11111111111111111111111111111111111001011111001101011110011110101011011110111000101111111111011010111111101111111101111111011111101111101100111101111100110011111011011100111001000011111100011101110111
00000000000000000000000000000000000001011111001101011110011110101011011110111000101111111111011010111111101111111101111111011111101111101100111101111100110011111011011100111001000011111100011101110111
11111111111111111111111111111111111110011111001101011110011110101011011110111000101111111111011010111111101111111101111111011111101111101100111101111100110011111011011100111001000011111100011101110111
00000000000000000000000000000000000000011111001101011110011110101011011110111000101111111111011010111111101111111101111111011111101111101100111101111100110011111011011100111001000011111100011101110111
11111111111111111111111111111111111111101111001101011110011110101011011110111000101111111111011010111111101111111101111111011111101111101100111101111100110011111011011100111001000011111100011101110111
11111111111111111111111111111111111111110111001101011110011110101011011110111000101111111111011010111111101111111101111111011111101111101100111101111100110011111011011100111001000011111100011101110111
11111111111111111111111111111111111111111011001101011110011110101011011110111000101111111111011010111111101111111101111111011111101111101100111101111100110011111011011100111001000011111100011101110111
11111111111111111111111111111111111111111101001101011110011110101011011110111000101111111111011010111111101111111101111111011111101111101100111101111100110011111011011100111001000011111100011101110111
11111111111111111111111111111111111111111110001101011110011110101011011110111000101111111111011010111111101111111101111111011111101111101100111101111100110011111011011100111001000011111100011101110111
00000000000000000000000000000000000000000000001101011110011110101011011110111000101111111111011010111111101111111101111111011111101111101100111101111100110011111011011100111001000011111100011101110111
00000000000000000000000000000000000000000000001101011110011110101011011110111000101111111111011010111111101111111101111111011111101111101100111101111100110011111011011100111001000011111100011101110111
11111111111111111111111111111111111111111111110101011110011110101011011110111000101111111111011010111111101111111101111111011111101111101100111101111100110011111011011100111001000011111100011101110111
11111111111111111111111111111111111111111111111001011110011110101011011110111000101111111111011010111111101111111101111111011111101111101100111101111100110011111011011100111001000011111100011101110111
00000000000000000000000000000000000000000000000001011110011110101011011110111000101111111111011010111111101111111101111111011111101111101100111101111100110011111011011100111001000011111100011101110111
11111111111111111111111111111111111111111111111110011110011110101011011110111000101111111111011010111111101111111101111111011111101111101100111101111100110011111011011100111001000011111100011101110111
00000000000000000000000000000000000000000000000000011110011110101011011110111000101111111111011010111111101111111101111111011111101111101100111101111100110011111011011100111001000011111100011101110111
11111111111111111111111111111111111111111111111111101110011110101011011110111000101111111111011010111111101111111101111111011111101111101100111101111100110011111011011100111001000011111100011101110111
11111111111111111111111111111111111111111111111111110110011110101011011110111000101111111111011010111111101111111101111111011111101111101100111101111100110011111011011100111001000011111100011101110111
11111111111111111111111111111111111111111111111111111010011110101011011110111000101111111111011010111111101111111101111111011111101111101100111101111100110011111011011100111001000011111100011101110111
11111111111111111111111111111111111111111111111111111100011110101011011110111000101111111111011010111111101111111101111111011111101111101100111101111100110011111011011100111001000011111100011101110111
00000000000000000000000000000000000000000000000000000000011110101011011110111000101111111111011010111111101111111101111111011111101111101100111101111100110011111011011100111001000011111100011101110111
00000000000000000000000000000000000000000000000000000000011110101011011110111000101111111111011010111111101111111101111111011111101111101100111101111100110011111011011100111001000011111100011101110111
11111111111111111111111111111111111111111111111111111111101110101011011110111000101111111111011010111111101111111101111111011111101111101100111101111100110011111011011100111001000011111100011101110111
11111111111111111111111111111111111111111111111111111111110110101011011110111000101111111111011010111111101111111101111111011111101111101100111101111100110011111011011100111001000011111100011101110111
11111111111111111111111111111111111111111111111111111111111010101011011110111000101111111111011010111111101111111101111111011111101111101100111101111100110011111011011100111001000011111100011101110111
11111111111111111111111111111111111111111111111111111111111100101011011110111000101111111111011010111111101111111101111111011111101111101100111101111100110011111011011100111001000011111100011101110111
00000000000000000000000000000000000000000000000000000000000000101011011110111000101111111111011010111111101111111101111111011111101111101100111101111100110011111011011100111001000011111100011101110111
11111111111111111111111111111111111111111111111111111111111111001011011110111000101111111111011010111111101111111101111111011111101111101100111101111100110011111011011100111001000011111100011101110111
00000000000000000000000000000000000000000000000000000000000000001011011110111000101111111111011010111111101111111101111111011111101111101100111101111100110011111011011100111001000011111100011101110111
11111111111111111111111111111111111111111111111111111111111111110011011110111000101111111111011010111111101111111101111111011111101111101100111101111100110011111011011100111001000011111100011101110111
00000000000000000000000000000000000000000000000000000000000000000011011110111000101111111111011010111111101111111101111111011111101111101100111101111100110011111011011100111001000011111100011101110111
11111111111111111111111111111111111111111111111111111111111111111101011110111000101111111111011010111111101111111101111111011111101111101100111101111100110011111011011100111001000011111100011101110111
11111111111111111111111111111111111111111111111111111111111111111110011110111000101111111111011010111111101111111101111111011111101111101100111101111100110011111011011100111001000011111100011101110111
00000000000000000000000000000000000000000000000000000000000000000000011110111000101111111111011010111111101111111101111111011111101111101100111101111100110011111011011100111001000011111100011101110111
11111111111111111111111111111111111111111111111111111111111111111111101110111000101111111111011010111111101111111101111111011111101111101100111101111100110011111011011100111001000011111100011101110111
11111111111111111111111111111111111111111111111111111111111111111111110110111000101111111111011010111111101111111101111111011111101111101100111101111100110011111011011100111001000011111100011101110111
11111111111111111111111111111111111111111111111111111111111111111111111010111000101111111111011010111111101111111101111111011111101111101100111101111100110011111011011100111001000011111100011101110111
11111111111111111111111111111111111111111111111111111111111111111111111100111000101111111111011010111111101111111101111111011111101111101100111101111100110011111011011100111001000011111100011101110111
00000000000000000000000000000000000000000000000000000000000000000000000000111000101111111111011010111111101111111101111111011111101111101100111101111100110011111011011100111001000011111100011101110111
11111111111111111111111111111111111111111111111111111111111111111111111111011000101111111111011010111111101111111101111111011111101111101100111101111100110011111011011100111001000011111100011101110111
11111111111111111111111111111111111111111111111111111111111111111111111111101000101111111111011010111111101111111101111111011111101111101100111101111100110011111011011100111001000011111100011101110111
11111111111111111111111111111111111111111111111111111111111111111111111111110000101111111111011010111111101111111101111111011111101111101100111101111100110011111011011100111001000011111100011101110111
00000000000000000000000000000000000000000000000000000000000000000000000000000000101111111111011010111111101111111101111111011111101111101100111101111100110011111011011100111001000011111100011101110111
00000000000000000000000000000000000000000000000000000000000000000000000000000000101111111111011010111111101111111101111111011111101111101100111101111100110011111011011100111001000011111100011101110111
00000000000000000000000000000000000000000000000000000000000000000000000000000000101111111111011010111111101111111101111111011111101111101100111101111100110011111011011100111001000011111100011101110111
11111111111111111111111111111111111111111111111111111111111111111111111111111111001111111111011010111111101111111101111111011111101111101100111101111100110011111011011100111001000011111100011101110111
00000000000000000000000000000000000000000000000000000000000000000000000000000000001111111111011010111111101111111101111111011111101111101100111101111100110011111011011100111001000011111100011101110111
11111111111111111111111111111111111111111111111111111111111111111111111111111111110111111111011010111111101111111101111111011111101111101100111101111100110011111011011100111001000011111100011101110111
11111111111111111111111111111111111111111111111111111111111111111111111111111111111011111111011010111111101111111101111111011111101111101100111101111100110011111011011100111001000011111100011101110111
11111111111111111111111111111111111111111111111111111111111111111111111111111111111101111111011010111111101111111101111111011111101111101100111101111100110011111011011100111001000011111100011101110111
11111111111111111111111111111111111111111111111111111111111111111111111111111111111110111111011010111111101111111101111111011111101111101100111101111100110011111011011100111001000011111100011101110111
11111111111111111111111111111111111111111111111111111111111111111111111111111111111111011111011010111111101111111101111111011111101111101100111101111100110011111011011100111001000011111100011101110111
11111111111111111111111111111111111111111111111111111111111111111111111111111111111111101111011010111111101111111101111111011111101111101100111101111100110011111011011100111001000011111100011101110111
11111111111111111111111111111111111111111111111111111111111111111111111111111111111111110111011010111111101111111101111111011111101111101100111101111100110011111011011100111001000011111100011101110111
11111111111111111111111111111111111111111111111111111111111111111111111111111111111111111011011010111111101111111101111111011111101111101100111101111100110011111011011100111001000011111100011101110111
11111111111111111111111111111111111111111111111111111111111111111111111111111111111111111101011010111111101111111101111111011111101111101100111101111100110011111011011100111001000011111100011101110111
11111111111111111111111111111111111111111111111111111111111111111111111111111111111111111110011010111111101111111101111111011111101111101100111101111100110011111011011100111001000011111100011101110111
00000000000000000000000000000000000000000000000000000000000000000000000000000000000000000000011010111111101111111101111111011111101111101100111101111100110011111011011100111001000011111100011101110111
11111111111111111111111111111111111111111111111111111111111111111111111111111111111111111111101010111111101111111101111111011111101111101100111101111100110011111011011100111001000011111100011101110111
11111111111111111111111111111111111111111111111111111111111111111111111111111111111111111111110010111111101111111101111111011111101111101100111101111100110011111011011100111001000011111100011101110111
00000000000000000000000000000000000000000000000000000000000000000000000000000000000000000000000010111111101111111101111111011111101111101100111101111100110011111011011100111001000011111100011101110111
11111111111111111111111111111111111111111111111111111111111111111111111111111111111111111111111100111111101111111101111111011111101111101100111101111100110011111011011100111001000011111100011101110111
00000000000000000000000000000000000000000000000000000000000000000000000000000000000000000000000000111111101111111101111111011111101111101100111101111100110011111011011100111001000011111100011101110111
11111111111111111111111111111111111111111111111111111111111111111111111111111111111111111111111111011111101111111101111111011111101111101100111101111100110011111011011100111001000011111100011101110111
11111111111111111111111111111111111111111111111111111111111111111111111111111111111111111111111111101111101111111101111111011111101111101100111101111100110011111011011100111001000011111100011101110111
11111111111111111111111111111111111111111111111111111111111111111111111111111111111111111111111111110111101111111101111111011111101111101100111101111100110011111011011100111001000011111100011101110111
11111111111111111111111111111111111111111111111111111111111111111111111111111111111111111111111111111011101111111101111111011111101111101100111101111100110011111011011100111001000011111100011101110111
11111111111111111111111111111111111111111111111111111111111111111111111111111111111111111111111111111101101111111101111111011111101111101100111101111100110011111011011100111001000011111100011101110111
11111111111111111111111111111111111111111111111111111111111111111111111111111111111111111111111111111110101111111101111111011111101111101100111101111100110011111011011100111001000011111100011101110111
11111111111111111111111111111111111111111111111111111111111111111111111111111111111111111111111111111111001111111101111111011111101111101100111101111100110011111011011100111001000011111100011101110111
00000000000000000000000000000000000000000000000000000000000000000000000000000000000000000000000000000000001111111101111111011111101111101100111101111100110011111011011100111001000011111100011101110111
11111111111111111111111111111111111111111111111111111111111111111111111111111111111111111111111111111111110111111101111111011111101111101100111101111100110011111011011100111001000011111100011101110111
11111111111111111111111111111111111111111111111111111111111111111111111111111111111111111111111111111111111011111101111111011111101111101100111101111100110011111011011100111001000011111100011101110111
11111111111111111111111111111111111111111111111111111111111111111111111111111111111111111111111111111111111101111101111111011111101111101100111101111100110011111011011100111001000011111100011101110111
11111111111111111111111111111111111111111111111111111111111111111111111111111111111111111111111111111111111110111101111111011111101111101100111101111100110011111011011100111001000011111100011101110111
11111111111111111111111111111111111111111111111111111111111111111111111111111111111111111111111111111111111111011101111111011111101111101100111101111100110011111011011100111001000011111100011101110111
11111111111111111111111111111111111111111111111111111111111111111111111111111111111111111111111111111111111111101101111111011111101111101100111101111100110011111011011100111001000011111100011101110111
11111111111111111111111111111111111111111111111111111111111111111111111111111111111111111111111111111111111111110101111111011111101111101100111101111100110011111011011100111001000011111100011101110111
11111111111111111111111111111111111111111111111111111111111111111111111111111111111111111111111111111111111111111001111111011111101111101100111101111100110011111011011100111001000011111100011101110111
00000000000000000000000000000000000000000000000000000000000000000000000000000000000000000000000000000000000000000001111111011111101111101100111101111100110011111011011100111001000011111100011101110111
11111111111111111111111111111111111111111111111111111111111111111111111111111111111111111111111111111111111111111110111111011111101111101100111101111100110011111011011100111001000011111100011101110111
11111111111111111111111111111111111111111111111111111111111111111111111111111111111111111111111111111111111111111111011111011111101111101100111101111100110011111011011100111001000011111100011101110111
11111111111111111111111111111111111111111111111111111111111111111111111111111111111111111111111111111111111111111111101111011111101111101100111101111100110011111011011100111001000011111100011101110111
11111111111111111111111111111111111111111111111111111111111111111111111111111111111111111111111111111111111111111111110111011111101111101100111101111100110011111011011100111001000011111100011101110111
11111111111111111111111111111111111111111111111111111111111111111111111111111111111111111111111111111111111111111111111011011111101111101100111101111100110011111011011100111001000011111100011101110111
11111111111111111111111111111111111111111111111111111111111111111111111111111111111111111111111111111111111111111111111101011111101111101100111101111100110011111011011100111001000011111100011101110111
11111111111111111111111111111111111111111111111111111111111111111111111111111111111111111111111111111111111111111111111110011111101111101100111101111100110011111011011100111001000011111100011101110111
00000000000000000000000000000000000000000000000000000000000000000000000000000000000000000000000000000000000000000000000000011111101111101100111101111100110011111011011100111001000011111100011101110111
11111111111111111111111111111111111111111111111111111111111111111111111111111111111111111111111111111111111111111111111111101111101111101100111101111100110011111011011100111001000011111100011101110111
11111111111111111111111111111111111111111111111111111111111111111111111111111111111111111111111111111111111111111111111111110111101111101100111101111100110011111011011100111001000011111100011101110111
11111111111111111111111111111111111111111111111111111111111111111111111111111111111111111111111111111111111111111111111111111011101111101100111101111100110011111011011100111001000011111100011101110111
11111111111111111111111111111111111111111111111111111111111111111111111111111111111111111111111111111111111111111111111111111101101111101100111101111100110011111011011100111001000011111100011101110111
11111111111111111111111111111111111111111111111111111111111111111111111111111111111111111111111111111111111111111111111111111110101111101100111101111100110011111011011100111001000011111100011101110111
11111111111111111111111111111111111111111111111111111111111111111111111111111111111111111111111111111111111111111111111111111111001111101100111101111100110011111011011100111001000011111100011101110111
00000000000000000000000000000000000000000000000000000000000000000000000000000000000000000000000000000000000000000000000000000000001111101100111101111100110011111011011100111001000011111100011101110111
11111111111111111111111111111111111111111111111111111111111111111111111111111111111111111111111111111111111111111111111111111111110111101100111101111100110011111011011100111001000011111100011101110111
11111111111111111111111111111111111111111111111111111111111111111111111111111111111111111111111111111111111111111111111111111111111011101100111101111100110011111011011100111001000011111100011101110111
11111111111111111111111111111111111111111111111111111111111111111111111111111111111111111111111111111111111111111111111111111111111101101100111101111100110011111011011100111001000011111100011101110111
11111111111111111111111111111111111111111111111111111111111111111111111111111111111111111111111111111111111111111111111111111111111110101100111101111100110011111011011100111001000011111100011101110111
11111111111111111111111111111111111111111111111111111111111111111111111111111111111111111111111111111111111111111111111111111111111111001100111101111100110011111011011100111001000011111100011101110111
00000000000000000000000000000000000000000000000000000000000000000000000000000000000000000000000000000000000000000000000000000000000000001100111101111100110011111011011100111001000011111100011101110111
11111111111111111111111111111111111111111111111111111111111111111111111111111111111111111111111111111111111111111111111111111111111111110100111101111100110011111011011100111001000011111100011101110111
11111111111111111111111111111111111111111111111111111111111111111111111111111111111111111111111111111111111111111111111111111111111111111000111101111100110011111011011100111001000011111100011101110111
00000000000000000000000000000000000000000000000000000000000000000000000000000000000000000000000000000000000000000000000000000000000000000000111101111100110011111011011100111001000011111100011101110111
00000000000000000000000000000000000000000000000000000000000000000000000000000000000000000000000000000000000000000000000000000000000000000000111101111100110011111011011100111001000011111100011101110111
11111111111111111111111111111111111111111111111111111111111111111111111111111111111111111111111111111111111111111111111111111111111111111111011101111100110011111011011100111001000011111100011101110111
11111111111111111111111111111111111111111111111111111111111111111111111111111111111111111111111111111111111111111111111111111111111111111111101101111100110011111011011100111001000011111100011101110111
11111111111111111111111111111111111111111111111111111111111111111111111111111111111111111111111111111111111111111111111111111111111111111111110101111100110011111011011100111001000011111100011101110111
11111111111111111111111111111111111111111111111111111111111111111111111111111111111111111111111111111111111111111111111111111111111111111111111001111100110011111011011100111001000011111100011101110111
00000000000000000000000000000000000000000000000000000000000000000000000000000000000000000000000000000000000000000000000000000000000000000000000001111100110011111011011100111001000011111100011101110111
11111111111111111111111111111111111111111111111111111111111111111111111111111111111111111111111111111111111111111111111111111111111111111111111110111100110011111011011100111001000011111100011101110111
11111111111111111111111111111111111111111111111111111111111111111111111111111111111111111111111111111111111111111111111111111111111111111111111111011100110011111011011100111001000011111100011101110111
11111111111111111111111111111111111111111111111111111111111111111111111111111111111111111111111111111111111111111111111111111111111111111111111111101100110011111011011100111001000011111100011101110111
11111111111111111111111111111111111111111111111111111111111111111111111111111111111111111111111111111111111111111111111111111111111111111111111111110100110011111011011100111001000011111100011101110111
11111111111111111111111111111111111111111111111111111111111111111111111111111111111111111111111111111111111111111111111111111111111111111111111111111000110011111011011100111001000011111100011101110111
00000000000000000000000000000000000000000000000000000000000000000000000000000000000000000000000000000000000000000000000000000000000000000000000000000000110011111011011100111001000011111100011101110111
00000000000000000000000000000000000000000000000000000000000000000000000000000000000000000000000000000000000000000000000000000000000000000000000000000000110011111011011100111001000011111100011101110111
11111111111111111111111111111111111111111111111111111111111111111111111111111111111111111111111111111111111111111111111111111111111111111111111111111111010011111011011100111001000011111100011101110111
11111111111111111111111111111111111111111111111111111111111111111111111111111111111111111111111111111111111111111111111111111111111111111111111111111111100011111011011100111001000011111100011101110111
00000000000000000000000000000000000000000000000000000000000000000000000000000000000000000000000000000000000000000000000000000000000000000000000000000000000011111011011100111001000011111100011101110111
00000000000000000000000000000000000000000000000000000000000000000000000000000000000000000000000000000000000000000000000000000000000000000000000000000000000011111011011100111001000011111100011101110111
11111111111111111111111111111111111111111111111111111111111111111111111111111111111111111111111111111111111111111111111111111111111111111111111111111111111101111011011100111001000011111100011101110111
11111111111111111111111111111111111111111111111111111111111111111111111111111111111111111111111111111111111111111111111111111111111111111111111111111111111110111011011100111001000011111100011101110111
11111111111111111111111111111111111111111111111111111111111111111111111111111111111111111111111111111111111111111111111111111111111111111111111111111111111111011011011100111001000011111100011101110111
11111111111111111111111111111111111111111111111111111111111111111111111111111111111111111111111111111111111111111111111111111111111111111111111111111111111111101011011100111001000011111100011101110111
11111111111111111111111111111111111111111111111111111111111111111111111111111111111111111111111111111111111111111111111111111111111111111111111111111111111111110011011100111001000011111100011101110111
00000000000000000000000000000000000000000000000000000000000000000000000000000000000000000000000000000000000000000000000000000000000000000000000000000000000000000011011100111001000011111100011101110111
11111111111111111111111111111111111111111111111111111111111111111111111111111111111111111111111111111111111111111111111111111111111111111111111111111111111111111101011100111001000011111100011101110111
11111111111111111111111111111111111111111111111111111111111111111111111111111111111111111111111111111111111111111111111111111111111111111111111111111111111111111110011100111001000011111100011101110111
00000000000000000000000000000000000000000000000000000000000000000000000000000000000000000000000000000000000000000000000000000000000000000000000000000000000000000000011100111001000011111100011101110111
11111111111111111111111111111111111111111111111111111111111111111111111111111111111111111111111111111111111111111111111111111111111111111111111111111111111111111111101100111001000011111100011101110111
11111111111111111111111111111111111111111111111111111111111111111111111111111111111111111111111111111111111111111111111111111111111111111111111111111111111111111111110100111001000011111100011101110111
11111111111111111111111111111111111111111111111111111111111111111111111111111111111111111111111111111111111111111111111111111111111111111111111111111111111111111111111000111001000011111100011101110111
00000000000000000000000000000000000000000000000000000000000000000000000000000000000000000000000000000000000000000000000000000000000000000000000000000000000000000000000000111001000011111100011101110111
00000000000000000000000000000000000000000000000000000000000000000000000000000000000000000000000000000000000000000000000000000000000000000000000000000000000000000000000000111001000011111100011101110111
11111111111111111111111111111111111111111111111111111111111111111111111111111111111111111111111111111111111111111111111111111111111111111111111111111111111111111111111111011001000011111100011101110111
11111111111111111111111111111111111111111111111111111111111111111111111111111111111111111111111111111111111111111111111111111111111111111111111111111111111111111111111111101001000011111100011101110111
11111111111111111111111111111111111111111111111111111111111111111111111111111111111111111111111111111111111111111111111111111111111111111111111111111111111111111111111111110001000011111100011101110111
00000000000000000000000000000000000000000000000000000000000000000000000000000000000000000000000000000000000000000000000000000000000000000000000000000000000000000000000000000001000011111100011101110111
00000000000000000000000000000000000000000000000000000000000000000000000000000000000000000000000000000000000000000000000000000000000000000000000000000000000000000000000000000001000011111100011101110111
11111111111111111111111111111111111111111111111111111111111111111111111111111111111111111111111111111111111111111111111111111111111111111111111111111111111111111111111111111110000011111100011101110111
00000000000000000000000000000000000000000000000000000000000000000000000000000000000000000000000000000000000000000000000000000000000000000000000000000000000000000000000000000000000011111100011101110111
00000000000000000000000000000000000000000000000000000000000000000000000000000000000000000000000000000000000000000000000000000000000000000000000000000000000000000000000000000000000011111100011101110111
00000000000000000000000000000000000000000000000000000000000000000000000000000000000000000000000000000000000000000000000000000000000000000000000000000000000000000000000000000000000011111100011101110111
00000000000000000000000000000000000000000000000000000000000000000000000000000000000000000000000000000000000000000000000000000000000000000000000000000000000000000000000000000000000011111100011101110111
11111111111111111111111111111111111111111111111111111111111111111111111111111111111111111111111111111111111111111111111111111111111111111111111111111111111111111111111111111111111101111100011101110111
11111111111111111111111111111111111111111111111111111111111111111111111111111111111111111111111111111111111111111111111111111111111111111111111111111111111111111111111111111111111110111100011101110111
11111111111111111111111111111111111111111111111111111111111111111111111111111111111111111111111111111111111111111111111111111111111111111111111111111111111111111111111111111111111111011100011101110111
11111111111111111111111111111111111111111111111111111111111111111111111111111111111111111111111111111111111111111111111111111111111111111111111111111111111111111111111111111111111111101100011101110111
11111111111111111111111111111111111111111111111111111111111111111111111111111111111111111111111111111111111111111111111111111111111111111111111111111111111111111111111111111111111111110100011101110111
11111111111111111111111111111111111111111111111111111111111111111111111111111111111111111111111111111111111111111111111111111111111111111111111111111111111111111111111111111111111111111000011101110111
00000000000000000000000000000000000000000000000000000000000000000000000000000000000000000000000000000000000000000000000000000000000000000000000000000000000000000000000000000000000000000000011101110111
00000000000000000000000000000000000000000000000000000000000000000000000000000000000000000000000000000000000000000000000000000000000000000000000000000000000000000000000000000000000000000000011101110111
00000000000000000000000000000000000000000000000000000000000000000000000000000000000000000000000000000000000000000000000000000000000000000000000000000000000000000000000000000000000000000000011101110111
11111111111111111111111111111111111111111111111111111111111111111111111111111111111111111111111111111111111111111111111111111111111111111111111111111111111111111111111111111111111111111111101101110111
11111111111111111111111111111111111111111111111111111111111111111111111111111111111111111111111111111111111111111111111111111111111111111111111111111111111111111111111111111111111111111111110101110111
11111111111111111111111111111111111111111111111111111111111111111111111111111111111111111111111111111111111111111111111111111111111111111111111111111111111111111111111111111111111111111111111001110111
00000000000000000000000000000000000000000000000000000000000000000000000000000000000000000000000000000000000000000000000000000000000000000000000000000000000000000000000000000000000000000000000001110111
11111111111111111111111111111111111111111111111111111111111111111111111111111111111111111111111111111111111111111111111111111111111111111111111111111111111111111111111111111111111111111111111110110111
11111111111111111111111111111111111111111111111111111111111111111111111111111111111111111111111111111111111111111111111111111111111111111111111111111111111111111111111111111111111111111111111111010111
11111111111111111111111111111111111111111111111111111111111111111111111111111111111111111111111111111111111111111111111111111111111111111111111111111111111111111111111111111111111111111111111111100111
00000000000000000000000000000000000000000000000000000000000000000000000000000000000000000000000000000000000000000000000000000000000000000000000000000000000000000000000000000000000000000000000000000111
11111111111111111111111111111111111111111111111111111111111111111111111111111111111111111111111111111111111111111111111111111111111111111111111111111111111111111111111111111111111111111111111111111011
11111111111111111111111111111111111111111111111111111111111111111111111111111111111111111111111111111111111111111111111111111111111111111111111111111111111111111111111111111111111111111111111111111101
11111111111111111111111111111111111111111111111111111111111111111111111111111111111111111111111111111111111111111111111111111111111111111111111111111111111111111111111111111111111111111111111111111110
