001111011111001111101111100001111111111101111110011111011010101111111101011001110111011101
001111011111001111101111100001111111111101111110011111011010101111111101011001110111011101
110111011111001111101111100001111111111101111110011111011010101111111101011001110111011101
111011011111001111101111100001111111111101111110011111011010101111111101011001110111011101
111101011111001111101111100001111111111101111110011111011010101111111101011001110111011101
111110011111001111101111100001111111111101111110011111011010101111111101011001110111011101
000000011111001111101111100001111111111101111110011111011010101111111101011001110111011101
111111101111001111101111100001111111111101111110011111011010101111111101011001110111011101
111111110111001111101111100001111111111101111110011111011010101111111101011001110111011101
111111111011001111101111100001111111111101111110011111011010101111111101011001110111011101
111111111101001111101111100001111111111101111110011111011010101111111101011001110111011101
111111111110001111101111100001111111111101111110011111011010101111111101011001110111011101
000000000000001111101111100001111111111101111110011111011010101111111101011001110111011101
000000000000001111101111100001111111111101111110011111011010101111111101011001110111011101
111111111111110111101111100001111111111101111110011111011010101111111101011001110111011101
111111111111111011101111100001111111111101111110011111011010101111111101011001110111011101
111111111111111101101111100001111111111101111110011111011010101111111101011001110111011101
111111111111111110101111100001111111111101111110011111011010101111111101011001110111011101
111111111111111111001111100001111111111101111110011111011010101111111101011001110111011101
000000000000000000001111100001111111111101111110011111011010101111111101011001110111011101
111111111111111111110111100001111111111101111110011111011010101111111101011001110111011101
111111111111111111111011100001111111111101111110011111011010101111111101011001110111011101
111111111111111111111101100001111111111101111110011111011010101111111101011001110111011101
111111111111111111111110100001111111111101111110011111011010101111111101011001110111011101
111111111111111111111111000001111111111101111110011111011010101111111101011001110111011101
000000000000000000000000000001111111111101111110011111011010101111111101011001110111011101
000000000000000000000000000001111111111101111110011111011010101111111101011001110111011101
000000000000000000000000000001111111111101111110011111011010101111111101011001110111011101
000000000000000000000000000001111111111101111110011111011010101111111101011001110111011101
111111111111111111111111111110111111111101111110011111011010101111111101011001110111011101
111111111111111111111111111111011111111101111110011111011010101111111101011001110111011101
111111111111111111111111111111101111111101111110011111011010101111111101011001110111011101
111111111111111111111111111111110111111101111110011111011010101111111101011001110111011101
111111111111111111111111111111111011111101111110011111011010101111111101011001110111011101
111111111111111111111111111111111101111101111110011111011010101111111101011001110111011101
111111111111111111111111111111111110111101111110011111011010101111111101011001110111011101
111111111111111111111111111111111111011101111110011111011010101111111101011001110111011101
111111111111111111111111111111111111101101111110011111011010101111111101011001110111011101
111111111111111111111111111111111111110101111110011111011010101111111101011001110111011101
111111111111111111111111111111111111111001111110011111011010101111111101011001110111011101
000000000000000000000000000000000000000001111110011111011010101111111101011001110111011101
111111111111111111111111111111111111111110111110011111011010101111111101011001110111011101
111111111111111111111111111111111111111111011110011111011010101111111101011001110111011101
111111111111111111111111111111111111111111101110011111011010101111111101011001110111011101
111111111111111111111111111111111111111111110110011111011010101111111101011001110111011101
111111111111111111111111111111111111111111111010011111011010101111111101011001110111011101
111111111111111111111111111111111111111111111100011111011010101111111101011001110111011101
000000000000000000000000000000000000000000000000011111011010101111111101011001110111011101
000000000000000000000000000000000000000000000000011111011010101111111101011001110111011101
111111111111111111111111111111111111111111111111101111011010101111111101011001110111011101
111111111111111111111111111111111111111111111111110111011010101111111101011001110111011101
111111111111111111111111111111111111111111111111111011011010101111111101011001110111011101
111111111111111111111111111111111111111111111111111101011010101111111101011001110111011101
111111111111111111111111111111111111111111111111111110011010101111111101011001110111011101
000000000000000000000000000000000000000000000000000000011010101111111101011001110111011101
111111111111111111111111111111111111111111111111111111101010101111111101011001110111011101
111111111111111111111111111111111111111111111111111111110010101111111101011001110111011101
000000000000000000000000000000000000000000000000000000000010101111111101011001110111011101
111111111111111111111111111111111111111111111111111111111100101111111101011001110111011101
000000000000000000000000000000000000000000000000000000000000101111111101011001110111011101
111111111111111111111111111111111111111111111111111111111111001111111101011001110111011101
000000000000000000000000000000000000000000000000000000000000001111111101011001110111011101
111111111111111111111111111111111111111111111111111111111111110111111101011001110111011101
111111111111111111111111111111111111111111111111111111111111111011111101011001110111011101
111111111111111111111111111111111111111111111111111111111111111101111101011001110111011101
111111111111111111111111111111111111111111111111111111111111111110111101011001110111011101
111111111111111111111111111111111111111111111111111111111111111111011101011001110111011101
111111111111111111111111111111111111111111111111111111111111111111101101011001110111011101
111111111111111111111111111111111111111111111111111111111111111111110101011001110111011101
111111111111111111111111111111111111111111111111111111111111111111111001011001110111011101
000000000000000000000000000000000000000000000000000000000000000000000001011001110111011101
111111111111111111111111111111111111111111111111111111111111111111111110011001110111011101
000000000000000000000000000000000000000000000000000000000000000000000000011001110111011101
111111111111111111111111111111111111111111111111111111111111111111111111101001110111011101
111111111111111111111111111111111111111111111111111111111111111111111111110001110111011101
000000000000000000000000000000000000000000000000000000000000000000000000000001110111011101
000000000000000000000000000000000000000000000000000000000000000000000000000001110111011101
111111111111111111111111111111111111111111111111111111111111111111111111111110110111011101
111111111111111111111111111111111111111111111111111111111111111111111111111111010111011101
111111111111111111111111111111111111111111111111111111111111111111111111111111100111011101
000000000000000000000000000000000000000000000000000000000000000000000000000000000111011101
111111111111111111111111111111111111111111111111111111111111111111111111111111111011011101
111111111111111111111111111111111111111111111111111111111111111111111111111111111101011101
111111111111111111111111111111111111111111111111111111111111111111111111111111111110011101
000000000000000000000000000000000000000000000000000000000000000000000000000000000000011101
111111111111111111111111111111111111111111111111111111111111111111111111111111111111101101
111111111111111111111111111111111111111111111111111111111111111111111111111111111111110101
111111111111111111111111111111111111111111111111111111111111111111111111111111111111111001
000000000000000000000000000000000000000000000000000000000000000000000000000000000000000001
111111111111111111111111111111111111111111111111111111111111111111111111111111111111111110
