0101100010100010111001110101001001000111111000011100110010001010101100
1001100010100010111001110101001001000111111000011100110010001010101100
0001100010100010111001110101001001000111111000011100110010001010101100
1110100010100010111001110101001001000111111000011100110010001010101100
1111000010100010111001110101001001000111111000011100110010001010101100
0000000010100010111001110101001001000111111000011100110010001010101100
0000000010100010111001110101001001000111111000011100110010001010101100
0000000010100010111001110101001001000111111000011100110010001010101100
1111111100100010111001110101001001000111111000011100110010001010101100
0000000000100010111001110101001001000111111000011100110010001010101100
1111111111000010111001110101001001000111111000011100110010001010101100
0000000000000010111001110101001001000111111000011100110010001010101100
0000000000000010111001110101001001000111111000011100110010001010101100
0000000000000010111001110101001001000111111000011100110010001010101100
1111111111111100111001110101001001000111111000011100110010001010101100
0000000000000000111001110101001001000111111000011100110010001010101100
1111111111111111011001110101001001000111111000011100110010001010101100
1111111111111111101001110101001001000111111000011100110010001010101100
1111111111111111110001110101001001000111111000011100110010001010101100
0000000000000000000001110101001001000111111000011100110010001010101100
0000000000000000000001110101001001000111111000011100110010001010101100
1111111111111111111110110101001001000111111000011100110010001010101100
1111111111111111111111010101001001000111111000011100110010001010101100
1111111111111111111111100101001001000111111000011100110010001010101100
0000000000000000000000000101001001000111111000011100110010001010101100
1111111111111111111111111001001001000111111000011100110010001010101100
0000000000000000000000000001001001000111111000011100110010001010101100
1111111111111111111111111110001001000111111000011100110010001010101100
0000000000000000000000000000001001000111111000011100110010001010101100
0000000000000000000000000000001001000111111000011100110010001010101100
1111111111111111111111111111110001000111111000011100110010001010101100
0000000000000000000000000000000001000111111000011100110010001010101100
0000000000000000000000000000000001000111111000011100110010001010101100
1111111111111111111111111111111110000111111000011100110010001010101100
0000000000000000000000000000000000000111111000011100110010001010101100
0000000000000000000000000000000000000111111000011100110010001010101100
0000000000000000000000000000000000000111111000011100110010001010101100
1111111111111111111111111111111111111011111000011100110010001010101100
1111111111111111111111111111111111111101111000011100110010001010101100
1111111111111111111111111111111111111110111000011100110010001010101100
1111111111111111111111111111111111111111011000011100110010001010101100
1111111111111111111111111111111111111111101000011100110010001010101100
1111111111111111111111111111111111111111110000011100110010001010101100
0000000000000000000000000000000000000000000000011100110010001010101100
0000000000000000000000000000000000000000000000011100110010001010101100
0000000000000000000000000000000000000000000000011100110010001010101100
0000000000000000000000000000000000000000000000011100110010001010101100
1111111111111111111111111111111111111111111111101100110010001010101100
1111111111111111111111111111111111111111111111110100110010001010101100
1111111111111111111111111111111111111111111111111000110010001010101100
0000000000000000000000000000000000000000000000000000110010001010101100
0000000000000000000000000000000000000000000000000000110010001010101100
1111111111111111111111111111111111111111111111111111010010001010101100
1111111111111111111111111111111111111111111111111111100010001010101100
0000000000000000000000000000000000000000000000000000000010001010101100
0000000000000000000000000000000000000000000000000000000010001010101100
1111111111111111111111111111111111111111111111111111111100001010101100
0000000000000000000000000000000000000000000000000000000000001010101100
0000000000000000000000000000000000000000000000000000000000001010101100
0000000000000000000000000000000000000000000000000000000000001010101100
1111111111111111111111111111111111111111111111111111111111110010101100
0000000000000000000000000000000000000000000000000000000000000010101100
1111111111111111111111111111111111111111111111111111111111111100101100
0000000000000000000000000000000000000000000000000000000000000000101100
1111111111111111111111111111111111111111111111111111111111111111001100
0000000000000000000000000000000000000000000000000000000000000000001100
1111111111111111111111111111111111111111111111111111111111111111110100
1111111111111111111111111111111111111111111111111111111111111111111000
0000000000000000000000000000000000000000000000000000000000000000000000
0000000000000000000000000000000000000000000000000000000000000000000000
