0001101100001111011010010100010110001001100001010011011000010011111000
0001101100001111011010010100010110001001100001010011011000010011111000
0001101100001111011010010100010110001001100001010011011000010011111000
1110101100001111011010010100010110001001100001010011011000010011111000
1111001100001111011010010100010110001001100001010011011000010011111000
0000001100001111011010010100010110001001100001010011011000010011111000
1111110100001111011010010100010110001001100001010011011000010011111000
1111111000001111011010010100010110001001100001010011011000010011111000
0000000000001111011010010100010110001001100001010011011000010011111000
0000000000001111011010010100010110001001100001010011011000010011111000
0000000000001111011010010100010110001001100001010011011000010011111000
0000000000001111011010010100010110001001100001010011011000010011111000
1111111111110111011010010100010110001001100001010011011000010011111000
1111111111111011011010010100010110001001100001010011011000010011111000
1111111111111101011010010100010110001001100001010011011000010011111000
1111111111111110011010010100010110001001100001010011011000010011111000
0000000000000000011010010100010110001001100001010011011000010011111000
1111111111111111101010010100010110001001100001010011011000010011111000
1111111111111111110010010100010110001001100001010011011000010011111000
0000000000000000000010010100010110001001100001010011011000010011111000
1111111111111111111100010100010110001001100001010011011000010011111000
0000000000000000000000010100010110001001100001010011011000010011111000
0000000000000000000000010100010110001001100001010011011000010011111000
1111111111111111111111100100010110001001100001010011011000010011111000
0000000000000000000000000100010110001001100001010011011000010011111000
1111111111111111111111111000010110001001100001010011011000010011111000
0000000000000000000000000000010110001001100001010011011000010011111000
0000000000000000000000000000010110001001100001010011011000010011111000
0000000000000000000000000000010110001001100001010011011000010011111000
1111111111111111111111111111100110001001100001010011011000010011111000
0000000000000000000000000000000110001001100001010011011000010011111000
1111111111111111111111111111111010001001100001010011011000010011111000
1111111111111111111111111111111100001001100001010011011000010011111000
0000000000000000000000000000000000001001100001010011011000010011111000
0000000000000000000000000000000000001001100001010011011000010011111000
0000000000000000000000000000000000001001100001010011011000010011111000
1111111111111111111111111111111111110001100001010011011000010011111000
0000000000000000000000000000000000000001100001010011011000010011111000
0000000000000000000000000000000000000001100001010011011000010011111000
1111111111111111111111111111111111111110100001010011011000010011111000
1111111111111111111111111111111111111111000001010011011000010011111000
0000000000000000000000000000000000000000000001010011011000010011111000
0000000000000000000000000000000000000000000001010011011000010011111000
0000000000000000000000000000000000000000000001010011011000010011111000
0000000000000000000000000000000000000000000001010011011000010011111000
1111111111111111111111111111111111111111111110010011011000010011111000
0000000000000000000000000000000000000000000000010011011000010011111000
1111111111111111111111111111111111111111111111100011011000010011111000
0000000000000000000000000000000000000000000000000011011000010011111000
0000000000000000000000000000000000000000000000000011011000010011111000
1111111111111111111111111111111111111111111111111101011000010011111000
1111111111111111111111111111111111111111111111111110011000010011111000
0000000000000000000000000000000000000000000000000000011000010011111000
1111111111111111111111111111111111111111111111111111101000010011111000
1111111111111111111111111111111111111111111111111111110000010011111000
0000000000000000000000000000000000000000000000000000000000010011111000
0000000000000000000000000000000000000000000000000000000000010011111000
0000000000000000000000000000000000000000000000000000000000010011111000
0000000000000000000000000000000000000000000000000000000000010011111000
1111111111111111111111111111111111111111111111111111111111100011111000
0000000000000000000000000000000000000000000000000000000000000011111000
0000000000000000000000000000000000000000000000000000000000000011111000
1111111111111111111111111111111111111111111111111111111111111101111000
1111111111111111111111111111111111111111111111111111111111111110111000
1111111111111111111111111111111111111111111111111111111111111111011000
1111111111111111111111111111111111111111111111111111111111111111101000
1111111111111111111111111111111111111111111111111111111111111111110000
0000000000000000000000000000000000000000000000000000000000000000000000
0000000000000000000000000000000000000000000000000000000000000000000000
0000000000000000000000000000000000000000000000000000000000000000000000
