011100111111011011111110100111101101111100101101010111010101111001001011100111111111111110
101100111111011011111110100111101101111100101101010111010101111001001011100111111111111110
110100111111011011111110100111101101111100101101010111010101111001001011100111111111111110
111000111111011011111110100111101101111100101101010111010101111001001011100111111111111110
000000111111011011111110100111101101111100101101010111010101111001001011100111111111111110
000000111111011011111110100111101101111100101101010111010101111001001011100111111111111110
111111011111011011111110100111101101111100101101010111010101111001001011100111111111111110
111111101111011011111110100111101101111100101101010111010101111001001011100111111111111110
111111110111011011111110100111101101111100101101010111010101111001001011100111111111111110
111111111011011011111110100111101101111100101101010111010101111001001011100111111111111110
111111111101011011111110100111101101111100101101010111010101111001001011100111111111111110
111111111110011011111110100111101101111100101101010111010101111001001011100111111111111110
000000000000011011111110100111101101111100101101010111010101111001001011100111111111111110
111111111111101011111110100111101101111100101101010111010101111001001011100111111111111110
111111111111110011111110100111101101111100101101010111010101111001001011100111111111111110
000000000000000011111110100111101101111100101101010111010101111001001011100111111111111110
111111111111111101111110100111101101111100101101010111010101111001001011100111111111111110
111111111111111110111110100111101101111100101101010111010101111001001011100111111111111110
111111111111111111011110100111101101111100101101010111010101111001001011100111111111111110
111111111111111111101110100111101101111100101101010111010101111001001011100111111111111110
111111111111111111110110100111101101111100101101010111010101111001001011100111111111111110
111111111111111111111010100111101101111100101101010111010101111001001011100111111111111110
111111111111111111111100100111101101111100101101010111010101111001001011100111111111111110
000000000000000000000000100111101101111100101101010111010101111001001011100111111111111110
111111111111111111111111000111101101111100101101010111010101111001001011100111111111111110
000000000000000000000000000111101101111100101101010111010101111001001011100111111111111110
000000000000000000000000000111101101111100101101010111010101111001001011100111111111111110
111111111111111111111111111011101101111100101101010111010101111001001011100111111111111110
111111111111111111111111111101101101111100101101010111010101111001001011100111111111111110
111111111111111111111111111110101101111100101101010111010101111001001011100111111111111110
111111111111111111111111111111001101111100101101010111010101111001001011100111111111111110
000000000000000000000000000000001101111100101101010111010101111001001011100111111111111110
111111111111111111111111111111110101111100101101010111010101111001001011100111111111111110
111111111111111111111111111111111001111100101101010111010101111001001011100111111111111110
000000000000000000000000000000000001111100101101010111010101111001001011100111111111111110
111111111111111111111111111111111110111100101101010111010101111001001011100111111111111110
111111111111111111111111111111111111011100101101010111010101111001001011100111111111111110
111111111111111111111111111111111111101100101101010111010101111001001011100111111111111110
111111111111111111111111111111111111110100101101010111010101111001001011100111111111111110
111111111111111111111111111111111111111000101101010111010101111001001011100111111111111110
000000000000000000000000000000000000000000101101010111010101111001001011100111111111111110
000000000000000000000000000000000000000000101101010111010101111001001011100111111111111110
111111111111111111111111111111111111111111001101010111010101111001001011100111111111111110
000000000000000000000000000000000000000000001101010111010101111001001011100111111111111110
111111111111111111111111111111111111111111110101010111010101111001001011100111111111111110
111111111111111111111111111111111111111111111001010111010101111001001011100111111111111110
000000000000000000000000000000000000000000000001010111010101111001001011100111111111111110
111111111111111111111111111111111111111111111110010111010101111001001011100111111111111110
000000000000000000000000000000000000000000000000010111010101111001001011100111111111111110
111111111111111111111111111111111111111111111111100111010101111001001011100111111111111110
000000000000000000000000000000000000000000000000000111010101111001001011100111111111111110
111111111111111111111111111111111111111111111111111011010101111001001011100111111111111110
111111111111111111111111111111111111111111111111111101010101111001001011100111111111111110
111111111111111111111111111111111111111111111111111110010101111001001011100111111111111110
000000000000000000000000000000000000000000000000000000010101111001001011100111111111111110
111111111111111111111111111111111111111111111111111111100101111001001011100111111111111110
000000000000000000000000000000000000000000000000000000000101111001001011100111111111111110
111111111111111111111111111111111111111111111111111111111001111001001011100111111111111110
000000000000000000000000000000000000000000000000000000000001111001001011100111111111111110
111111111111111111111111111111111111111111111111111111111110111001001011100111111111111110
111111111111111111111111111111111111111111111111111111111111011001001011100111111111111110
111111111111111111111111111111111111111111111111111111111111101001001011100111111111111110
111111111111111111111111111111111111111111111111111111111111110001001011100111111111111110
000000000000000000000000000000000000000000000000000000000000000001001011100111111111111110
000000000000000000000000000000000000000000000000000000000000000001001011100111111111111110
111111111111111111111111111111111111111111111111111111111111111110001011100111111111111110
000000000000000000000000000000000000000000000000000000000000000000001011100111111111111110
000000000000000000000000000000000000000000000000000000000000000000001011100111111111111110
111111111111111111111111111111111111111111111111111111111111111111110011100111111111111110
000000000000000000000000000000000000000000000000000000000000000000000011100111111111111110
111111111111111111111111111111111111111111111111111111111111111111111101100111111111111110
111111111111111111111111111111111111111111111111111111111111111111111110100111111111111110
111111111111111111111111111111111111111111111111111111111111111111111111000111111111111110
000000000000000000000000000000000000000000000000000000000000000000000000000111111111111110
000000000000000000000000000000000000000000000000000000000000000000000000000111111111111110
111111111111111111111111111111111111111111111111111111111111111111111111111011111111111110
111111111111111111111111111111111111111111111111111111111111111111111111111101111111111110
111111111111111111111111111111111111111111111111111111111111111111111111111110111111111110
111111111111111111111111111111111111111111111111111111111111111111111111111111011111111110
111111111111111111111111111111111111111111111111111111111111111111111111111111101111111110
111111111111111111111111111111111111111111111111111111111111111111111111111111110111111110
111111111111111111111111111111111111111111111111111111111111111111111111111111111011111110
111111111111111111111111111111111111111111111111111111111111111111111111111111111101111110
111111111111111111111111111111111111111111111111111111111111111111111111111111111110111110
111111111111111111111111111111111111111111111111111111111111111111111111111111111111011110
111111111111111111111111111111111111111111111111111111111111111111111111111111111111101110
111111111111111111111111111111111111111111111111111111111111111111111111111111111111110110
111111111111111111111111111111111111111111111111111111111111111111111111111111111111111010
111111111111111111111111111111111111111111111111111111111111111111111111111111111111111100
000000000000000000000000000000000000000000000000000000000000000000000000000000000000000000
