00001001010010000001000001000000001000100000001000011000010000101100100010000011
00001001010010000001000001000000001000100000001000011000010000101100100010000011
00001001010010000001000001000000001000100000001000011000010000101100100010000011
00001001010010000001000001000000001000100000001000011000010000101100100010000011
11110001010010000001000001000000001000100000001000011000010000101100100010000011
00000001010010000001000001000000001000100000001000011000010000101100100010000011
00000001010010000001000001000000001000100000001000011000010000101100100010000011
11111110010010000001000001000000001000100000001000011000010000101100100010000011
00000000010010000001000001000000001000100000001000011000010000101100100010000011
11111111100010000001000001000000001000100000001000011000010000101100100010000011
00000000000010000001000001000000001000100000001000011000010000101100100010000011
00000000000010000001000001000000001000100000001000011000010000101100100010000011
11111111111100000001000001000000001000100000001000011000010000101100100010000011
00000000000000000001000001000000001000100000001000011000010000101100100010000011
00000000000000000001000001000000001000100000001000011000010000101100100010000011
00000000000000000001000001000000001000100000001000011000010000101100100010000011
00000000000000000001000001000000001000100000001000011000010000101100100010000011
00000000000000000001000001000000001000100000001000011000010000101100100010000011
00000000000000000001000001000000001000100000001000011000010000101100100010000011
11111111111111111110000001000000001000100000001000011000010000101100100010000011
00000000000000000000000001000000001000100000001000011000010000101100100010000011
00000000000000000000000001000000001000100000001000011000010000101100100010000011
00000000000000000000000001000000001000100000001000011000010000101100100010000011
00000000000000000000000001000000001000100000001000011000010000101100100010000011
00000000000000000000000001000000001000100000001000011000010000101100100010000011
11111111111111111111111110000000001000100000001000011000010000101100100010000011
00000000000000000000000000000000001000100000001000011000010000101100100010000011
00000000000000000000000000000000001000100000001000011000010000101100100010000011
00000000000000000000000000000000001000100000001000011000010000101100100010000011
00000000000000000000000000000000001000100000001000011000010000101100100010000011
00000000000000000000000000000000001000100000001000011000010000101100100010000011
00000000000000000000000000000000001000100000001000011000010000101100100010000011
00000000000000000000000000000000001000100000001000011000010000101100100010000011
00000000000000000000000000000000001000100000001000011000010000101100100010000011
11111111111111111111111111111111110000100000001000011000010000101100100010000011
00000000000000000000000000000000000000100000001000011000010000101100100010000011
00000000000000000000000000000000000000100000001000011000010000101100100010000011
00000000000000000000000000000000000000100000001000011000010000101100100010000011
11111111111111111111111111111111111111000000001000011000010000101100100010000011
00000000000000000000000000000000000000000000001000011000010000101100100010000011
00000000000000000000000000000000000000000000001000011000010000101100100010000011
00000000000000000000000000000000000000000000001000011000010000101100100010000011
00000000000000000000000000000000000000000000001000011000010000101100100010000011
00000000000000000000000000000000000000000000001000011000010000101100100010000011
00000000000000000000000000000000000000000000001000011000010000101100100010000011
00000000000000000000000000000000000000000000001000011000010000101100100010000011
11111111111111111111111111111111111111111111110000011000010000101100100010000011
00000000000000000000000000000000000000000000000000011000010000101100100010000011
00000000000000000000000000000000000000000000000000011000010000101100100010000011
00000000000000000000000000000000000000000000000000011000010000101100100010000011
00000000000000000000000000000000000000000000000000011000010000101100100010000011
11111111111111111111111111111111111111111111111111101000010000101100100010000011
11111111111111111111111111111111111111111111111111110000010000101100100010000011
00000000000000000000000000000000000000000000000000000000010000101100100010000011
00000000000000000000000000000000000000000000000000000000010000101100100010000011
00000000000000000000000000000000000000000000000000000000010000101100100010000011
00000000000000000000000000000000000000000000000000000000010000101100100010000011
11111111111111111111111111111111111111111111111111111111100000101100100010000011
00000000000000000000000000000000000000000000000000000000000000101100100010000011
00000000000000000000000000000000000000000000000000000000000000101100100010000011
00000000000000000000000000000000000000000000000000000000000000101100100010000011
00000000000000000000000000000000000000000000000000000000000000101100100010000011
11111111111111111111111111111111111111111111111111111111111111001100100010000011
00000000000000000000000000000000000000000000000000000000000000001100100010000011
11111111111111111111111111111111111111111111111111111111111111110100100010000011
11111111111111111111111111111111111111111111111111111111111111111000100010000011
00000000000000000000000000000000000000000000000000000000000000000000100010000011
00000000000000000000000000000000000000000000000000000000000000000000100010000011
11111111111111111111111111111111111111111111111111111111111111111111000010000011
00000000000000000000000000000000000000000000000000000000000000000000000010000011
00000000000000000000000000000000000000000000000000000000000000000000000010000011
00000000000000000000000000000000000000000000000000000000000000000000000010000011
11111111111111111111111111111111111111111111111111111111111111111111111100000011
00000000000000000000000000000000000000000000000000000000000000000000000000000011
00000000000000000000000000000000000000000000000000000000000000000000000000000011
00000000000000000000000000000000000000000000000000000000000000000000000000000011
00000000000000000000000000000000000000000000000000000000000000000000000000000011
00000000000000000000000000000000000000000000000000000000000000000000000000000011
11111111111111111111111111111111111111111111111111111111111111111111111111111101
11111111111111111111111111111111111111111111111111111111111111111111111111111110
