0101000000000000000100000000010000000000
1001000000000000000100000000010000000000
0001000000000000000100000000010000000000
1110000000000000000100000000010000000000
0000000000000000000100000000010000000000
0000000000000000000100000000010000000000
0000000000000000000100000000010000000000
0000000000000000000100000000010000000000
0000000000000000000100000000010000000000
0000000000000000000100000000010000000000
0000000000000000000100000000010000000000
0000000000000000000100000000010000000000
0000000000000000000100000000010000000000
0000000000000000000100000000010000000000
0000000000000000000100000000010000000000
0000000000000000000100000000010000000000
0000000000000000000100000000010000000000
0000000000000000000100000000010000000000
0000000000000000000100000000010000000000
1111111111111111111000000000010000000000
0000000000000000000000000000010000000000
0000000000000000000000000000010000000000
0000000000000000000000000000010000000000
0000000000000000000000000000010000000000
0000000000000000000000000000010000000000
0000000000000000000000000000010000000000
0000000000000000000000000000010000000000
0000000000000000000000000000010000000000
0000000000000000000000000000010000000000
1111111111111111111111111111100000000000
0000000000000000000000000000000000000000
0000000000000000000000000000000000000000
0000000000000000000000000000000000000000
0000000000000000000000000000000000000000
0000000000000000000000000000000000000000
0000000000000000000000000000000000000000
0000000000000000000000000000000000000000
0000000000000000000000000000000000000000
0000000000000000000000000000000000000000
0000000000000000000000000000000000000000
