00111110110111111110011111111011111111101110001110111001100111011110011110111011110100101110110110111110111101110010011110111100111011011111111110011111110100111110100110111000111101111011101111110100
00111110110111111110011111111011111111101110001110111001100111011110011110111011110100101110110110111110111101110010011110111100111011011111111110011111110100111110100110111000111101111011101111110100
11011110110111111110011111111011111111101110001110111001100111011110011110111011110100101110110110111110111101110010011110111100111011011111111110011111110100111110100110111000111101111011101111110100
11101110110111111110011111111011111111101110001110111001100111011110011110111011110100101110110110111110111101110010011110111100111011011111111110011111110100111110100110111000111101111011101111110100
11110110110111111110011111111011111111101110001110111001100111011110011110111011110100101110110110111110111101110010011110111100111011011111111110011111110100111110100110111000111101111011101111110100
11111010110111111110011111111011111111101110001110111001100111011110011110111011110100101110110110111110111101110010011110111100111011011111111110011111110100111110100110111000111101111011101111110100
11111100110111111110011111111011111111101110001110111001100111011110011110111011110100101110110110111110111101110010011110111100111011011111111110011111110100111110100110111000111101111011101111110100
00000000110111111110011111111011111111101110001110111001100111011110011110111011110100101110110110111110111101110010011110111100111011011111111110011111110100111110100110111000111101111011101111110100
11111111010111111110011111111011111111101110001110111001100111011110011110111011110100101110110110111110111101110010011110111100111011011111111110011111110100111110100110111000111101111011101111110100
11111111100111111110011111111011111111101110001110111001100111011110011110111011110100101110110110111110111101110010011110111100111011011111111110011111110100111110100110111000111101111011101111110100
00000000000111111110011111111011111111101110001110111001100111011110011110111011110100101110110110111110111101110010011110111100111011011111111110011111110100111110100110111000111101111011101111110100
11111111111011111110011111111011111111101110001110111001100111011110011110111011110100101110110110111110111101110010011110111100111011011111111110011111110100111110100110111000111101111011101111110100
11111111111101111110011111111011111111101110001110111001100111011110011110111011110100101110110110111110111101110010011110111100111011011111111110011111110100111110100110111000111101111011101111110100
11111111111110111110011111111011111111101110001110111001100111011110011110111011110100101110110110111110111101110010011110111100111011011111111110011111110100111110100110111000111101111011101111110100
11111111111111011110011111111011111111101110001110111001100111011110011110111011110100101110110110111110111101110010011110111100111011011111111110011111110100111110100110111000111101111011101111110100
11111111111111101110011111111011111111101110001110111001100111011110011110111011110100101110110110111110111101110010011110111100111011011111111110011111110100111110100110111000111101111011101111110100
11111111111111110110011111111011111111101110001110111001100111011110011110111011110100101110110110111110111101110010011110111100111011011111111110011111110100111110100110111000111101111011101111110100
11111111111111111010011111111011111111101110001110111001100111011110011110111011110100101110110110111110111101110010011110111100111011011111111110011111110100111110100110111000111101111011101111110100
11111111111111111100011111111011111111101110001110111001100111011110011110111011110100101110110110111110111101110010011110111100111011011111111110011111110100111110100110111000111101111011101111110100
00000000000000000000011111111011111111101110001110111001100111011110011110111011110100101110110110111110111101110010011110111100111011011111111110011111110100111110100110111000111101111011101111110100
00000000000000000000011111111011111111101110001110111001100111011110011110111011110100101110110110111110111101110010011110111100111011011111111110011111110100111110100110111000111101111011101111110100
11111111111111111111101111111011111111101110001110111001100111011110011110111011110100101110110110111110111101110010011110111100111011011111111110011111110100111110100110111000111101111011101111110100
11111111111111111111110111111011111111101110001110111001100111011110011110111011110100101110110110111110111101110010011110111100111011011111111110011111110100111110100110111000111101111011101111110100
11111111111111111111111011111011111111101110001110111001100111011110011110111011110100101110110110111110111101110010011110111100111011011111111110011111110100111110100110111000111101111011101111110100
11111111111111111111111101111011111111101110001110111001100111011110011110111011110100101110110110111110111101110010011110111100111011011111111110011111110100111110100110111000111101111011101111110100
11111111111111111111111110111011111111101110001110111001100111011110011110111011110100101110110110111110111101110010011110111100111011011111111110011111110100111110100110111000111101111011101111110100
11111111111111111111111111011011111111101110001110111001100111011110011110111011110100101110110110111110111101110010011110111100111011011111111110011111110100111110100110111000111101111011101111110100
11111111111111111111111111101011111111101110001110111001100111011110011110111011110100101110110110111110111101110010011110111100111011011111111110011111110100111110100110111000111101111011101111110100
11111111111111111111111111110011111111101110001110111001100111011110011110111011110100101110110110111110111101110010011110111100111011011111111110011111110100111110100110111000111101111011101111110100
00000000000000000000000000000011111111101110001110111001100111011110011110111011110100101110110110111110111101110010011110111100111011011111111110011111110100111110100110111000111101111011101111110100
11111111111111111111111111111101111111101110001110111001100111011110011110111011110100101110110110111110111101110010011110111100111011011111111110011111110100111110100110111000111101111011101111110100
11111111111111111111111111111110111111101110001110111001100111011110011110111011110100101110110110111110111101110010011110111100111011011111111110011111110100111110100110111000111101111011101111110100
11111111111111111111111111111111011111101110001110111001100111011110011110111011110100101110110110111110111101110010011110111100111011011111111110011111110100111110100110111000111101111011101111110100
11111111111111111111111111111111101111101110001110111001100111011110011110111011110100101110110110111110111101110010011110111100111011011111111110011111110100111110100110111000111101111011101111110100
11111111111111111111111111111111110111101110001110111001100111011110011110111011110100101110110110111110111101110010011110111100111011011111111110011111110100111110100110111000111101111011101111110100
11111111111111111111111111111111111011101110001110111001100111011110011110111011110100101110110110111110111101110010011110111100111011011111111110011111110100111110100110111000111101111011101111110100
11111111111111111111111111111111111101101110001110111001100111011110011110111011110100101110110110111110111101110010011110111100111011011111111110011111110100111110100110111000111101111011101111110100
11111111111111111111111111111111111110101110001110111001100111011110011110111011110100101110110110111110111101110010011110111100111011011111111110011111110100111110100110111000111101111011101111110100
11111111111111111111111111111111111111001110001110111001100111011110011110111011110100101110110110111110111101110010011110111100111011011111111110011111110100111110100110111000111101111011101111110100
00000000000000000000000000000000000000001110001110111001100111011110011110111011110100101110110110111110111101110010011110111100111011011111111110011111110100111110100110111000111101111011101111110100
11111111111111111111111111111111111111110110001110111001100111011110011110111011110100101110110110111110111101110010011110111100111011011111111110011111110100111110100110111000111101111011101111110100
11111111111111111111111111111111111111111010001110111001100111011110011110111011110100101110110110111110111101110010011110111100111011011111111110011111110100111110100110111000111101111011101111110100
11111111111111111111111111111111111111111100001110111001100111011110011110111011110100101110110110111110111101110010011110111100111011011111111110011111110100111110100110111000111101111011101111110100
00000000000000000000000000000000000000000000001110111001100111011110011110111011110100101110110110111110111101110010011110111100111011011111111110011111110100111110100110111000111101111011101111110100
00000000000000000000000000000000000000000000001110111001100111011110011110111011110100101110110110111110111101110010011110111100111011011111111110011111110100111110100110111000111101111011101111110100
00000000000000000000000000000000000000000000001110111001100111011110011110111011110100101110110110111110111101110010011110111100111011011111111110011111110100111110100110111000111101111011101111110100
11111111111111111111111111111111111111111111110110111001100111011110011110111011110100101110110110111110111101110010011110111100111011011111111110011111110100111110100110111000111101111011101111110100
11111111111111111111111111111111111111111111111010111001100111011110011110111011110100101110110110111110111101110010011110111100111011011111111110011111110100111110100110111000111101111011101111110100
11111111111111111111111111111111111111111111111100111001100111011110011110111011110100101110110110111110111101110010011110111100111011011111111110011111110100111110100110111000111101111011101111110100
00000000000000000000000000000000000000000000000000111001100111011110011110111011110100101110110110111110111101110010011110111100111011011111111110011111110100111110100110111000111101111011101111110100
11111111111111111111111111111111111111111111111111011001100111011110011110111011110100101110110110111110111101110010011110111100111011011111111110011111110100111110100110111000111101111011101111110100
11111111111111111111111111111111111111111111111111101001100111011110011110111011110100101110110110111110111101110010011110111100111011011111111110011111110100111110100110111000111101111011101111110100
11111111111111111111111111111111111111111111111111110001100111011110011110111011110100101110110110111110111101110010011110111100111011011111111110011111110100111110100110111000111101111011101111110100
00000000000000000000000000000000000000000000000000000001100111011110011110111011110100101110110110111110111101110010011110111100111011011111111110011111110100111110100110111000111101111011101111110100
00000000000000000000000000000000000000000000000000000001100111011110011110111011110100101110110110111110111101110010011110111100111011011111111110011111110100111110100110111000111101111011101111110100
11111111111111111111111111111111111111111111111111111110100111011110011110111011110100101110110110111110111101110010011110111100111011011111111110011111110100111110100110111000111101111011101111110100
11111111111111111111111111111111111111111111111111111111000111011110011110111011110100101110110110111110111101110010011110111100111011011111111110011111110100111110100110111000111101111011101111110100
00000000000000000000000000000000000000000000000000000000000111011110011110111011110100101110110110111110111101110010011110111100111011011111111110011111110100111110100110111000111101111011101111110100
00000000000000000000000000000000000000000000000000000000000111011110011110111011110100101110110110111110111101110010011110111100111011011111111110011111110100111110100110111000111101111011101111110100
11111111111111111111111111111111111111111111111111111111111011011110011110111011110100101110110110111110111101110010011110111100111011011111111110011111110100111110100110111000111101111011101111110100
11111111111111111111111111111111111111111111111111111111111101011110011110111011110100101110110110111110111101110010011110111100111011011111111110011111110100111110100110111000111101111011101111110100
11111111111111111111111111111111111111111111111111111111111110011110011110111011110100101110110110111110111101110010011110111100111011011111111110011111110100111110100110111000111101111011101111110100
00000000000000000000000000000000000000000000000000000000000000011110011110111011110100101110110110111110111101110010011110111100111011011111111110011111110100111110100110111000111101111011101111110100
11111111111111111111111111111111111111111111111111111111111111101110011110111011110100101110110110111110111101110010011110111100111011011111111110011111110100111110100110111000111101111011101111110100
11111111111111111111111111111111111111111111111111111111111111110110011110111011110100101110110110111110111101110010011110111100111011011111111110011111110100111110100110111000111101111011101111110100
11111111111111111111111111111111111111111111111111111111111111111010011110111011110100101110110110111110111101110010011110111100111011011111111110011111110100111110100110111000111101111011101111110100
11111111111111111111111111111111111111111111111111111111111111111100011110111011110100101110110110111110111101110010011110111100111011011111111110011111110100111110100110111000111101111011101111110100
00000000000000000000000000000000000000000000000000000000000000000000011110111011110100101110110110111110111101110010011110111100111011011111111110011111110100111110100110111000111101111011101111110100
00000000000000000000000000000000000000000000000000000000000000000000011110111011110100101110110110111110111101110010011110111100111011011111111110011111110100111110100110111000111101111011101111110100
11111111111111111111111111111111111111111111111111111111111111111111101110111011110100101110110110111110111101110010011110111100111011011111111110011111110100111110100110111000111101111011101111110100
11111111111111111111111111111111111111111111111111111111111111111111110110111011110100101110110110111110111101110010011110111100111011011111111110011111110100111110100110111000111101111011101111110100
11111111111111111111111111111111111111111111111111111111111111111111111010111011110100101110110110111110111101110010011110111100111011011111111110011111110100111110100110111000111101111011101111110100
11111111111111111111111111111111111111111111111111111111111111111111111100111011110100101110110110111110111101110010011110111100111011011111111110011111110100111110100110111000111101111011101111110100
00000000000000000000000000000000000000000000000000000000000000000000000000111011110100101110110110111110111101110010011110111100111011011111111110011111110100111110100110111000111101111011101111110100
11111111111111111111111111111111111111111111111111111111111111111111111111011011110100101110110110111110111101110010011110111100111011011111111110011111110100111110100110111000111101111011101111110100
11111111111111111111111111111111111111111111111111111111111111111111111111101011110100101110110110111110111101110010011110111100111011011111111110011111110100111110100110111000111101111011101111110100
11111111111111111111111111111111111111111111111111111111111111111111111111110011110100101110110110111110111101110010011110111100111011011111111110011111110100111110100110111000111101111011101111110100
00000000000000000000000000000000000000000000000000000000000000000000000000000011110100101110110110111110111101110010011110111100111011011111111110011111110100111110100110111000111101111011101111110100
11111111111111111111111111111111111111111111111111111111111111111111111111111101110100101110110110111110111101110010011110111100111011011111111110011111110100111110100110111000111101111011101111110100
11111111111111111111111111111111111111111111111111111111111111111111111111111110110100101110110110111110111101110010011110111100111011011111111110011111110100111110100110111000111101111011101111110100
11111111111111111111111111111111111111111111111111111111111111111111111111111111010100101110110110111110111101110010011110111100111011011111111110011111110100111110100110111000111101111011101111110100
11111111111111111111111111111111111111111111111111111111111111111111111111111111100100101110110110111110111101110010011110111100111011011111111110011111110100111110100110111000111101111011101111110100
00000000000000000000000000000000000000000000000000000000000000000000000000000000000100101110110110111110111101110010011110111100111011011111111110011111110100111110100110111000111101111011101111110100
11111111111111111111111111111111111111111111111111111111111111111111111111111111111000101110110110111110111101110010011110111100111011011111111110011111110100111110100110111000111101111011101111110100
00000000000000000000000000000000000000000000000000000000000000000000000000000000000000101110110110111110111101110010011110111100111011011111111110011111110100111110100110111000111101111011101111110100
00000000000000000000000000000000000000000000000000000000000000000000000000000000000000101110110110111110111101110010011110111100111011011111111110011111110100111110100110111000111101111011101111110100
11111111111111111111111111111111111111111111111111111111111111111111111111111111111111001110110110111110111101110010011110111100111011011111111110011111110100111110100110111000111101111011101111110100
00000000000000000000000000000000000000000000000000000000000000000000000000000000000000001110110110111110111101110010011110111100111011011111111110011111110100111110100110111000111101111011101111110100
11111111111111111111111111111111111111111111111111111111111111111111111111111111111111110110110110111110111101110010011110111100111011011111111110011111110100111110100110111000111101111011101111110100
11111111111111111111111111111111111111111111111111111111111111111111111111111111111111111010110110111110111101110010011110111100111011011111111110011111110100111110100110111000111101111011101111110100
11111111111111111111111111111111111111111111111111111111111111111111111111111111111111111100110110111110111101110010011110111100111011011111111110011111110100111110100110111000111101111011101111110100
00000000000000000000000000000000000000000000000000000000000000000000000000000000000000000000110110111110111101110010011110111100111011011111111110011111110100111110100110111000111101111011101111110100
11111111111111111111111111111111111111111111111111111111111111111111111111111111111111111111010110111110111101110010011110111100111011011111111110011111110100111110100110111000111101111011101111110100
11111111111111111111111111111111111111111111111111111111111111111111111111111111111111111111100110111110111101110010011110111100111011011111111110011111110100111110100110111000111101111011101111110100
00000000000000000000000000000000000000000000000000000000000000000000000000000000000000000000000110111110111101110010011110111100111011011111111110011111110100111110100110111000111101111011101111110100
11111111111111111111111111111111111111111111111111111111111111111111111111111111111111111111111010111110111101110010011110111100111011011111111110011111110100111110100110111000111101111011101111110100
11111111111111111111111111111111111111111111111111111111111111111111111111111111111111111111111100111110111101110010011110111100111011011111111110011111110100111110100110111000111101111011101111110100
00000000000000000000000000000000000000000000000000000000000000000000000000000000000000000000000000111110111101110010011110111100111011011111111110011111110100111110100110111000111101111011101111110100
11111111111111111111111111111111111111111111111111111111111111111111111111111111111111111111111111011110111101110010011110111100111011011111111110011111110100111110100110111000111101111011101111110100
11111111111111111111111111111111111111111111111111111111111111111111111111111111111111111111111111101110111101110010011110111100111011011111111110011111110100111110100110111000111101111011101111110100
11111111111111111111111111111111111111111111111111111111111111111111111111111111111111111111111111110110111101110010011110111100111011011111111110011111110100111110100110111000111101111011101111110100
11111111111111111111111111111111111111111111111111111111111111111111111111111111111111111111111111111010111101110010011110111100111011011111111110011111110100111110100110111000111101111011101111110100
11111111111111111111111111111111111111111111111111111111111111111111111111111111111111111111111111111100111101110010011110111100111011011111111110011111110100111110100110111000111101111011101111110100
00000000000000000000000000000000000000000000000000000000000000000000000000000000000000000000000000000000111101110010011110111100111011011111111110011111110100111110100110111000111101111011101111110100
11111111111111111111111111111111111111111111111111111111111111111111111111111111111111111111111111111111011101110010011110111100111011011111111110011111110100111110100110111000111101111011101111110100
11111111111111111111111111111111111111111111111111111111111111111111111111111111111111111111111111111111101101110010011110111100111011011111111110011111110100111110100110111000111101111011101111110100
11111111111111111111111111111111111111111111111111111111111111111111111111111111111111111111111111111111110101110010011110111100111011011111111110011111110100111110100110111000111101111011101111110100
11111111111111111111111111111111111111111111111111111111111111111111111111111111111111111111111111111111111001110010011110111100111011011111111110011111110100111110100110111000111101111011101111110100
00000000000000000000000000000000000000000000000000000000000000000000000000000000000000000000000000000000000001110010011110111100111011011111111110011111110100111110100110111000111101111011101111110100
11111111111111111111111111111111111111111111111111111111111111111111111111111111111111111111111111111111111110110010011110111100111011011111111110011111110100111110100110111000111101111011101111110100
11111111111111111111111111111111111111111111111111111111111111111111111111111111111111111111111111111111111111010010011110111100111011011111111110011111110100111110100110111000111101111011101111110100
11111111111111111111111111111111111111111111111111111111111111111111111111111111111111111111111111111111111111100010011110111100111011011111111110011111110100111110100110111000111101111011101111110100
00000000000000000000000000000000000000000000000000000000000000000000000000000000000000000000000000000000000000000010011110111100111011011111111110011111110100111110100110111000111101111011101111110100
00000000000000000000000000000000000000000000000000000000000000000000000000000000000000000000000000000000000000000010011110111100111011011111111110011111110100111110100110111000111101111011101111110100
11111111111111111111111111111111111111111111111111111111111111111111111111111111111111111111111111111111111111111100011110111100111011011111111110011111110100111110100110111000111101111011101111110100
00000000000000000000000000000000000000000000000000000000000000000000000000000000000000000000000000000000000000000000011110111100111011011111111110011111110100111110100110111000111101111011101111110100
00000000000000000000000000000000000000000000000000000000000000000000000000000000000000000000000000000000000000000000011110111100111011011111111110011111110100111110100110111000111101111011101111110100
11111111111111111111111111111111111111111111111111111111111111111111111111111111111111111111111111111111111111111111101110111100111011011111111110011111110100111110100110111000111101111011101111110100
11111111111111111111111111111111111111111111111111111111111111111111111111111111111111111111111111111111111111111111110110111100111011011111111110011111110100111110100110111000111101111011101111110100
11111111111111111111111111111111111111111111111111111111111111111111111111111111111111111111111111111111111111111111111010111100111011011111111110011111110100111110100110111000111101111011101111110100
11111111111111111111111111111111111111111111111111111111111111111111111111111111111111111111111111111111111111111111111100111100111011011111111110011111110100111110100110111000111101111011101111110100
00000000000000000000000000000000000000000000000000000000000000000000000000000000000000000000000000000000000000000000000000111100111011011111111110011111110100111110100110111000111101111011101111110100
11111111111111111111111111111111111111111111111111111111111111111111111111111111111111111111111111111111111111111111111111011100111011011111111110011111110100111110100110111000111101111011101111110100
11111111111111111111111111111111111111111111111111111111111111111111111111111111111111111111111111111111111111111111111111101100111011011111111110011111110100111110100110111000111101111011101111110100
11111111111111111111111111111111111111111111111111111111111111111111111111111111111111111111111111111111111111111111111111110100111011011111111110011111110100111110100110111000111101111011101111110100
11111111111111111111111111111111111111111111111111111111111111111111111111111111111111111111111111111111111111111111111111111000111011011111111110011111110100111110100110111000111101111011101111110100
00000000000000000000000000000000000000000000000000000000000000000000000000000000000000000000000000000000000000000000000000000000111011011111111110011111110100111110100110111000111101111011101111110100
00000000000000000000000000000000000000000000000000000000000000000000000000000000000000000000000000000000000000000000000000000000111011011111111110011111110100111110100110111000111101111011101111110100
11111111111111111111111111111111111111111111111111111111111111111111111111111111111111111111111111111111111111111111111111111111011011011111111110011111110100111110100110111000111101111011101111110100
11111111111111111111111111111111111111111111111111111111111111111111111111111111111111111111111111111111111111111111111111111111101011011111111110011111110100111110100110111000111101111011101111110100
11111111111111111111111111111111111111111111111111111111111111111111111111111111111111111111111111111111111111111111111111111111110011011111111110011111110100111110100110111000111101111011101111110100
00000000000000000000000000000000000000000000000000000000000000000000000000000000000000000000000000000000000000000000000000000000000011011111111110011111110100111110100110111000111101111011101111110100
11111111111111111111111111111111111111111111111111111111111111111111111111111111111111111111111111111111111111111111111111111111111101011111111110011111110100111110100110111000111101111011101111110100
11111111111111111111111111111111111111111111111111111111111111111111111111111111111111111111111111111111111111111111111111111111111110011111111110011111110100111110100110111000111101111011101111110100
00000000000000000000000000000000000000000000000000000000000000000000000000000000000000000000000000000000000000000000000000000000000000011111111110011111110100111110100110111000111101111011101111110100
11111111111111111111111111111111111111111111111111111111111111111111111111111111111111111111111111111111111111111111111111111111111111101111111110011111110100111110100110111000111101111011101111110100
11111111111111111111111111111111111111111111111111111111111111111111111111111111111111111111111111111111111111111111111111111111111111110111111110011111110100111110100110111000111101111011101111110100
11111111111111111111111111111111111111111111111111111111111111111111111111111111111111111111111111111111111111111111111111111111111111111011111110011111110100111110100110111000111101111011101111110100
11111111111111111111111111111111111111111111111111111111111111111111111111111111111111111111111111111111111111111111111111111111111111111101111110011111110100111110100110111000111101111011101111110100
11111111111111111111111111111111111111111111111111111111111111111111111111111111111111111111111111111111111111111111111111111111111111111110111110011111110100111110100110111000111101111011101111110100
11111111111111111111111111111111111111111111111111111111111111111111111111111111111111111111111111111111111111111111111111111111111111111111011110011111110100111110100110111000111101111011101111110100
11111111111111111111111111111111111111111111111111111111111111111111111111111111111111111111111111111111111111111111111111111111111111111111101110011111110100111110100110111000111101111011101111110100
11111111111111111111111111111111111111111111111111111111111111111111111111111111111111111111111111111111111111111111111111111111111111111111110110011111110100111110100110111000111101111011101111110100
11111111111111111111111111111111111111111111111111111111111111111111111111111111111111111111111111111111111111111111111111111111111111111111111010011111110100111110100110111000111101111011101111110100
11111111111111111111111111111111111111111111111111111111111111111111111111111111111111111111111111111111111111111111111111111111111111111111111100011111110100111110100110111000111101111011101111110100
00000000000000000000000000000000000000000000000000000000000000000000000000000000000000000000000000000000000000000000000000000000000000000000000000011111110100111110100110111000111101111011101111110100
00000000000000000000000000000000000000000000000000000000000000000000000000000000000000000000000000000000000000000000000000000000000000000000000000011111110100111110100110111000111101111011101111110100
11111111111111111111111111111111111111111111111111111111111111111111111111111111111111111111111111111111111111111111111111111111111111111111111111101111110100111110100110111000111101111011101111110100
11111111111111111111111111111111111111111111111111111111111111111111111111111111111111111111111111111111111111111111111111111111111111111111111111110111110100111110100110111000111101111011101111110100
11111111111111111111111111111111111111111111111111111111111111111111111111111111111111111111111111111111111111111111111111111111111111111111111111111011110100111110100110111000111101111011101111110100
11111111111111111111111111111111111111111111111111111111111111111111111111111111111111111111111111111111111111111111111111111111111111111111111111111101110100111110100110111000111101111011101111110100
11111111111111111111111111111111111111111111111111111111111111111111111111111111111111111111111111111111111111111111111111111111111111111111111111111110110100111110100110111000111101111011101111110100
11111111111111111111111111111111111111111111111111111111111111111111111111111111111111111111111111111111111111111111111111111111111111111111111111111111010100111110100110111000111101111011101111110100
11111111111111111111111111111111111111111111111111111111111111111111111111111111111111111111111111111111111111111111111111111111111111111111111111111111100100111110100110111000111101111011101111110100
00000000000000000000000000000000000000000000000000000000000000000000000000000000000000000000000000000000000000000000000000000000000000000000000000000000000100111110100110111000111101111011101111110100
11111111111111111111111111111111111111111111111111111111111111111111111111111111111111111111111111111111111111111111111111111111111111111111111111111111111000111110100110111000111101111011101111110100
00000000000000000000000000000000000000000000000000000000000000000000000000000000000000000000000000000000000000000000000000000000000000000000000000000000000000111110100110111000111101111011101111110100
00000000000000000000000000000000000000000000000000000000000000000000000000000000000000000000000000000000000000000000000000000000000000000000000000000000000000111110100110111000111101111011101111110100
11111111111111111111111111111111111111111111111111111111111111111111111111111111111111111111111111111111111111111111111111111111111111111111111111111111111111011110100110111000111101111011101111110100
11111111111111111111111111111111111111111111111111111111111111111111111111111111111111111111111111111111111111111111111111111111111111111111111111111111111111101110100110111000111101111011101111110100
11111111111111111111111111111111111111111111111111111111111111111111111111111111111111111111111111111111111111111111111111111111111111111111111111111111111111110110100110111000111101111011101111110100
11111111111111111111111111111111111111111111111111111111111111111111111111111111111111111111111111111111111111111111111111111111111111111111111111111111111111111010100110111000111101111011101111110100
11111111111111111111111111111111111111111111111111111111111111111111111111111111111111111111111111111111111111111111111111111111111111111111111111111111111111111100100110111000111101111011101111110100
00000000000000000000000000000000000000000000000000000000000000000000000000000000000000000000000000000000000000000000000000000000000000000000000000000000000000000000100110111000111101111011101111110100
11111111111111111111111111111111111111111111111111111111111111111111111111111111111111111111111111111111111111111111111111111111111111111111111111111111111111111111000110111000111101111011101111110100
00000000000000000000000000000000000000000000000000000000000000000000000000000000000000000000000000000000000000000000000000000000000000000000000000000000000000000000000110111000111101111011101111110100
00000000000000000000000000000000000000000000000000000000000000000000000000000000000000000000000000000000000000000000000000000000000000000000000000000000000000000000000110111000111101111011101111110100
11111111111111111111111111111111111111111111111111111111111111111111111111111111111111111111111111111111111111111111111111111111111111111111111111111111111111111111111010111000111101111011101111110100
11111111111111111111111111111111111111111111111111111111111111111111111111111111111111111111111111111111111111111111111111111111111111111111111111111111111111111111111100111000111101111011101111110100
00000000000000000000000000000000000000000000000000000000000000000000000000000000000000000000000000000000000000000000000000000000000000000000000000000000000000000000000000111000111101111011101111110100
11111111111111111111111111111111111111111111111111111111111111111111111111111111111111111111111111111111111111111111111111111111111111111111111111111111111111111111111111011000111101111011101111110100
11111111111111111111111111111111111111111111111111111111111111111111111111111111111111111111111111111111111111111111111111111111111111111111111111111111111111111111111111101000111101111011101111110100
11111111111111111111111111111111111111111111111111111111111111111111111111111111111111111111111111111111111111111111111111111111111111111111111111111111111111111111111111110000111101111011101111110100
00000000000000000000000000000000000000000000000000000000000000000000000000000000000000000000000000000000000000000000000000000000000000000000000000000000000000000000000000000000111101111011101111110100
00000000000000000000000000000000000000000000000000000000000000000000000000000000000000000000000000000000000000000000000000000000000000000000000000000000000000000000000000000000111101111011101111110100
00000000000000000000000000000000000000000000000000000000000000000000000000000000000000000000000000000000000000000000000000000000000000000000000000000000000000000000000000000000111101111011101111110100
11111111111111111111111111111111111111111111111111111111111111111111111111111111111111111111111111111111111111111111111111111111111111111111111111111111111111111111111111111111011101111011101111110100
11111111111111111111111111111111111111111111111111111111111111111111111111111111111111111111111111111111111111111111111111111111111111111111111111111111111111111111111111111111101101111011101111110100
11111111111111111111111111111111111111111111111111111111111111111111111111111111111111111111111111111111111111111111111111111111111111111111111111111111111111111111111111111111110101111011101111110100
11111111111111111111111111111111111111111111111111111111111111111111111111111111111111111111111111111111111111111111111111111111111111111111111111111111111111111111111111111111111001111011101111110100
00000000000000000000000000000000000000000000000000000000000000000000000000000000000000000000000000000000000000000000000000000000000000000000000000000000000000000000000000000000000001111011101111110100
11111111111111111111111111111111111111111111111111111111111111111111111111111111111111111111111111111111111111111111111111111111111111111111111111111111111111111111111111111111111110111011101111110100
11111111111111111111111111111111111111111111111111111111111111111111111111111111111111111111111111111111111111111111111111111111111111111111111111111111111111111111111111111111111111011011101111110100
11111111111111111111111111111111111111111111111111111111111111111111111111111111111111111111111111111111111111111111111111111111111111111111111111111111111111111111111111111111111111101011101111110100
11111111111111111111111111111111111111111111111111111111111111111111111111111111111111111111111111111111111111111111111111111111111111111111111111111111111111111111111111111111111111110011101111110100
00000000000000000000000000000000000000000000000000000000000000000000000000000000000000000000000000000000000000000000000000000000000000000000000000000000000000000000000000000000000000000011101111110100
11111111111111111111111111111111111111111111111111111111111111111111111111111111111111111111111111111111111111111111111111111111111111111111111111111111111111111111111111111111111111111101101111110100
11111111111111111111111111111111111111111111111111111111111111111111111111111111111111111111111111111111111111111111111111111111111111111111111111111111111111111111111111111111111111111110101111110100
11111111111111111111111111111111111111111111111111111111111111111111111111111111111111111111111111111111111111111111111111111111111111111111111111111111111111111111111111111111111111111111001111110100
00000000000000000000000000000000000000000000000000000000000000000000000000000000000000000000000000000000000000000000000000000000000000000000000000000000000000000000000000000000000000000000001111110100
11111111111111111111111111111111111111111111111111111111111111111111111111111111111111111111111111111111111111111111111111111111111111111111111111111111111111111111111111111111111111111111110111110100
11111111111111111111111111111111111111111111111111111111111111111111111111111111111111111111111111111111111111111111111111111111111111111111111111111111111111111111111111111111111111111111111011110100
11111111111111111111111111111111111111111111111111111111111111111111111111111111111111111111111111111111111111111111111111111111111111111111111111111111111111111111111111111111111111111111111101110100
11111111111111111111111111111111111111111111111111111111111111111111111111111111111111111111111111111111111111111111111111111111111111111111111111111111111111111111111111111111111111111111111110110100
11111111111111111111111111111111111111111111111111111111111111111111111111111111111111111111111111111111111111111111111111111111111111111111111111111111111111111111111111111111111111111111111111010100
11111111111111111111111111111111111111111111111111111111111111111111111111111111111111111111111111111111111111111111111111111111111111111111111111111111111111111111111111111111111111111111111111100100
00000000000000000000000000000000000000000000000000000000000000000000000000000000000000000000000000000000000000000000000000000000000000000000000000000000000000000000000000000000000000000000000000000100
11111111111111111111111111111111111111111111111111111111111111111111111111111111111111111111111111111111111111111111111111111111111111111111111111111111111111111111111111111111111111111111111111111000
00000000000000000000000000000000000000000000000000000000000000000000000000000000000000000000000000000000000000000000000000000000000000000000000000000000000000000000000000000000000000000000000000000000
00000000000000000000000000000000000000000000000000000000000000000000000000000000000000000000000000000000000000000000000000000000000000000000000000000000000000000000000000000000000000000000000000000000
