0000010110000001010000000100100100000010000100100011000000101100010010
0000010110000001010000000100100100000010000100100011000000101100010010
0000010110000001010000000100100100000010000100100011000000101100010010
0000010110000001010000000100100100000010000100100011000000101100010010
0000010110000001010000000100100100000010000100100011000000101100010010
1111100110000001010000000100100100000010000100100011000000101100010010
0000000110000001010000000100100100000010000100100011000000101100010010
1111111010000001010000000100100100000010000100100011000000101100010010
1111111100000001010000000100100100000010000100100011000000101100010010
0000000000000001010000000100100100000010000100100011000000101100010010
0000000000000001010000000100100100000010000100100011000000101100010010
0000000000000001010000000100100100000010000100100011000000101100010010
0000000000000001010000000100100100000010000100100011000000101100010010
0000000000000001010000000100100100000010000100100011000000101100010010
0000000000000001010000000100100100000010000100100011000000101100010010
1111111111111110010000000100100100000010000100100011000000101100010010
0000000000000000010000000100100100000010000100100011000000101100010010
1111111111111111100000000100100100000010000100100011000000101100010010
0000000000000000000000000100100100000010000100100011000000101100010010
0000000000000000000000000100100100000010000100100011000000101100010010
0000000000000000000000000100100100000010000100100011000000101100010010
0000000000000000000000000100100100000010000100100011000000101100010010
0000000000000000000000000100100100000010000100100011000000101100010010
0000000000000000000000000100100100000010000100100011000000101100010010
0000000000000000000000000100100100000010000100100011000000101100010010
1111111111111111111111111000100100000010000100100011000000101100010010
0000000000000000000000000000100100000010000100100011000000101100010010
0000000000000000000000000000100100000010000100100011000000101100010010
1111111111111111111111111111000100000010000100100011000000101100010010
0000000000000000000000000000000100000010000100100011000000101100010010
0000000000000000000000000000000100000010000100100011000000101100010010
1111111111111111111111111111111000000010000100100011000000101100010010
0000000000000000000000000000000000000010000100100011000000101100010010
0000000000000000000000000000000000000010000100100011000000101100010010
0000000000000000000000000000000000000010000100100011000000101100010010
0000000000000000000000000000000000000010000100100011000000101100010010
0000000000000000000000000000000000000010000100100011000000101100010010
0000000000000000000000000000000000000010000100100011000000101100010010
1111111111111111111111111111111111111100000100100011000000101100010010
0000000000000000000000000000000000000000000100100011000000101100010010
0000000000000000000000000000000000000000000100100011000000101100010010
0000000000000000000000000000000000000000000100100011000000101100010010
0000000000000000000000000000000000000000000100100011000000101100010010
1111111111111111111111111111111111111111111000100011000000101100010010
0000000000000000000000000000000000000000000000100011000000101100010010
0000000000000000000000000000000000000000000000100011000000101100010010
1111111111111111111111111111111111111111111111000011000000101100010010
0000000000000000000000000000000000000000000000000011000000101100010010
0000000000000000000000000000000000000000000000000011000000101100010010
0000000000000000000000000000000000000000000000000011000000101100010010
1111111111111111111111111111111111111111111111111101000000101100010010
1111111111111111111111111111111111111111111111111110000000101100010010
0000000000000000000000000000000000000000000000000000000000101100010010
0000000000000000000000000000000000000000000000000000000000101100010010
0000000000000000000000000000000000000000000000000000000000101100010010
0000000000000000000000000000000000000000000000000000000000101100010010
0000000000000000000000000000000000000000000000000000000000101100010010
0000000000000000000000000000000000000000000000000000000000101100010010
1111111111111111111111111111111111111111111111111111111111001100010010
0000000000000000000000000000000000000000000000000000000000001100010010
1111111111111111111111111111111111111111111111111111111111110100010010
1111111111111111111111111111111111111111111111111111111111111000010010
0000000000000000000000000000000000000000000000000000000000000000010010
0000000000000000000000000000000000000000000000000000000000000000010010
0000000000000000000000000000000000000000000000000000000000000000010010
1111111111111111111111111111111111111111111111111111111111111111100010
0000000000000000000000000000000000000000000000000000000000000000000010
0000000000000000000000000000000000000000000000000000000000000000000010
1111111111111111111111111111111111111111111111111111111111111111111100
0000000000000000000000000000000000000000000000000000000000000000000000
