00000000001000000001100100100010110000101000100100000010100000010001001000010100100010000000100010100011010100011100110001000100011010110000000100000101000011000100011000100000000000001001000001100000
00000000001000000001100100100010110000101000100100000010100000010001001000010100100010000000100010100011010100011100110001000100011010110000000100000101000011000100011000100000000000001001000001100000
00000000001000000001100100100010110000101000100100000010100000010001001000010100100010000000100010100011010100011100110001000100011010110000000100000101000011000100011000100000000000001001000001100000
00000000001000000001100100100010110000101000100100000010100000010001001000010100100010000000100010100011010100011100110001000100011010110000000100000101000011000100011000100000000000001001000001100000
00000000001000000001100100100010110000101000100100000010100000010001001000010100100010000000100010100011010100011100110001000100011010110000000100000101000011000100011000100000000000001001000001100000
00000000001000000001100100100010110000101000100100000010100000010001001000010100100010000000100010100011010100011100110001000100011010110000000100000101000011000100011000100000000000001001000001100000
00000000001000000001100100100010110000101000100100000010100000010001001000010100100010000000100010100011010100011100110001000100011010110000000100000101000011000100011000100000000000001001000001100000
00000000001000000001100100100010110000101000100100000010100000010001001000010100100010000000100010100011010100011100110001000100011010110000000100000101000011000100011000100000000000001001000001100000
00000000001000000001100100100010110000101000100100000010100000010001001000010100100010000000100010100011010100011100110001000100011010110000000100000101000011000100011000100000000000001001000001100000
00000000001000000001100100100010110000101000100100000010100000010001001000010100100010000000100010100011010100011100110001000100011010110000000100000101000011000100011000100000000000001001000001100000
11111111110000000001100100100010110000101000100100000010100000010001001000010100100010000000100010100011010100011100110001000100011010110000000100000101000011000100011000100000000000001001000001100000
00000000000000000001100100100010110000101000100100000010100000010001001000010100100010000000100010100011010100011100110001000100011010110000000100000101000011000100011000100000000000001001000001100000
00000000000000000001100100100010110000101000100100000010100000010001001000010100100010000000100010100011010100011100110001000100011010110000000100000101000011000100011000100000000000001001000001100000
00000000000000000001100100100010110000101000100100000010100000010001001000010100100010000000100010100011010100011100110001000100011010110000000100000101000011000100011000100000000000001001000001100000
00000000000000000001100100100010110000101000100100000010100000010001001000010100100010000000100010100011010100011100110001000100011010110000000100000101000011000100011000100000000000001001000001100000
00000000000000000001100100100010110000101000100100000010100000010001001000010100100010000000100010100011010100011100110001000100011010110000000100000101000011000100011000100000000000001001000001100000
00000000000000000001100100100010110000101000100100000010100000010001001000010100100010000000100010100011010100011100110001000100011010110000000100000101000011000100011000100000000000001001000001100000
00000000000000000001100100100010110000101000100100000010100000010001001000010100100010000000100010100011010100011100110001000100011010110000000100000101000011000100011000100000000000001001000001100000
00000000000000000001100100100010110000101000100100000010100000010001001000010100100010000000100010100011010100011100110001000100011010110000000100000101000011000100011000100000000000001001000001100000
11111111111111111110100100100010110000101000100100000010100000010001001000010100100010000000100010100011010100011100110001000100011010110000000100000101000011000100011000100000000000001001000001100000
11111111111111111111000100100010110000101000100100000010100000010001001000010100100010000000100010100011010100011100110001000100011010110000000100000101000011000100011000100000000000001001000001100000
00000000000000000000000100100010110000101000100100000010100000010001001000010100100010000000100010100011010100011100110001000100011010110000000100000101000011000100011000100000000000001001000001100000
00000000000000000000000100100010110000101000100100000010100000010001001000010100100010000000100010100011010100011100110001000100011010110000000100000101000011000100011000100000000000001001000001100000
11111111111111111111111000100010110000101000100100000010100000010001001000010100100010000000100010100011010100011100110001000100011010110000000100000101000011000100011000100000000000001001000001100000
00000000000000000000000000100010110000101000100100000010100000010001001000010100100010000000100010100011010100011100110001000100011010110000000100000101000011000100011000100000000000001001000001100000
00000000000000000000000000100010110000101000100100000010100000010001001000010100100010000000100010100011010100011100110001000100011010110000000100000101000011000100011000100000000000001001000001100000
11111111111111111111111111000010110000101000100100000010100000010001001000010100100010000000100010100011010100011100110001000100011010110000000100000101000011000100011000100000000000001001000001100000
00000000000000000000000000000010110000101000100100000010100000010001001000010100100010000000100010100011010100011100110001000100011010110000000100000101000011000100011000100000000000001001000001100000
00000000000000000000000000000010110000101000100100000010100000010001001000010100100010000000100010100011010100011100110001000100011010110000000100000101000011000100011000100000000000001001000001100000
00000000000000000000000000000010110000101000100100000010100000010001001000010100100010000000100010100011010100011100110001000100011010110000000100000101000011000100011000100000000000001001000001100000
11111111111111111111111111111100110000101000100100000010100000010001001000010100100010000000100010100011010100011100110001000100011010110000000100000101000011000100011000100000000000001001000001100000
00000000000000000000000000000000110000101000100100000010100000010001001000010100100010000000100010100011010100011100110001000100011010110000000100000101000011000100011000100000000000001001000001100000
11111111111111111111111111111111010000101000100100000010100000010001001000010100100010000000100010100011010100011100110001000100011010110000000100000101000011000100011000100000000000001001000001100000
11111111111111111111111111111111100000101000100100000010100000010001001000010100100010000000100010100011010100011100110001000100011010110000000100000101000011000100011000100000000000001001000001100000
00000000000000000000000000000000000000101000100100000010100000010001001000010100100010000000100010100011010100011100110001000100011010110000000100000101000011000100011000100000000000001001000001100000
00000000000000000000000000000000000000101000100100000010100000010001001000010100100010000000100010100011010100011100110001000100011010110000000100000101000011000100011000100000000000001001000001100000
00000000000000000000000000000000000000101000100100000010100000010001001000010100100010000000100010100011010100011100110001000100011010110000000100000101000011000100011000100000000000001001000001100000
00000000000000000000000000000000000000101000100100000010100000010001001000010100100010000000100010100011010100011100110001000100011010110000000100000101000011000100011000100000000000001001000001100000
11111111111111111111111111111111111111001000100100000010100000010001001000010100100010000000100010100011010100011100110001000100011010110000000100000101000011000100011000100000000000001001000001100000
00000000000000000000000000000000000000001000100100000010100000010001001000010100100010000000100010100011010100011100110001000100011010110000000100000101000011000100011000100000000000001001000001100000
11111111111111111111111111111111111111110000100100000010100000010001001000010100100010000000100010100011010100011100110001000100011010110000000100000101000011000100011000100000000000001001000001100000
00000000000000000000000000000000000000000000100100000010100000010001001000010100100010000000100010100011010100011100110001000100011010110000000100000101000011000100011000100000000000001001000001100000
00000000000000000000000000000000000000000000100100000010100000010001001000010100100010000000100010100011010100011100110001000100011010110000000100000101000011000100011000100000000000001001000001100000
00000000000000000000000000000000000000000000100100000010100000010001001000010100100010000000100010100011010100011100110001000100011010110000000100000101000011000100011000100000000000001001000001100000
11111111111111111111111111111111111111111111000100000010100000010001001000010100100010000000100010100011010100011100110001000100011010110000000100000101000011000100011000100000000000001001000001100000
00000000000000000000000000000000000000000000000100000010100000010001001000010100100010000000100010100011010100011100110001000100011010110000000100000101000011000100011000100000000000001001000001100000
00000000000000000000000000000000000000000000000100000010100000010001001000010100100010000000100010100011010100011100110001000100011010110000000100000101000011000100011000100000000000001001000001100000
11111111111111111111111111111111111111111111111000000010100000010001001000010100100010000000100010100011010100011100110001000100011010110000000100000101000011000100011000100000000000001001000001100000
00000000000000000000000000000000000000000000000000000010100000010001001000010100100010000000100010100011010100011100110001000100011010110000000100000101000011000100011000100000000000001001000001100000
00000000000000000000000000000000000000000000000000000010100000010001001000010100100010000000100010100011010100011100110001000100011010110000000100000101000011000100011000100000000000001001000001100000
00000000000000000000000000000000000000000000000000000010100000010001001000010100100010000000100010100011010100011100110001000100011010110000000100000101000011000100011000100000000000001001000001100000
00000000000000000000000000000000000000000000000000000010100000010001001000010100100010000000100010100011010100011100110001000100011010110000000100000101000011000100011000100000000000001001000001100000
00000000000000000000000000000000000000000000000000000010100000010001001000010100100010000000100010100011010100011100110001000100011010110000000100000101000011000100011000100000000000001001000001100000
00000000000000000000000000000000000000000000000000000010100000010001001000010100100010000000100010100011010100011100110001000100011010110000000100000101000011000100011000100000000000001001000001100000
11111111111111111111111111111111111111111111111111111100100000010001001000010100100010000000100010100011010100011100110001000100011010110000000100000101000011000100011000100000000000001001000001100000
00000000000000000000000000000000000000000000000000000000100000010001001000010100100010000000100010100011010100011100110001000100011010110000000100000101000011000100011000100000000000001001000001100000
11111111111111111111111111111111111111111111111111111111000000010001001000010100100010000000100010100011010100011100110001000100011010110000000100000101000011000100011000100000000000001001000001100000
00000000000000000000000000000000000000000000000000000000000000010001001000010100100010000000100010100011010100011100110001000100011010110000000100000101000011000100011000100000000000001001000001100000
00000000000000000000000000000000000000000000000000000000000000010001001000010100100010000000100010100011010100011100110001000100011010110000000100000101000011000100011000100000000000001001000001100000
00000000000000000000000000000000000000000000000000000000000000010001001000010100100010000000100010100011010100011100110001000100011010110000000100000101000011000100011000100000000000001001000001100000
00000000000000000000000000000000000000000000000000000000000000010001001000010100100010000000100010100011010100011100110001000100011010110000000100000101000011000100011000100000000000001001000001100000
00000000000000000000000000000000000000000000000000000000000000010001001000010100100010000000100010100011010100011100110001000100011010110000000100000101000011000100011000100000000000001001000001100000
00000000000000000000000000000000000000000000000000000000000000010001001000010100100010000000100010100011010100011100110001000100011010110000000100000101000011000100011000100000000000001001000001100000
11111111111111111111111111111111111111111111111111111111111111100001001000010100100010000000100010100011010100011100110001000100011010110000000100000101000011000100011000100000000000001001000001100000
00000000000000000000000000000000000000000000000000000000000000000001001000010100100010000000100010100011010100011100110001000100011010110000000100000101000011000100011000100000000000001001000001100000
00000000000000000000000000000000000000000000000000000000000000000001001000010100100010000000100010100011010100011100110001000100011010110000000100000101000011000100011000100000000000001001000001100000
00000000000000000000000000000000000000000000000000000000000000000001001000010100100010000000100010100011010100011100110001000100011010110000000100000101000011000100011000100000000000001001000001100000
11111111111111111111111111111111111111111111111111111111111111111110001000010100100010000000100010100011010100011100110001000100011010110000000100000101000011000100011000100000000000001001000001100000
00000000000000000000000000000000000000000000000000000000000000000000001000010100100010000000100010100011010100011100110001000100011010110000000100000101000011000100011000100000000000001001000001100000
00000000000000000000000000000000000000000000000000000000000000000000001000010100100010000000100010100011010100011100110001000100011010110000000100000101000011000100011000100000000000001001000001100000
11111111111111111111111111111111111111111111111111111111111111111111110000010100100010000000100010100011010100011100110001000100011010110000000100000101000011000100011000100000000000001001000001100000
00000000000000000000000000000000000000000000000000000000000000000000000000010100100010000000100010100011010100011100110001000100011010110000000100000101000011000100011000100000000000001001000001100000
00000000000000000000000000000000000000000000000000000000000000000000000000010100100010000000100010100011010100011100110001000100011010110000000100000101000011000100011000100000000000001001000001100000
00000000000000000000000000000000000000000000000000000000000000000000000000010100100010000000100010100011010100011100110001000100011010110000000100000101000011000100011000100000000000001001000001100000
00000000000000000000000000000000000000000000000000000000000000000000000000010100100010000000100010100011010100011100110001000100011010110000000100000101000011000100011000100000000000001001000001100000
11111111111111111111111111111111111111111111111111111111111111111111111111100100100010000000100010100011010100011100110001000100011010110000000100000101000011000100011000100000000000001001000001100000
00000000000000000000000000000000000000000000000000000000000000000000000000000100100010000000100010100011010100011100110001000100011010110000000100000101000011000100011000100000000000001001000001100000
11111111111111111111111111111111111111111111111111111111111111111111111111111000100010000000100010100011010100011100110001000100011010110000000100000101000011000100011000100000000000001001000001100000
00000000000000000000000000000000000000000000000000000000000000000000000000000000100010000000100010100011010100011100110001000100011010110000000100000101000011000100011000100000000000001001000001100000
00000000000000000000000000000000000000000000000000000000000000000000000000000000100010000000100010100011010100011100110001000100011010110000000100000101000011000100011000100000000000001001000001100000
11111111111111111111111111111111111111111111111111111111111111111111111111111111000010000000100010100011010100011100110001000100011010110000000100000101000011000100011000100000000000001001000001100000
00000000000000000000000000000000000000000000000000000000000000000000000000000000000010000000100010100011010100011100110001000100011010110000000100000101000011000100011000100000000000001001000001100000
00000000000000000000000000000000000000000000000000000000000000000000000000000000000010000000100010100011010100011100110001000100011010110000000100000101000011000100011000100000000000001001000001100000
00000000000000000000000000000000000000000000000000000000000000000000000000000000000010000000100010100011010100011100110001000100011010110000000100000101000011000100011000100000000000001001000001100000
11111111111111111111111111111111111111111111111111111111111111111111111111111111111100000000100010100011010100011100110001000100011010110000000100000101000011000100011000100000000000001001000001100000
00000000000000000000000000000000000000000000000000000000000000000000000000000000000000000000100010100011010100011100110001000100011010110000000100000101000011000100011000100000000000001001000001100000
00000000000000000000000000000000000000000000000000000000000000000000000000000000000000000000100010100011010100011100110001000100011010110000000100000101000011000100011000100000000000001001000001100000
00000000000000000000000000000000000000000000000000000000000000000000000000000000000000000000100010100011010100011100110001000100011010110000000100000101000011000100011000100000000000001001000001100000
00000000000000000000000000000000000000000000000000000000000000000000000000000000000000000000100010100011010100011100110001000100011010110000000100000101000011000100011000100000000000001001000001100000
00000000000000000000000000000000000000000000000000000000000000000000000000000000000000000000100010100011010100011100110001000100011010110000000100000101000011000100011000100000000000001001000001100000
00000000000000000000000000000000000000000000000000000000000000000000000000000000000000000000100010100011010100011100110001000100011010110000000100000101000011000100011000100000000000001001000001100000
00000000000000000000000000000000000000000000000000000000000000000000000000000000000000000000100010100011010100011100110001000100011010110000000100000101000011000100011000100000000000001001000001100000
11111111111111111111111111111111111111111111111111111111111111111111111111111111111111111111000010100011010100011100110001000100011010110000000100000101000011000100011000100000000000001001000001100000
00000000000000000000000000000000000000000000000000000000000000000000000000000000000000000000000010100011010100011100110001000100011010110000000100000101000011000100011000100000000000001001000001100000
00000000000000000000000000000000000000000000000000000000000000000000000000000000000000000000000010100011010100011100110001000100011010110000000100000101000011000100011000100000000000001001000001100000
00000000000000000000000000000000000000000000000000000000000000000000000000000000000000000000000010100011010100011100110001000100011010110000000100000101000011000100011000100000000000001001000001100000
11111111111111111111111111111111111111111111111111111111111111111111111111111111111111111111111100100011010100011100110001000100011010110000000100000101000011000100011000100000000000001001000001100000
00000000000000000000000000000000000000000000000000000000000000000000000000000000000000000000000000100011010100011100110001000100011010110000000100000101000011000100011000100000000000001001000001100000
11111111111111111111111111111111111111111111111111111111111111111111111111111111111111111111111111000011010100011100110001000100011010110000000100000101000011000100011000100000000000001001000001100000
00000000000000000000000000000000000000000000000000000000000000000000000000000000000000000000000000000011010100011100110001000100011010110000000100000101000011000100011000100000000000001001000001100000
00000000000000000000000000000000000000000000000000000000000000000000000000000000000000000000000000000011010100011100110001000100011010110000000100000101000011000100011000100000000000001001000001100000
00000000000000000000000000000000000000000000000000000000000000000000000000000000000000000000000000000011010100011100110001000100011010110000000100000101000011000100011000100000000000001001000001100000
11111111111111111111111111111111111111111111111111111111111111111111111111111111111111111111111111111101010100011100110001000100011010110000000100000101000011000100011000100000000000001001000001100000
11111111111111111111111111111111111111111111111111111111111111111111111111111111111111111111111111111110010100011100110001000100011010110000000100000101000011000100011000100000000000001001000001100000
00000000000000000000000000000000000000000000000000000000000000000000000000000000000000000000000000000000010100011100110001000100011010110000000100000101000011000100011000100000000000001001000001100000
11111111111111111111111111111111111111111111111111111111111111111111111111111111111111111111111111111111100100011100110001000100011010110000000100000101000011000100011000100000000000001001000001100000
00000000000000000000000000000000000000000000000000000000000000000000000000000000000000000000000000000000000100011100110001000100011010110000000100000101000011000100011000100000000000001001000001100000
11111111111111111111111111111111111111111111111111111111111111111111111111111111111111111111111111111111111000011100110001000100011010110000000100000101000011000100011000100000000000001001000001100000
00000000000000000000000000000000000000000000000000000000000000000000000000000000000000000000000000000000000000011100110001000100011010110000000100000101000011000100011000100000000000001001000001100000
00000000000000000000000000000000000000000000000000000000000000000000000000000000000000000000000000000000000000011100110001000100011010110000000100000101000011000100011000100000000000001001000001100000
00000000000000000000000000000000000000000000000000000000000000000000000000000000000000000000000000000000000000011100110001000100011010110000000100000101000011000100011000100000000000001001000001100000
11111111111111111111111111111111111111111111111111111111111111111111111111111111111111111111111111111111111111101100110001000100011010110000000100000101000011000100011000100000000000001001000001100000
11111111111111111111111111111111111111111111111111111111111111111111111111111111111111111111111111111111111111110100110001000100011010110000000100000101000011000100011000100000000000001001000001100000
11111111111111111111111111111111111111111111111111111111111111111111111111111111111111111111111111111111111111111000110001000100011010110000000100000101000011000100011000100000000000001001000001100000
00000000000000000000000000000000000000000000000000000000000000000000000000000000000000000000000000000000000000000000110001000100011010110000000100000101000011000100011000100000000000001001000001100000
00000000000000000000000000000000000000000000000000000000000000000000000000000000000000000000000000000000000000000000110001000100011010110000000100000101000011000100011000100000000000001001000001100000
11111111111111111111111111111111111111111111111111111111111111111111111111111111111111111111111111111111111111111111010001000100011010110000000100000101000011000100011000100000000000001001000001100000
11111111111111111111111111111111111111111111111111111111111111111111111111111111111111111111111111111111111111111111100001000100011010110000000100000101000011000100011000100000000000001001000001100000
00000000000000000000000000000000000000000000000000000000000000000000000000000000000000000000000000000000000000000000000001000100011010110000000100000101000011000100011000100000000000001001000001100000
00000000000000000000000000000000000000000000000000000000000000000000000000000000000000000000000000000000000000000000000001000100011010110000000100000101000011000100011000100000000000001001000001100000
00000000000000000000000000000000000000000000000000000000000000000000000000000000000000000000000000000000000000000000000001000100011010110000000100000101000011000100011000100000000000001001000001100000
11111111111111111111111111111111111111111111111111111111111111111111111111111111111111111111111111111111111111111111111110000100011010110000000100000101000011000100011000100000000000001001000001100000
00000000000000000000000000000000000000000000000000000000000000000000000000000000000000000000000000000000000000000000000000000100011010110000000100000101000011000100011000100000000000001001000001100000
00000000000000000000000000000000000000000000000000000000000000000000000000000000000000000000000000000000000000000000000000000100011010110000000100000101000011000100011000100000000000001001000001100000
00000000000000000000000000000000000000000000000000000000000000000000000000000000000000000000000000000000000000000000000000000100011010110000000100000101000011000100011000100000000000001001000001100000
11111111111111111111111111111111111111111111111111111111111111111111111111111111111111111111111111111111111111111111111111111000011010110000000100000101000011000100011000100000000000001001000001100000
00000000000000000000000000000000000000000000000000000000000000000000000000000000000000000000000000000000000000000000000000000000011010110000000100000101000011000100011000100000000000001001000001100000
00000000000000000000000000000000000000000000000000000000000000000000000000000000000000000000000000000000000000000000000000000000011010110000000100000101000011000100011000100000000000001001000001100000
00000000000000000000000000000000000000000000000000000000000000000000000000000000000000000000000000000000000000000000000000000000011010110000000100000101000011000100011000100000000000001001000001100000
11111111111111111111111111111111111111111111111111111111111111111111111111111111111111111111111111111111111111111111111111111111101010110000000100000101000011000100011000100000000000001001000001100000
11111111111111111111111111111111111111111111111111111111111111111111111111111111111111111111111111111111111111111111111111111111110010110000000100000101000011000100011000100000000000001001000001100000
00000000000000000000000000000000000000000000000000000000000000000000000000000000000000000000000000000000000000000000000000000000000010110000000100000101000011000100011000100000000000001001000001100000
11111111111111111111111111111111111111111111111111111111111111111111111111111111111111111111111111111111111111111111111111111111111100110000000100000101000011000100011000100000000000001001000001100000
00000000000000000000000000000000000000000000000000000000000000000000000000000000000000000000000000000000000000000000000000000000000000110000000100000101000011000100011000100000000000001001000001100000
11111111111111111111111111111111111111111111111111111111111111111111111111111111111111111111111111111111111111111111111111111111111111010000000100000101000011000100011000100000000000001001000001100000
11111111111111111111111111111111111111111111111111111111111111111111111111111111111111111111111111111111111111111111111111111111111111100000000100000101000011000100011000100000000000001001000001100000
00000000000000000000000000000000000000000000000000000000000000000000000000000000000000000000000000000000000000000000000000000000000000000000000100000101000011000100011000100000000000001001000001100000
00000000000000000000000000000000000000000000000000000000000000000000000000000000000000000000000000000000000000000000000000000000000000000000000100000101000011000100011000100000000000001001000001100000
00000000000000000000000000000000000000000000000000000000000000000000000000000000000000000000000000000000000000000000000000000000000000000000000100000101000011000100011000100000000000001001000001100000
00000000000000000000000000000000000000000000000000000000000000000000000000000000000000000000000000000000000000000000000000000000000000000000000100000101000011000100011000100000000000001001000001100000
00000000000000000000000000000000000000000000000000000000000000000000000000000000000000000000000000000000000000000000000000000000000000000000000100000101000011000100011000100000000000001001000001100000
00000000000000000000000000000000000000000000000000000000000000000000000000000000000000000000000000000000000000000000000000000000000000000000000100000101000011000100011000100000000000001001000001100000
00000000000000000000000000000000000000000000000000000000000000000000000000000000000000000000000000000000000000000000000000000000000000000000000100000101000011000100011000100000000000001001000001100000
11111111111111111111111111111111111111111111111111111111111111111111111111111111111111111111111111111111111111111111111111111111111111111111111000000101000011000100011000100000000000001001000001100000
00000000000000000000000000000000000000000000000000000000000000000000000000000000000000000000000000000000000000000000000000000000000000000000000000000101000011000100011000100000000000001001000001100000
00000000000000000000000000000000000000000000000000000000000000000000000000000000000000000000000000000000000000000000000000000000000000000000000000000101000011000100011000100000000000001001000001100000
00000000000000000000000000000000000000000000000000000000000000000000000000000000000000000000000000000000000000000000000000000000000000000000000000000101000011000100011000100000000000001001000001100000
00000000000000000000000000000000000000000000000000000000000000000000000000000000000000000000000000000000000000000000000000000000000000000000000000000101000011000100011000100000000000001001000001100000
00000000000000000000000000000000000000000000000000000000000000000000000000000000000000000000000000000000000000000000000000000000000000000000000000000101000011000100011000100000000000001001000001100000
11111111111111111111111111111111111111111111111111111111111111111111111111111111111111111111111111111111111111111111111111111111111111111111111111111001000011000100011000100000000000001001000001100000
00000000000000000000000000000000000000000000000000000000000000000000000000000000000000000000000000000000000000000000000000000000000000000000000000000001000011000100011000100000000000001001000001100000
11111111111111111111111111111111111111111111111111111111111111111111111111111111111111111111111111111111111111111111111111111111111111111111111111111110000011000100011000100000000000001001000001100000
00000000000000000000000000000000000000000000000000000000000000000000000000000000000000000000000000000000000000000000000000000000000000000000000000000000000011000100011000100000000000001001000001100000
00000000000000000000000000000000000000000000000000000000000000000000000000000000000000000000000000000000000000000000000000000000000000000000000000000000000011000100011000100000000000001001000001100000
00000000000000000000000000000000000000000000000000000000000000000000000000000000000000000000000000000000000000000000000000000000000000000000000000000000000011000100011000100000000000001001000001100000
00000000000000000000000000000000000000000000000000000000000000000000000000000000000000000000000000000000000000000000000000000000000000000000000000000000000011000100011000100000000000001001000001100000
11111111111111111111111111111111111111111111111111111111111111111111111111111111111111111111111111111111111111111111111111111111111111111111111111111111111101000100011000100000000000001001000001100000
11111111111111111111111111111111111111111111111111111111111111111111111111111111111111111111111111111111111111111111111111111111111111111111111111111111111110000100011000100000000000001001000001100000
00000000000000000000000000000000000000000000000000000000000000000000000000000000000000000000000000000000000000000000000000000000000000000000000000000000000000000100011000100000000000001001000001100000
00000000000000000000000000000000000000000000000000000000000000000000000000000000000000000000000000000000000000000000000000000000000000000000000000000000000000000100011000100000000000001001000001100000
00000000000000000000000000000000000000000000000000000000000000000000000000000000000000000000000000000000000000000000000000000000000000000000000000000000000000000100011000100000000000001001000001100000
11111111111111111111111111111111111111111111111111111111111111111111111111111111111111111111111111111111111111111111111111111111111111111111111111111111111111111000011000100000000000001001000001100000
00000000000000000000000000000000000000000000000000000000000000000000000000000000000000000000000000000000000000000000000000000000000000000000000000000000000000000000011000100000000000001001000001100000
00000000000000000000000000000000000000000000000000000000000000000000000000000000000000000000000000000000000000000000000000000000000000000000000000000000000000000000011000100000000000001001000001100000
00000000000000000000000000000000000000000000000000000000000000000000000000000000000000000000000000000000000000000000000000000000000000000000000000000000000000000000011000100000000000001001000001100000
11111111111111111111111111111111111111111111111111111111111111111111111111111111111111111111111111111111111111111111111111111111111111111111111111111111111111111111101000100000000000001001000001100000
11111111111111111111111111111111111111111111111111111111111111111111111111111111111111111111111111111111111111111111111111111111111111111111111111111111111111111111110000100000000000001001000001100000
00000000000000000000000000000000000000000000000000000000000000000000000000000000000000000000000000000000000000000000000000000000000000000000000000000000000000000000000000100000000000001001000001100000
00000000000000000000000000000000000000000000000000000000000000000000000000000000000000000000000000000000000000000000000000000000000000000000000000000000000000000000000000100000000000001001000001100000
00000000000000000000000000000000000000000000000000000000000000000000000000000000000000000000000000000000000000000000000000000000000000000000000000000000000000000000000000100000000000001001000001100000
11111111111111111111111111111111111111111111111111111111111111111111111111111111111111111111111111111111111111111111111111111111111111111111111111111111111111111111111111000000000000001001000001100000
00000000000000000000000000000000000000000000000000000000000000000000000000000000000000000000000000000000000000000000000000000000000000000000000000000000000000000000000000000000000000001001000001100000
00000000000000000000000000000000000000000000000000000000000000000000000000000000000000000000000000000000000000000000000000000000000000000000000000000000000000000000000000000000000000001001000001100000
00000000000000000000000000000000000000000000000000000000000000000000000000000000000000000000000000000000000000000000000000000000000000000000000000000000000000000000000000000000000000001001000001100000
00000000000000000000000000000000000000000000000000000000000000000000000000000000000000000000000000000000000000000000000000000000000000000000000000000000000000000000000000000000000000001001000001100000
00000000000000000000000000000000000000000000000000000000000000000000000000000000000000000000000000000000000000000000000000000000000000000000000000000000000000000000000000000000000000001001000001100000
00000000000000000000000000000000000000000000000000000000000000000000000000000000000000000000000000000000000000000000000000000000000000000000000000000000000000000000000000000000000000001001000001100000
00000000000000000000000000000000000000000000000000000000000000000000000000000000000000000000000000000000000000000000000000000000000000000000000000000000000000000000000000000000000000001001000001100000
00000000000000000000000000000000000000000000000000000000000000000000000000000000000000000000000000000000000000000000000000000000000000000000000000000000000000000000000000000000000000001001000001100000
00000000000000000000000000000000000000000000000000000000000000000000000000000000000000000000000000000000000000000000000000000000000000000000000000000000000000000000000000000000000000001001000001100000
00000000000000000000000000000000000000000000000000000000000000000000000000000000000000000000000000000000000000000000000000000000000000000000000000000000000000000000000000000000000000001001000001100000
00000000000000000000000000000000000000000000000000000000000000000000000000000000000000000000000000000000000000000000000000000000000000000000000000000000000000000000000000000000000000001001000001100000
00000000000000000000000000000000000000000000000000000000000000000000000000000000000000000000000000000000000000000000000000000000000000000000000000000000000000000000000000000000000000001001000001100000
00000000000000000000000000000000000000000000000000000000000000000000000000000000000000000000000000000000000000000000000000000000000000000000000000000000000000000000000000000000000000001001000001100000
11111111111111111111111111111111111111111111111111111111111111111111111111111111111111111111111111111111111111111111111111111111111111111111111111111111111111111111111111111111111111110001000001100000
00000000000000000000000000000000000000000000000000000000000000000000000000000000000000000000000000000000000000000000000000000000000000000000000000000000000000000000000000000000000000000001000001100000
00000000000000000000000000000000000000000000000000000000000000000000000000000000000000000000000000000000000000000000000000000000000000000000000000000000000000000000000000000000000000000001000001100000
11111111111111111111111111111111111111111111111111111111111111111111111111111111111111111111111111111111111111111111111111111111111111111111111111111111111111111111111111111111111111111110000001100000
00000000000000000000000000000000000000000000000000000000000000000000000000000000000000000000000000000000000000000000000000000000000000000000000000000000000000000000000000000000000000000000000001100000
00000000000000000000000000000000000000000000000000000000000000000000000000000000000000000000000000000000000000000000000000000000000000000000000000000000000000000000000000000000000000000000000001100000
00000000000000000000000000000000000000000000000000000000000000000000000000000000000000000000000000000000000000000000000000000000000000000000000000000000000000000000000000000000000000000000000001100000
00000000000000000000000000000000000000000000000000000000000000000000000000000000000000000000000000000000000000000000000000000000000000000000000000000000000000000000000000000000000000000000000001100000
00000000000000000000000000000000000000000000000000000000000000000000000000000000000000000000000000000000000000000000000000000000000000000000000000000000000000000000000000000000000000000000000001100000
11111111111111111111111111111111111111111111111111111111111111111111111111111111111111111111111111111111111111111111111111111111111111111111111111111111111111111111111111111111111111111111111110100000
11111111111111111111111111111111111111111111111111111111111111111111111111111111111111111111111111111111111111111111111111111111111111111111111111111111111111111111111111111111111111111111111111000000
00000000000000000000000000000000000000000000000000000000000000000000000000000000000000000000000000000000000000000000000000000000000000000000000000000000000000000000000000000000000000000000000000000000
00000000000000000000000000000000000000000000000000000000000000000000000000000000000000000000000000000000000000000000000000000000000000000000000000000000000000000000000000000000000000000000000000000000
00000000000000000000000000000000000000000000000000000000000000000000000000000000000000000000000000000000000000000000000000000000000000000000000000000000000000000000000000000000000000000000000000000000
00000000000000000000000000000000000000000000000000000000000000000000000000000000000000000000000000000000000000000000000000000000000000000000000000000000000000000000000000000000000000000000000000000000
00000000000000000000000000000000000000000000000000000000000000000000000000000000000000000000000000000000000000000000000000000000000000000000000000000000000000000000000000000000000000000000000000000000
