001001000000010000000001101000010000000000011100111000000011010110100001111110010000001101
001001000000010000000001101000010000000000011100111000000011010110100001111110010000001101
110001000000010000000001101000010000000000011100111000000011010110100001111110010000001101
000001000000010000000001101000010000000000011100111000000011010110100001111110010000001101
000001000000010000000001101000010000000000011100111000000011010110100001111110010000001101
111110000000010000000001101000010000000000011100111000000011010110100001111110010000001101
000000000000010000000001101000010000000000011100111000000011010110100001111110010000001101
000000000000010000000001101000010000000000011100111000000011010110100001111110010000001101
000000000000010000000001101000010000000000011100111000000011010110100001111110010000001101
000000000000010000000001101000010000000000011100111000000011010110100001111110010000001101
000000000000010000000001101000010000000000011100111000000011010110100001111110010000001101
000000000000010000000001101000010000000000011100111000000011010110100001111110010000001101
000000000000010000000001101000010000000000011100111000000011010110100001111110010000001101
111111111111100000000001101000010000000000011100111000000011010110100001111110010000001101
000000000000000000000001101000010000000000011100111000000011010110100001111110010000001101
000000000000000000000001101000010000000000011100111000000011010110100001111110010000001101
000000000000000000000001101000010000000000011100111000000011010110100001111110010000001101
000000000000000000000001101000010000000000011100111000000011010110100001111110010000001101
000000000000000000000001101000010000000000011100111000000011010110100001111110010000001101
000000000000000000000001101000010000000000011100111000000011010110100001111110010000001101
000000000000000000000001101000010000000000011100111000000011010110100001111110010000001101
000000000000000000000001101000010000000000011100111000000011010110100001111110010000001101
000000000000000000000001101000010000000000011100111000000011010110100001111110010000001101
111111111111111111111110101000010000000000011100111000000011010110100001111110010000001101
111111111111111111111111001000010000000000011100111000000011010110100001111110010000001101
000000000000000000000000001000010000000000011100111000000011010110100001111110010000001101
111111111111111111111111110000010000000000011100111000000011010110100001111110010000001101
000000000000000000000000000000010000000000011100111000000011010110100001111110010000001101
000000000000000000000000000000010000000000011100111000000011010110100001111110010000001101
000000000000000000000000000000010000000000011100111000000011010110100001111110010000001101
000000000000000000000000000000010000000000011100111000000011010110100001111110010000001101
111111111111111111111111111111100000000000011100111000000011010110100001111110010000001101
000000000000000000000000000000000000000000011100111000000011010110100001111110010000001101
000000000000000000000000000000000000000000011100111000000011010110100001111110010000001101
000000000000000000000000000000000000000000011100111000000011010110100001111110010000001101
000000000000000000000000000000000000000000011100111000000011010110100001111110010000001101
000000000000000000000000000000000000000000011100111000000011010110100001111110010000001101
000000000000000000000000000000000000000000011100111000000011010110100001111110010000001101
000000000000000000000000000000000000000000011100111000000011010110100001111110010000001101
000000000000000000000000000000000000000000011100111000000011010110100001111110010000001101
000000000000000000000000000000000000000000011100111000000011010110100001111110010000001101
000000000000000000000000000000000000000000011100111000000011010110100001111110010000001101
000000000000000000000000000000000000000000011100111000000011010110100001111110010000001101
111111111111111111111111111111111111111111101100111000000011010110100001111110010000001101
111111111111111111111111111111111111111111110100111000000011010110100001111110010000001101
111111111111111111111111111111111111111111111000111000000011010110100001111110010000001101
000000000000000000000000000000000000000000000000111000000011010110100001111110010000001101
000000000000000000000000000000000000000000000000111000000011010110100001111110010000001101
111111111111111111111111111111111111111111111111011000000011010110100001111110010000001101
111111111111111111111111111111111111111111111111101000000011010110100001111110010000001101
111111111111111111111111111111111111111111111111110000000011010110100001111110010000001101
000000000000000000000000000000000000000000000000000000000011010110100001111110010000001101
000000000000000000000000000000000000000000000000000000000011010110100001111110010000001101
000000000000000000000000000000000000000000000000000000000011010110100001111110010000001101
000000000000000000000000000000000000000000000000000000000011010110100001111110010000001101
000000000000000000000000000000000000000000000000000000000011010110100001111110010000001101
000000000000000000000000000000000000000000000000000000000011010110100001111110010000001101
000000000000000000000000000000000000000000000000000000000011010110100001111110010000001101
111111111111111111111111111111111111111111111111111111111101010110100001111110010000001101
111111111111111111111111111111111111111111111111111111111110010110100001111110010000001101
000000000000000000000000000000000000000000000000000000000000010110100001111110010000001101
111111111111111111111111111111111111111111111111111111111111100110100001111110010000001101
000000000000000000000000000000000000000000000000000000000000000110100001111110010000001101
111111111111111111111111111111111111111111111111111111111111111010100001111110010000001101
111111111111111111111111111111111111111111111111111111111111111100100001111110010000001101
000000000000000000000000000000000000000000000000000000000000000000100001111110010000001101
111111111111111111111111111111111111111111111111111111111111111111000001111110010000001101
000000000000000000000000000000000000000000000000000000000000000000000001111110010000001101
000000000000000000000000000000000000000000000000000000000000000000000001111110010000001101
000000000000000000000000000000000000000000000000000000000000000000000001111110010000001101
000000000000000000000000000000000000000000000000000000000000000000000001111110010000001101
111111111111111111111111111111111111111111111111111111111111111111111110111110010000001101
111111111111111111111111111111111111111111111111111111111111111111111111011110010000001101
111111111111111111111111111111111111111111111111111111111111111111111111101110010000001101
111111111111111111111111111111111111111111111111111111111111111111111111110110010000001101
111111111111111111111111111111111111111111111111111111111111111111111111111010010000001101
111111111111111111111111111111111111111111111111111111111111111111111111111100010000001101
000000000000000000000000000000000000000000000000000000000000000000000000000000010000001101
000000000000000000000000000000000000000000000000000000000000000000000000000000010000001101
111111111111111111111111111111111111111111111111111111111111111111111111111111100000001101
000000000000000000000000000000000000000000000000000000000000000000000000000000000000001101
000000000000000000000000000000000000000000000000000000000000000000000000000000000000001101
000000000000000000000000000000000000000000000000000000000000000000000000000000000000001101
000000000000000000000000000000000000000000000000000000000000000000000000000000000000001101
000000000000000000000000000000000000000000000000000000000000000000000000000000000000001101
000000000000000000000000000000000000000000000000000000000000000000000000000000000000001101
111111111111111111111111111111111111111111111111111111111111111111111111111111111111110101
111111111111111111111111111111111111111111111111111111111111111111111111111111111111111001
000000000000000000000000000000000000000000000000000000000000000000000000000000000000000001
111111111111111111111111111111111111111111111111111111111111111111111111111111111111111110
