0110100000010000000100101000100000001000
1010100000010000000100101000100000001000
1100100000010000000100101000100000001000
0000100000010000000100101000100000001000
1111000000010000000100101000100000001000
0000000000010000000100101000100000001000
0000000000010000000100101000100000001000
0000000000010000000100101000100000001000
0000000000010000000100101000100000001000
0000000000010000000100101000100000001000
0000000000010000000100101000100000001000
1111111111100000000100101000100000001000
0000000000000000000100101000100000001000
0000000000000000000100101000100000001000
0000000000000000000100101000100000001000
0000000000000000000100101000100000001000
0000000000000000000100101000100000001000
0000000000000000000100101000100000001000
0000000000000000000100101000100000001000
1111111111111111111000101000100000001000
0000000000000000000000101000100000001000
0000000000000000000000101000100000001000
1111111111111111111111001000100000001000
0000000000000000000000001000100000001000
1111111111111111111111110000100000001000
0000000000000000000000000000100000001000
0000000000000000000000000000100000001000
0000000000000000000000000000100000001000
1111111111111111111111111111000000001000
0000000000000000000000000000000000001000
0000000000000000000000000000000000001000
0000000000000000000000000000000000001000
0000000000000000000000000000000000001000
0000000000000000000000000000000000001000
0000000000000000000000000000000000001000
0000000000000000000000000000000000001000
1111111111111111111111111111111111110000
0000000000000000000000000000000000000000
0000000000000000000000000000000000000000
0000000000000000000000000000000000000000
