0000100001100000110010001101100000000010001111100010000101000010100100000000000000100010000001010010
0000100001100000110010001101100000000010001111100010000101000010100100000000000000100010000001010010
0000100001100000110010001101100000000010001111100010000101000010100100000000000000100010000001010010
0000100001100000110010001101100000000010001111100010000101000010100100000000000000100010000001010010
1111000001100000110010001101100000000010001111100010000101000010100100000000000000100010000001010010
0000000001100000110010001101100000000010001111100010000101000010100100000000000000100010000001010010
0000000001100000110010001101100000000010001111100010000101000010100100000000000000100010000001010010
0000000001100000110010001101100000000010001111100010000101000010100100000000000000100010000001010010
0000000001100000110010001101100000000010001111100010000101000010100100000000000000100010000001010010
1111111110100000110010001101100000000010001111100010000101000010100100000000000000100010000001010010
1111111111000000110010001101100000000010001111100010000101000010100100000000000000100010000001010010
0000000000000000110010001101100000000010001111100010000101000010100100000000000000100010000001010010
0000000000000000110010001101100000000010001111100010000101000010100100000000000000100010000001010010
0000000000000000110010001101100000000010001111100010000101000010100100000000000000100010000001010010
0000000000000000110010001101100000000010001111100010000101000010100100000000000000100010000001010010
0000000000000000110010001101100000000010001111100010000101000010100100000000000000100010000001010010
1111111111111111010010001101100000000010001111100010000101000010100100000000000000100010000001010010
1111111111111111100010001101100000000010001111100010000101000010100100000000000000100010000001010010
0000000000000000000010001101100000000010001111100010000101000010100100000000000000100010000001010010
0000000000000000000010001101100000000010001111100010000101000010100100000000000000100010000001010010
1111111111111111111100001101100000000010001111100010000101000010100100000000000000100010000001010010
0000000000000000000000001101100000000010001111100010000101000010100100000000000000100010000001010010
0000000000000000000000001101100000000010001111100010000101000010100100000000000000100010000001010010
0000000000000000000000001101100000000010001111100010000101000010100100000000000000100010000001010010
1111111111111111111111110101100000000010001111100010000101000010100100000000000000100010000001010010
1111111111111111111111111001100000000010001111100010000101000010100100000000000000100010000001010010
0000000000000000000000000001100000000010001111100010000101000010100100000000000000100010000001010010
1111111111111111111111111110100000000010001111100010000101000010100100000000000000100010000001010010
1111111111111111111111111111000000000010001111100010000101000010100100000000000000100010000001010010
0000000000000000000000000000000000000010001111100010000101000010100100000000000000100010000001010010
0000000000000000000000000000000000000010001111100010000101000010100100000000000000100010000001010010
0000000000000000000000000000000000000010001111100010000101000010100100000000000000100010000001010010
0000000000000000000000000000000000000010001111100010000101000010100100000000000000100010000001010010
0000000000000000000000000000000000000010001111100010000101000010100100000000000000100010000001010010
0000000000000000000000000000000000000010001111100010000101000010100100000000000000100010000001010010
0000000000000000000000000000000000000010001111100010000101000010100100000000000000100010000001010010
0000000000000000000000000000000000000010001111100010000101000010100100000000000000100010000001010010
0000000000000000000000000000000000000010001111100010000101000010100100000000000000100010000001010010
1111111111111111111111111111111111111100001111100010000101000010100100000000000000100010000001010010
0000000000000000000000000000000000000000001111100010000101000010100100000000000000100010000001010010
0000000000000000000000000000000000000000001111100010000101000010100100000000000000100010000001010010
0000000000000000000000000000000000000000001111100010000101000010100100000000000000100010000001010010
1111111111111111111111111111111111111111110111100010000101000010100100000000000000100010000001010010
1111111111111111111111111111111111111111111011100010000101000010100100000000000000100010000001010010
1111111111111111111111111111111111111111111101100010000101000010100100000000000000100010000001010010
1111111111111111111111111111111111111111111110100010000101000010100100000000000000100010000001010010
1111111111111111111111111111111111111111111111000010000101000010100100000000000000100010000001010010
0000000000000000000000000000000000000000000000000010000101000010100100000000000000100010000001010010
0000000000000000000000000000000000000000000000000010000101000010100100000000000000100010000001010010
0000000000000000000000000000000000000000000000000010000101000010100100000000000000100010000001010010
1111111111111111111111111111111111111111111111111100000101000010100100000000000000100010000001010010
0000000000000000000000000000000000000000000000000000000101000010100100000000000000100010000001010010
0000000000000000000000000000000000000000000000000000000101000010100100000000000000100010000001010010
0000000000000000000000000000000000000000000000000000000101000010100100000000000000100010000001010010
0000000000000000000000000000000000000000000000000000000101000010100100000000000000100010000001010010
1111111111111111111111111111111111111111111111111111111001000010100100000000000000100010000001010010
0000000000000000000000000000000000000000000000000000000001000010100100000000000000100010000001010010
1111111111111111111111111111111111111111111111111111111110000010100100000000000000100010000001010010
0000000000000000000000000000000000000000000000000000000000000010100100000000000000100010000001010010
0000000000000000000000000000000000000000000000000000000000000010100100000000000000100010000001010010
0000000000000000000000000000000000000000000000000000000000000010100100000000000000100010000001010010
0000000000000000000000000000000000000000000000000000000000000010100100000000000000100010000001010010
1111111111111111111111111111111111111111111111111111111111111100100100000000000000100010000001010010
0000000000000000000000000000000000000000000000000000000000000000100100000000000000100010000001010010
1111111111111111111111111111111111111111111111111111111111111111000100000000000000100010000001010010
0000000000000000000000000000000000000000000000000000000000000000000100000000000000100010000001010010
0000000000000000000000000000000000000000000000000000000000000000000100000000000000100010000001010010
1111111111111111111111111111111111111111111111111111111111111111111000000000000000100010000001010010
0000000000000000000000000000000000000000000000000000000000000000000000000000000000100010000001010010
0000000000000000000000000000000000000000000000000000000000000000000000000000000000100010000001010010
0000000000000000000000000000000000000000000000000000000000000000000000000000000000100010000001010010
0000000000000000000000000000000000000000000000000000000000000000000000000000000000100010000001010010
0000000000000000000000000000000000000000000000000000000000000000000000000000000000100010000001010010
0000000000000000000000000000000000000000000000000000000000000000000000000000000000100010000001010010
0000000000000000000000000000000000000000000000000000000000000000000000000000000000100010000001010010
0000000000000000000000000000000000000000000000000000000000000000000000000000000000100010000001010010
0000000000000000000000000000000000000000000000000000000000000000000000000000000000100010000001010010
0000000000000000000000000000000000000000000000000000000000000000000000000000000000100010000001010010
0000000000000000000000000000000000000000000000000000000000000000000000000000000000100010000001010010
0000000000000000000000000000000000000000000000000000000000000000000000000000000000100010000001010010
0000000000000000000000000000000000000000000000000000000000000000000000000000000000100010000001010010
0000000000000000000000000000000000000000000000000000000000000000000000000000000000100010000001010010
1111111111111111111111111111111111111111111111111111111111111111111111111111111111000010000001010010
0000000000000000000000000000000000000000000000000000000000000000000000000000000000000010000001010010
0000000000000000000000000000000000000000000000000000000000000000000000000000000000000010000001010010
0000000000000000000000000000000000000000000000000000000000000000000000000000000000000010000001010010
1111111111111111111111111111111111111111111111111111111111111111111111111111111111111100000001010010
0000000000000000000000000000000000000000000000000000000000000000000000000000000000000000000001010010
0000000000000000000000000000000000000000000000000000000000000000000000000000000000000000000001010010
0000000000000000000000000000000000000000000000000000000000000000000000000000000000000000000001010010
0000000000000000000000000000000000000000000000000000000000000000000000000000000000000000000001010010
0000000000000000000000000000000000000000000000000000000000000000000000000000000000000000000001010010
0000000000000000000000000000000000000000000000000000000000000000000000000000000000000000000001010010
1111111111111111111111111111111111111111111111111111111111111111111111111111111111111111111110010010
0000000000000000000000000000000000000000000000000000000000000000000000000000000000000000000000010010
1111111111111111111111111111111111111111111111111111111111111111111111111111111111111111111111100010
0000000000000000000000000000000000000000000000000000000000000000000000000000000000000000000000000010
0000000000000000000000000000000000000000000000000000000000000000000000000000000000000000000000000010
1111111111111111111111111111111111111111111111111111111111111111111111111111111111111111111111111100
0000000000000000000000000000000000000000000000000000000000000000000000000000000000000000000000000000
