0101100101111001001011000101101011101010111010101101100110001010000100111101001000001000010011101100
1001100101111001001011000101101011101010111010101101100110001010000100111101001000001000010011101100
0001100101111001001011000101101011101010111010101101100110001010000100111101001000001000010011101100
1110100101111001001011000101101011101010111010101101100110001010000100111101001000001000010011101100
1111000101111001001011000101101011101010111010101101100110001010000100111101001000001000010011101100
0000000101111001001011000101101011101010111010101101100110001010000100111101001000001000010011101100
0000000101111001001011000101101011101010111010101101100110001010000100111101001000001000010011101100
1111111001111001001011000101101011101010111010101101100110001010000100111101001000001000010011101100
0000000001111001001011000101101011101010111010101101100110001010000100111101001000001000010011101100
1111111110111001001011000101101011101010111010101101100110001010000100111101001000001000010011101100
1111111111011001001011000101101011101010111010101101100110001010000100111101001000001000010011101100
1111111111101001001011000101101011101010111010101101100110001010000100111101001000001000010011101100
1111111111110001001011000101101011101010111010101101100110001010000100111101001000001000010011101100
0000000000000001001011000101101011101010111010101101100110001010000100111101001000001000010011101100
0000000000000001001011000101101011101010111010101101100110001010000100111101001000001000010011101100
1111111111111110001011000101101011101010111010101101100110001010000100111101001000001000010011101100
0000000000000000001011000101101011101010111010101101100110001010000100111101001000001000010011101100
0000000000000000001011000101101011101010111010101101100110001010000100111101001000001000010011101100
1111111111111111110011000101101011101010111010101101100110001010000100111101001000001000010011101100
0000000000000000000011000101101011101010111010101101100110001010000100111101001000001000010011101100
1111111111111111111101000101101011101010111010101101100110001010000100111101001000001000010011101100
1111111111111111111110000101101011101010111010101101100110001010000100111101001000001000010011101100
0000000000000000000000000101101011101010111010101101100110001010000100111101001000001000010011101100
0000000000000000000000000101101011101010111010101101100110001010000100111101001000001000010011101100
0000000000000000000000000101101011101010111010101101100110001010000100111101001000001000010011101100
1111111111111111111111111001101011101010111010101101100110001010000100111101001000001000010011101100
0000000000000000000000000001101011101010111010101101100110001010000100111101001000001000010011101100
1111111111111111111111111110101011101010111010101101100110001010000100111101001000001000010011101100
1111111111111111111111111111001011101010111010101101100110001010000100111101001000001000010011101100
0000000000000000000000000000001011101010111010101101100110001010000100111101001000001000010011101100
1111111111111111111111111111110011101010111010101101100110001010000100111101001000001000010011101100
0000000000000000000000000000000011101010111010101101100110001010000100111101001000001000010011101100
1111111111111111111111111111111101101010111010101101100110001010000100111101001000001000010011101100
1111111111111111111111111111111110101010111010101101100110001010000100111101001000001000010011101100
1111111111111111111111111111111111001010111010101101100110001010000100111101001000001000010011101100
0000000000000000000000000000000000001010111010101101100110001010000100111101001000001000010011101100
1111111111111111111111111111111111110010111010101101100110001010000100111101001000001000010011101100
0000000000000000000000000000000000000010111010101101100110001010000100111101001000001000010011101100
1111111111111111111111111111111111111100111010101101100110001010000100111101001000001000010011101100
0000000000000000000000000000000000000000111010101101100110001010000100111101001000001000010011101100
1111111111111111111111111111111111111111011010101101100110001010000100111101001000001000010011101100
1111111111111111111111111111111111111111101010101101100110001010000100111101001000001000010011101100
1111111111111111111111111111111111111111110010101101100110001010000100111101001000001000010011101100
0000000000000000000000000000000000000000000010101101100110001010000100111101001000001000010011101100
1111111111111111111111111111111111111111111100101101100110001010000100111101001000001000010011101100
0000000000000000000000000000000000000000000000101101100110001010000100111101001000001000010011101100
1111111111111111111111111111111111111111111111001101100110001010000100111101001000001000010011101100
0000000000000000000000000000000000000000000000001101100110001010000100111101001000001000010011101100
1111111111111111111111111111111111111111111111110101100110001010000100111101001000001000010011101100
1111111111111111111111111111111111111111111111111001100110001010000100111101001000001000010011101100
0000000000000000000000000000000000000000000000000001100110001010000100111101001000001000010011101100
1111111111111111111111111111111111111111111111111110100110001010000100111101001000001000010011101100
1111111111111111111111111111111111111111111111111111000110001010000100111101001000001000010011101100
0000000000000000000000000000000000000000000000000000000110001010000100111101001000001000010011101100
0000000000000000000000000000000000000000000000000000000110001010000100111101001000001000010011101100
1111111111111111111111111111111111111111111111111111111010001010000100111101001000001000010011101100
1111111111111111111111111111111111111111111111111111111100001010000100111101001000001000010011101100
0000000000000000000000000000000000000000000000000000000000001010000100111101001000001000010011101100
0000000000000000000000000000000000000000000000000000000000001010000100111101001000001000010011101100
0000000000000000000000000000000000000000000000000000000000001010000100111101001000001000010011101100
1111111111111111111111111111111111111111111111111111111111110010000100111101001000001000010011101100
0000000000000000000000000000000000000000000000000000000000000010000100111101001000001000010011101100
1111111111111111111111111111111111111111111111111111111111111100000100111101001000001000010011101100
0000000000000000000000000000000000000000000000000000000000000000000100111101001000001000010011101100
0000000000000000000000000000000000000000000000000000000000000000000100111101001000001000010011101100
0000000000000000000000000000000000000000000000000000000000000000000100111101001000001000010011101100
0000000000000000000000000000000000000000000000000000000000000000000100111101001000001000010011101100
1111111111111111111111111111111111111111111111111111111111111111111000111101001000001000010011101100
0000000000000000000000000000000000000000000000000000000000000000000000111101001000001000010011101100
0000000000000000000000000000000000000000000000000000000000000000000000111101001000001000010011101100
1111111111111111111111111111111111111111111111111111111111111111111111011101001000001000010011101100
1111111111111111111111111111111111111111111111111111111111111111111111101101001000001000010011101100
1111111111111111111111111111111111111111111111111111111111111111111111110101001000001000010011101100
1111111111111111111111111111111111111111111111111111111111111111111111111001001000001000010011101100
0000000000000000000000000000000000000000000000000000000000000000000000000001001000001000010011101100
1111111111111111111111111111111111111111111111111111111111111111111111111110001000001000010011101100
0000000000000000000000000000000000000000000000000000000000000000000000000000001000001000010011101100
0000000000000000000000000000000000000000000000000000000000000000000000000000001000001000010011101100
1111111111111111111111111111111111111111111111111111111111111111111111111111110000001000010011101100
0000000000000000000000000000000000000000000000000000000000000000000000000000000000001000010011101100
0000000000000000000000000000000000000000000000000000000000000000000000000000000000001000010011101100
0000000000000000000000000000000000000000000000000000000000000000000000000000000000001000010011101100
0000000000000000000000000000000000000000000000000000000000000000000000000000000000001000010011101100
0000000000000000000000000000000000000000000000000000000000000000000000000000000000001000010011101100
1111111111111111111111111111111111111111111111111111111111111111111111111111111111110000010011101100
0000000000000000000000000000000000000000000000000000000000000000000000000000000000000000010011101100
0000000000000000000000000000000000000000000000000000000000000000000000000000000000000000010011101100
0000000000000000000000000000000000000000000000000000000000000000000000000000000000000000010011101100
0000000000000000000000000000000000000000000000000000000000000000000000000000000000000000010011101100
1111111111111111111111111111111111111111111111111111111111111111111111111111111111111111100011101100
0000000000000000000000000000000000000000000000000000000000000000000000000000000000000000000011101100
0000000000000000000000000000000000000000000000000000000000000000000000000000000000000000000011101100
1111111111111111111111111111111111111111111111111111111111111111111111111111111111111111111101101100
1111111111111111111111111111111111111111111111111111111111111111111111111111111111111111111110101100
1111111111111111111111111111111111111111111111111111111111111111111111111111111111111111111111001100
0000000000000000000000000000000000000000000000000000000000000000000000000000000000000000000000001100
1111111111111111111111111111111111111111111111111111111111111111111111111111111111111111111111110100
1111111111111111111111111111111111111111111111111111111111111111111111111111111111111111111111111000
0000000000000000000000000000000000000000000000000000000000000000000000000000000000000000000000000000
0000000000000000000000000000000000000000000000000000000000000000000000000000000000000000000000000000
