0110010010110100000100000000001111100011110011010101110101101000000010
1010010010110100000100000000001111100011110011010101110101101000000010
1100010010110100000100000000001111100011110011010101110101101000000010
0000010010110100000100000000001111100011110011010101110101101000000010
0000010010110100000100000000001111100011110011010101110101101000000010
1111100010110100000100000000001111100011110011010101110101101000000010
0000000010110100000100000000001111100011110011010101110101101000000010
0000000010110100000100000000001111100011110011010101110101101000000010
1111111100110100000100000000001111100011110011010101110101101000000010
0000000000110100000100000000001111100011110011010101110101101000000010
1111111111010100000100000000001111100011110011010101110101101000000010
1111111111100100000100000000001111100011110011010101110101101000000010
0000000000000100000100000000001111100011110011010101110101101000000010
1111111111111000000100000000001111100011110011010101110101101000000010
0000000000000000000100000000001111100011110011010101110101101000000010
0000000000000000000100000000001111100011110011010101110101101000000010
0000000000000000000100000000001111100011110011010101110101101000000010
0000000000000000000100000000001111100011110011010101110101101000000010
0000000000000000000100000000001111100011110011010101110101101000000010
1111111111111111111000000000001111100011110011010101110101101000000010
0000000000000000000000000000001111100011110011010101110101101000000010
0000000000000000000000000000001111100011110011010101110101101000000010
0000000000000000000000000000001111100011110011010101110101101000000010
0000000000000000000000000000001111100011110011010101110101101000000010
0000000000000000000000000000001111100011110011010101110101101000000010
0000000000000000000000000000001111100011110011010101110101101000000010
0000000000000000000000000000001111100011110011010101110101101000000010
0000000000000000000000000000001111100011110011010101110101101000000010
0000000000000000000000000000001111100011110011010101110101101000000010
0000000000000000000000000000001111100011110011010101110101101000000010
1111111111111111111111111111110111100011110011010101110101101000000010
1111111111111111111111111111111011100011110011010101110101101000000010
1111111111111111111111111111111101100011110011010101110101101000000010
1111111111111111111111111111111110100011110011010101110101101000000010
1111111111111111111111111111111111000011110011010101110101101000000010
0000000000000000000000000000000000000011110011010101110101101000000010
0000000000000000000000000000000000000011110011010101110101101000000010
0000000000000000000000000000000000000011110011010101110101101000000010
1111111111111111111111111111111111111101110011010101110101101000000010
1111111111111111111111111111111111111110110011010101110101101000000010
1111111111111111111111111111111111111111010011010101110101101000000010
1111111111111111111111111111111111111111100011010101110101101000000010
0000000000000000000000000000000000000000000011010101110101101000000010
0000000000000000000000000000000000000000000011010101110101101000000010
1111111111111111111111111111111111111111111101010101110101101000000010
1111111111111111111111111111111111111111111110010101110101101000000010
0000000000000000000000000000000000000000000000010101110101101000000010
1111111111111111111111111111111111111111111111100101110101101000000010
0000000000000000000000000000000000000000000000000101110101101000000010
1111111111111111111111111111111111111111111111111001110101101000000010
0000000000000000000000000000000000000000000000000001110101101000000010
1111111111111111111111111111111111111111111111111110110101101000000010
1111111111111111111111111111111111111111111111111111010101101000000010
1111111111111111111111111111111111111111111111111111100101101000000010
0000000000000000000000000000000000000000000000000000000101101000000010
1111111111111111111111111111111111111111111111111111111001101000000010
0000000000000000000000000000000000000000000000000000000001101000000010
1111111111111111111111111111111111111111111111111111111110101000000010
1111111111111111111111111111111111111111111111111111111111001000000010
0000000000000000000000000000000000000000000000000000000000001000000010
1111111111111111111111111111111111111111111111111111111111110000000010
0000000000000000000000000000000000000000000000000000000000000000000010
0000000000000000000000000000000000000000000000000000000000000000000010
0000000000000000000000000000000000000000000000000000000000000000000010
0000000000000000000000000000000000000000000000000000000000000000000010
0000000000000000000000000000000000000000000000000000000000000000000010
0000000000000000000000000000000000000000000000000000000000000000000010
0000000000000000000000000000000000000000000000000000000000000000000010
1111111111111111111111111111111111111111111111111111111111111111111100
0000000000000000000000000000000000000000000000000000000000000000000000
