00101111101011111111101111111111011011111111110111111101111111101111111111111111
00101111101011111111101111111111011011111111110111111101111111101111111111111111
11001111101011111111101111111111011011111111110111111101111111101111111111111111
00001111101011111111101111111111011011111111110111111101111111101111111111111111
11110111101011111111101111111111011011111111110111111101111111101111111111111111
11111011101011111111101111111111011011111111110111111101111111101111111111111111
11111101101011111111101111111111011011111111110111111101111111101111111111111111
11111110101011111111101111111111011011111111110111111101111111101111111111111111
11111111001011111111101111111111011011111111110111111101111111101111111111111111
00000000001011111111101111111111011011111111110111111101111111101111111111111111
11111111110011111111101111111111011011111111110111111101111111101111111111111111
00000000000011111111101111111111011011111111110111111101111111101111111111111111
11111111111101111111101111111111011011111111110111111101111111101111111111111111
11111111111110111111101111111111011011111111110111111101111111101111111111111111
11111111111111011111101111111111011011111111110111111101111111101111111111111111
11111111111111101111101111111111011011111111110111111101111111101111111111111111
11111111111111110111101111111111011011111111110111111101111111101111111111111111
11111111111111111011101111111111011011111111110111111101111111101111111111111111
11111111111111111101101111111111011011111111110111111101111111101111111111111111
11111111111111111110101111111111011011111111110111111101111111101111111111111111
11111111111111111111001111111111011011111111110111111101111111101111111111111111
00000000000000000000001111111111011011111111110111111101111111101111111111111111
11111111111111111111110111111111011011111111110111111101111111101111111111111111
11111111111111111111111011111111011011111111110111111101111111101111111111111111
11111111111111111111111101111111011011111111110111111101111111101111111111111111
11111111111111111111111110111111011011111111110111111101111111101111111111111111
11111111111111111111111111011111011011111111110111111101111111101111111111111111
11111111111111111111111111101111011011111111110111111101111111101111111111111111
11111111111111111111111111110111011011111111110111111101111111101111111111111111
11111111111111111111111111111011011011111111110111111101111111101111111111111111
11111111111111111111111111111101011011111111110111111101111111101111111111111111
11111111111111111111111111111110011011111111110111111101111111101111111111111111
00000000000000000000000000000000011011111111110111111101111111101111111111111111
11111111111111111111111111111111101011111111110111111101111111101111111111111111
11111111111111111111111111111111110011111111110111111101111111101111111111111111
00000000000000000000000000000000000011111111110111111101111111101111111111111111
11111111111111111111111111111111111101111111110111111101111111101111111111111111
11111111111111111111111111111111111110111111110111111101111111101111111111111111
11111111111111111111111111111111111111011111110111111101111111101111111111111111
11111111111111111111111111111111111111101111110111111101111111101111111111111111
11111111111111111111111111111111111111110111110111111101111111101111111111111111
11111111111111111111111111111111111111111011110111111101111111101111111111111111
11111111111111111111111111111111111111111101110111111101111111101111111111111111
11111111111111111111111111111111111111111110110111111101111111101111111111111111
11111111111111111111111111111111111111111111010111111101111111101111111111111111
11111111111111111111111111111111111111111111100111111101111111101111111111111111
00000000000000000000000000000000000000000000000111111101111111101111111111111111
11111111111111111111111111111111111111111111111011111101111111101111111111111111
11111111111111111111111111111111111111111111111101111101111111101111111111111111
11111111111111111111111111111111111111111111111110111101111111101111111111111111
11111111111111111111111111111111111111111111111111011101111111101111111111111111
11111111111111111111111111111111111111111111111111101101111111101111111111111111
11111111111111111111111111111111111111111111111111110101111111101111111111111111
11111111111111111111111111111111111111111111111111111001111111101111111111111111
00000000000000000000000000000000000000000000000000000001111111101111111111111111
11111111111111111111111111111111111111111111111111111110111111101111111111111111
11111111111111111111111111111111111111111111111111111111011111101111111111111111
11111111111111111111111111111111111111111111111111111111101111101111111111111111
11111111111111111111111111111111111111111111111111111111110111101111111111111111
11111111111111111111111111111111111111111111111111111111111011101111111111111111
11111111111111111111111111111111111111111111111111111111111101101111111111111111
11111111111111111111111111111111111111111111111111111111111110101111111111111111
11111111111111111111111111111111111111111111111111111111111111001111111111111111
00000000000000000000000000000000000000000000000000000000000000001111111111111111
11111111111111111111111111111111111111111111111111111111111111110111111111111111
11111111111111111111111111111111111111111111111111111111111111111011111111111111
11111111111111111111111111111111111111111111111111111111111111111101111111111111
11111111111111111111111111111111111111111111111111111111111111111110111111111111
11111111111111111111111111111111111111111111111111111111111111111111011111111111
11111111111111111111111111111111111111111111111111111111111111111111101111111111
11111111111111111111111111111111111111111111111111111111111111111111110111111111
11111111111111111111111111111111111111111111111111111111111111111111111011111111
11111111111111111111111111111111111111111111111111111111111111111111111101111111
11111111111111111111111111111111111111111111111111111111111111111111111110111111
11111111111111111111111111111111111111111111111111111111111111111111111111011111
11111111111111111111111111111111111111111111111111111111111111111111111111101111
11111111111111111111111111111111111111111111111111111111111111111111111111110111
11111111111111111111111111111111111111111111111111111111111111111111111111111011
11111111111111111111111111111111111111111111111111111111111111111111111111111101
11111111111111111111111111111111111111111111111111111111111111111111111111111110
