01101100100010111000111111000100000101101101101011111110001011010111111100000100
10101100100010111000111111000100000101101101101011111110001011010111111100000100
11001100100010111000111111000100000101101101101011111110001011010111111100000100
00001100100010111000111111000100000101101101101011111110001011010111111100000100
11110100100010111000111111000100000101101101101011111110001011010111111100000100
11111000100010111000111111000100000101101101101011111110001011010111111100000100
00000000100010111000111111000100000101101101101011111110001011010111111100000100
00000000100010111000111111000100000101101101101011111110001011010111111100000100
11111111000010111000111111000100000101101101101011111110001011010111111100000100
00000000000010111000111111000100000101101101101011111110001011010111111100000100
00000000000010111000111111000100000101101101101011111110001011010111111100000100
00000000000010111000111111000100000101101101101011111110001011010111111100000100
11111111111100111000111111000100000101101101101011111110001011010111111100000100
00000000000000111000111111000100000101101101101011111110001011010111111100000100
11111111111111011000111111000100000101101101101011111110001011010111111100000100
11111111111111101000111111000100000101101101101011111110001011010111111100000100
11111111111111110000111111000100000101101101101011111110001011010111111100000100
00000000000000000000111111000100000101101101101011111110001011010111111100000100
00000000000000000000111111000100000101101101101011111110001011010111111100000100
00000000000000000000111111000100000101101101101011111110001011010111111100000100
11111111111111111111011111000100000101101101101011111110001011010111111100000100
11111111111111111111101111000100000101101101101011111110001011010111111100000100
11111111111111111111110111000100000101101101101011111110001011010111111100000100
11111111111111111111111011000100000101101101101011111110001011010111111100000100
11111111111111111111111101000100000101101101101011111110001011010111111100000100
11111111111111111111111110000100000101101101101011111110001011010111111100000100
00000000000000000000000000000100000101101101101011111110001011010111111100000100
00000000000000000000000000000100000101101101101011111110001011010111111100000100
00000000000000000000000000000100000101101101101011111110001011010111111100000100
11111111111111111111111111111000000101101101101011111110001011010111111100000100
00000000000000000000000000000000000101101101101011111110001011010111111100000100
00000000000000000000000000000000000101101101101011111110001011010111111100000100
00000000000000000000000000000000000101101101101011111110001011010111111100000100
00000000000000000000000000000000000101101101101011111110001011010111111100000100
00000000000000000000000000000000000101101101101011111110001011010111111100000100
11111111111111111111111111111111111001101101101011111110001011010111111100000100
00000000000000000000000000000000000001101101101011111110001011010111111100000100
11111111111111111111111111111111111110101101101011111110001011010111111100000100
11111111111111111111111111111111111111001101101011111110001011010111111100000100
00000000000000000000000000000000000000001101101011111110001011010111111100000100
11111111111111111111111111111111111111110101101011111110001011010111111100000100
11111111111111111111111111111111111111111001101011111110001011010111111100000100
00000000000000000000000000000000000000000001101011111110001011010111111100000100
11111111111111111111111111111111111111111110101011111110001011010111111100000100
11111111111111111111111111111111111111111111001011111110001011010111111100000100
00000000000000000000000000000000000000000000001011111110001011010111111100000100
11111111111111111111111111111111111111111111110011111110001011010111111100000100
00000000000000000000000000000000000000000000000011111110001011010111111100000100
11111111111111111111111111111111111111111111111101111110001011010111111100000100
11111111111111111111111111111111111111111111111110111110001011010111111100000100
11111111111111111111111111111111111111111111111111011110001011010111111100000100
11111111111111111111111111111111111111111111111111101110001011010111111100000100
11111111111111111111111111111111111111111111111111110110001011010111111100000100
11111111111111111111111111111111111111111111111111111010001011010111111100000100
11111111111111111111111111111111111111111111111111111100001011010111111100000100
00000000000000000000000000000000000000000000000000000000001011010111111100000100
00000000000000000000000000000000000000000000000000000000001011010111111100000100
00000000000000000000000000000000000000000000000000000000001011010111111100000100
11111111111111111111111111111111111111111111111111111111110011010111111100000100
00000000000000000000000000000000000000000000000000000000000011010111111100000100
11111111111111111111111111111111111111111111111111111111111101010111111100000100
11111111111111111111111111111111111111111111111111111111111110010111111100000100
00000000000000000000000000000000000000000000000000000000000000010111111100000100
11111111111111111111111111111111111111111111111111111111111111100111111100000100
00000000000000000000000000000000000000000000000000000000000000000111111100000100
11111111111111111111111111111111111111111111111111111111111111111011111100000100
11111111111111111111111111111111111111111111111111111111111111111101111100000100
11111111111111111111111111111111111111111111111111111111111111111110111100000100
11111111111111111111111111111111111111111111111111111111111111111111011100000100
11111111111111111111111111111111111111111111111111111111111111111111101100000100
11111111111111111111111111111111111111111111111111111111111111111111110100000100
11111111111111111111111111111111111111111111111111111111111111111111111000000100
00000000000000000000000000000000000000000000000000000000000000000000000000000100
00000000000000000000000000000000000000000000000000000000000000000000000000000100
00000000000000000000000000000000000000000000000000000000000000000000000000000100
00000000000000000000000000000000000000000000000000000000000000000000000000000100
00000000000000000000000000000000000000000000000000000000000000000000000000000100
11111111111111111111111111111111111111111111111111111111111111111111111111111000
00000000000000000000000000000000000000000000000000000000000000000000000000000000
00000000000000000000000000000000000000000000000000000000000000000000000000000000
