01001000000011110101101011010101111100111111011110
10001000000011110101101011010101111100111111011110
00001000000011110101101011010101111100111111011110
00001000000011110101101011010101111100111111011110
11110000000011110101101011010101111100111111011110
00000000000011110101101011010101111100111111011110
00000000000011110101101011010101111100111111011110
00000000000011110101101011010101111100111111011110
00000000000011110101101011010101111100111111011110
00000000000011110101101011010101111100111111011110
00000000000011110101101011010101111100111111011110
00000000000011110101101011010101111100111111011110
11111111111101110101101011010101111100111111011110
11111111111110110101101011010101111100111111011110
11111111111111010101101011010101111100111111011110
11111111111111100101101011010101111100111111011110
00000000000000000101101011010101111100111111011110
11111111111111111001101011010101111100111111011110
00000000000000000001101011010101111100111111011110
11111111111111111110101011010101111100111111011110
11111111111111111111001011010101111100111111011110
00000000000000000000001011010101111100111111011110
11111111111111111111110011010101111100111111011110
00000000000000000000000011010101111100111111011110
11111111111111111111111101010101111100111111011110
11111111111111111111111110010101111100111111011110
00000000000000000000000000010101111100111111011110
11111111111111111111111111100101111100111111011110
00000000000000000000000000000101111100111111011110
11111111111111111111111111111001111100111111011110
00000000000000000000000000000001111100111111011110
11111111111111111111111111111110111100111111011110
11111111111111111111111111111111011100111111011110
11111111111111111111111111111111101100111111011110
11111111111111111111111111111111110100111111011110
11111111111111111111111111111111111000111111011110
00000000000000000000000000000000000000111111011110
00000000000000000000000000000000000000111111011110
11111111111111111111111111111111111111011111011110
11111111111111111111111111111111111111101111011110
11111111111111111111111111111111111111110111011110
11111111111111111111111111111111111111111011011110
11111111111111111111111111111111111111111101011110
11111111111111111111111111111111111111111110011110
00000000000000000000000000000000000000000000011110
11111111111111111111111111111111111111111111101110
11111111111111111111111111111111111111111111110110
11111111111111111111111111111111111111111111111010
11111111111111111111111111111111111111111111111100
00000000000000000000000000000000000000000000000000
