00101000011000000011011101010110001101010100110010010010000100001001111000000110100000110001011100010001111011111000000100010110111011101001010011000100111011000011010110101000101110010110110010100000
00101000011000000011011101010110001101010100110010010010000100001001111000000110100000110001011100010001111011111000000100010110111011101001010011000100111011000011010110101000101110010110110010100000
11001000011000000011011101010110001101010100110010010010000100001001111000000110100000110001011100010001111011111000000100010110111011101001010011000100111011000011010110101000101110010110110010100000
00001000011000000011011101010110001101010100110010010010000100001001111000000110100000110001011100010001111011111000000100010110111011101001010011000100111011000011010110101000101110010110110010100000
11110000011000000011011101010110001101010100110010010010000100001001111000000110100000110001011100010001111011111000000100010110111011101001010011000100111011000011010110101000101110010110110010100000
00000000011000000011011101010110001101010100110010010010000100001001111000000110100000110001011100010001111011111000000100010110111011101001010011000100111011000011010110101000101110010110110010100000
00000000011000000011011101010110001101010100110010010010000100001001111000000110100000110001011100010001111011111000000100010110111011101001010011000100111011000011010110101000101110010110110010100000
00000000011000000011011101010110001101010100110010010010000100001001111000000110100000110001011100010001111011111000000100010110111011101001010011000100111011000011010110101000101110010110110010100000
00000000011000000011011101010110001101010100110010010010000100001001111000000110100000110001011100010001111011111000000100010110111011101001010011000100111011000011010110101000101110010110110010100000
11111111101000000011011101010110001101010100110010010010000100001001111000000110100000110001011100010001111011111000000100010110111011101001010011000100111011000011010110101000101110010110110010100000
11111111110000000011011101010110001101010100110010010010000100001001111000000110100000110001011100010001111011111000000100010110111011101001010011000100111011000011010110101000101110010110110010100000
00000000000000000011011101010110001101010100110010010010000100001001111000000110100000110001011100010001111011111000000100010110111011101001010011000100111011000011010110101000101110010110110010100000
00000000000000000011011101010110001101010100110010010010000100001001111000000110100000110001011100010001111011111000000100010110111011101001010011000100111011000011010110101000101110010110110010100000
00000000000000000011011101010110001101010100110010010010000100001001111000000110100000110001011100010001111011111000000100010110111011101001010011000100111011000011010110101000101110010110110010100000
00000000000000000011011101010110001101010100110010010010000100001001111000000110100000110001011100010001111011111000000100010110111011101001010011000100111011000011010110101000101110010110110010100000
00000000000000000011011101010110001101010100110010010010000100001001111000000110100000110001011100010001111011111000000100010110111011101001010011000100111011000011010110101000101110010110110010100000
00000000000000000011011101010110001101010100110010010010000100001001111000000110100000110001011100010001111011111000000100010110111011101001010011000100111011000011010110101000101110010110110010100000
00000000000000000011011101010110001101010100110010010010000100001001111000000110100000110001011100010001111011111000000100010110111011101001010011000100111011000011010110101000101110010110110010100000
11111111111111111101011101010110001101010100110010010010000100001001111000000110100000110001011100010001111011111000000100010110111011101001010011000100111011000011010110101000101110010110110010100000
11111111111111111110011101010110001101010100110010010010000100001001111000000110100000110001011100010001111011111000000100010110111011101001010011000100111011000011010110101000101110010110110010100000
00000000000000000000011101010110001101010100110010010010000100001001111000000110100000110001011100010001111011111000000100010110111011101001010011000100111011000011010110101000101110010110110010100000
11111111111111111111101101010110001101010100110010010010000100001001111000000110100000110001011100010001111011111000000100010110111011101001010011000100111011000011010110101000101110010110110010100000
11111111111111111111110101010110001101010100110010010010000100001001111000000110100000110001011100010001111011111000000100010110111011101001010011000100111011000011010110101000101110010110110010100000
11111111111111111111111001010110001101010100110010010010000100001001111000000110100000110001011100010001111011111000000100010110111011101001010011000100111011000011010110101000101110010110110010100000
00000000000000000000000001010110001101010100110010010010000100001001111000000110100000110001011100010001111011111000000100010110111011101001010011000100111011000011010110101000101110010110110010100000
11111111111111111111111110010110001101010100110010010010000100001001111000000110100000110001011100010001111011111000000100010110111011101001010011000100111011000011010110101000101110010110110010100000
00000000000000000000000000010110001101010100110010010010000100001001111000000110100000110001011100010001111011111000000100010110111011101001010011000100111011000011010110101000101110010110110010100000
11111111111111111111111111100110001101010100110010010010000100001001111000000110100000110001011100010001111011111000000100010110111011101001010011000100111011000011010110101000101110010110110010100000
00000000000000000000000000000110001101010100110010010010000100001001111000000110100000110001011100010001111011111000000100010110111011101001010011000100111011000011010110101000101110010110110010100000
11111111111111111111111111111010001101010100110010010010000100001001111000000110100000110001011100010001111011111000000100010110111011101001010011000100111011000011010110101000101110010110110010100000
11111111111111111111111111111100001101010100110010010010000100001001111000000110100000110001011100010001111011111000000100010110111011101001010011000100111011000011010110101000101110010110110010100000
00000000000000000000000000000000001101010100110010010010000100001001111000000110100000110001011100010001111011111000000100010110111011101001010011000100111011000011010110101000101110010110110010100000
00000000000000000000000000000000001101010100110010010010000100001001111000000110100000110001011100010001111011111000000100010110111011101001010011000100111011000011010110101000101110010110110010100000
00000000000000000000000000000000001101010100110010010010000100001001111000000110100000110001011100010001111011111000000100010110111011101001010011000100111011000011010110101000101110010110110010100000
11111111111111111111111111111111110101010100110010010010000100001001111000000110100000110001011100010001111011111000000100010110111011101001010011000100111011000011010110101000101110010110110010100000
11111111111111111111111111111111111001010100110010010010000100001001111000000110100000110001011100010001111011111000000100010110111011101001010011000100111011000011010110101000101110010110110010100000
00000000000000000000000000000000000001010100110010010010000100001001111000000110100000110001011100010001111011111000000100010110111011101001010011000100111011000011010110101000101110010110110010100000
11111111111111111111111111111111111110010100110010010010000100001001111000000110100000110001011100010001111011111000000100010110111011101001010011000100111011000011010110101000101110010110110010100000
00000000000000000000000000000000000000010100110010010010000100001001111000000110100000110001011100010001111011111000000100010110111011101001010011000100111011000011010110101000101110010110110010100000
11111111111111111111111111111111111111100100110010010010000100001001111000000110100000110001011100010001111011111000000100010110111011101001010011000100111011000011010110101000101110010110110010100000
00000000000000000000000000000000000000000100110010010010000100001001111000000110100000110001011100010001111011111000000100010110111011101001010011000100111011000011010110101000101110010110110010100000
11111111111111111111111111111111111111111000110010010010000100001001111000000110100000110001011100010001111011111000000100010110111011101001010011000100111011000011010110101000101110010110110010100000
00000000000000000000000000000000000000000000110010010010000100001001111000000110100000110001011100010001111011111000000100010110111011101001010011000100111011000011010110101000101110010110110010100000
00000000000000000000000000000000000000000000110010010010000100001001111000000110100000110001011100010001111011111000000100010110111011101001010011000100111011000011010110101000101110010110110010100000
11111111111111111111111111111111111111111111010010010010000100001001111000000110100000110001011100010001111011111000000100010110111011101001010011000100111011000011010110101000101110010110110010100000
11111111111111111111111111111111111111111111100010010010000100001001111000000110100000110001011100010001111011111000000100010110111011101001010011000100111011000011010110101000101110010110110010100000
00000000000000000000000000000000000000000000000010010010000100001001111000000110100000110001011100010001111011111000000100010110111011101001010011000100111011000011010110101000101110010110110010100000
00000000000000000000000000000000000000000000000010010010000100001001111000000110100000110001011100010001111011111000000100010110111011101001010011000100111011000011010110101000101110010110110010100000
11111111111111111111111111111111111111111111111100010010000100001001111000000110100000110001011100010001111011111000000100010110111011101001010011000100111011000011010110101000101110010110110010100000
00000000000000000000000000000000000000000000000000010010000100001001111000000110100000110001011100010001111011111000000100010110111011101001010011000100111011000011010110101000101110010110110010100000
00000000000000000000000000000000000000000000000000010010000100001001111000000110100000110001011100010001111011111000000100010110111011101001010011000100111011000011010110101000101110010110110010100000
11111111111111111111111111111111111111111111111111100010000100001001111000000110100000110001011100010001111011111000000100010110111011101001010011000100111011000011010110101000101110010110110010100000
00000000000000000000000000000000000000000000000000000010000100001001111000000110100000110001011100010001111011111000000100010110111011101001010011000100111011000011010110101000101110010110110010100000
00000000000000000000000000000000000000000000000000000010000100001001111000000110100000110001011100010001111011111000000100010110111011101001010011000100111011000011010110101000101110010110110010100000
11111111111111111111111111111111111111111111111111111100000100001001111000000110100000110001011100010001111011111000000100010110111011101001010011000100111011000011010110101000101110010110110010100000
00000000000000000000000000000000000000000000000000000000000100001001111000000110100000110001011100010001111011111000000100010110111011101001010011000100111011000011010110101000101110010110110010100000
00000000000000000000000000000000000000000000000000000000000100001001111000000110100000110001011100010001111011111000000100010110111011101001010011000100111011000011010110101000101110010110110010100000
00000000000000000000000000000000000000000000000000000000000100001001111000000110100000110001011100010001111011111000000100010110111011101001010011000100111011000011010110101000101110010110110010100000
00000000000000000000000000000000000000000000000000000000000100001001111000000110100000110001011100010001111011111000000100010110111011101001010011000100111011000011010110101000101110010110110010100000
11111111111111111111111111111111111111111111111111111111111000001001111000000110100000110001011100010001111011111000000100010110111011101001010011000100111011000011010110101000101110010110110010100000
00000000000000000000000000000000000000000000000000000000000000001001111000000110100000110001011100010001111011111000000100010110111011101001010011000100111011000011010110101000101110010110110010100000
00000000000000000000000000000000000000000000000000000000000000001001111000000110100000110001011100010001111011111000000100010110111011101001010011000100111011000011010110101000101110010110110010100000
00000000000000000000000000000000000000000000000000000000000000001001111000000110100000110001011100010001111011111000000100010110111011101001010011000100111011000011010110101000101110010110110010100000
00000000000000000000000000000000000000000000000000000000000000001001111000000110100000110001011100010001111011111000000100010110111011101001010011000100111011000011010110101000101110010110110010100000
11111111111111111111111111111111111111111111111111111111111111110001111000000110100000110001011100010001111011111000000100010110111011101001010011000100111011000011010110101000101110010110110010100000
00000000000000000000000000000000000000000000000000000000000000000001111000000110100000110001011100010001111011111000000100010110111011101001010011000100111011000011010110101000101110010110110010100000
00000000000000000000000000000000000000000000000000000000000000000001111000000110100000110001011100010001111011111000000100010110111011101001010011000100111011000011010110101000101110010110110010100000
11111111111111111111111111111111111111111111111111111111111111111110111000000110100000110001011100010001111011111000000100010110111011101001010011000100111011000011010110101000101110010110110010100000
11111111111111111111111111111111111111111111111111111111111111111111011000000110100000110001011100010001111011111000000100010110111011101001010011000100111011000011010110101000101110010110110010100000
11111111111111111111111111111111111111111111111111111111111111111111101000000110100000110001011100010001111011111000000100010110111011101001010011000100111011000011010110101000101110010110110010100000
11111111111111111111111111111111111111111111111111111111111111111111110000000110100000110001011100010001111011111000000100010110111011101001010011000100111011000011010110101000101110010110110010100000
00000000000000000000000000000000000000000000000000000000000000000000000000000110100000110001011100010001111011111000000100010110111011101001010011000100111011000011010110101000101110010110110010100000
00000000000000000000000000000000000000000000000000000000000000000000000000000110100000110001011100010001111011111000000100010110111011101001010011000100111011000011010110101000101110010110110010100000
00000000000000000000000000000000000000000000000000000000000000000000000000000110100000110001011100010001111011111000000100010110111011101001010011000100111011000011010110101000101110010110110010100000
00000000000000000000000000000000000000000000000000000000000000000000000000000110100000110001011100010001111011111000000100010110111011101001010011000100111011000011010110101000101110010110110010100000
00000000000000000000000000000000000000000000000000000000000000000000000000000110100000110001011100010001111011111000000100010110111011101001010011000100111011000011010110101000101110010110110010100000
00000000000000000000000000000000000000000000000000000000000000000000000000000110100000110001011100010001111011111000000100010110111011101001010011000100111011000011010110101000101110010110110010100000
11111111111111111111111111111111111111111111111111111111111111111111111111111010100000110001011100010001111011111000000100010110111011101001010011000100111011000011010110101000101110010110110010100000
11111111111111111111111111111111111111111111111111111111111111111111111111111100100000110001011100010001111011111000000100010110111011101001010011000100111011000011010110101000101110010110110010100000
00000000000000000000000000000000000000000000000000000000000000000000000000000000100000110001011100010001111011111000000100010110111011101001010011000100111011000011010110101000101110010110110010100000
11111111111111111111111111111111111111111111111111111111111111111111111111111111000000110001011100010001111011111000000100010110111011101001010011000100111011000011010110101000101110010110110010100000
00000000000000000000000000000000000000000000000000000000000000000000000000000000000000110001011100010001111011111000000100010110111011101001010011000100111011000011010110101000101110010110110010100000
00000000000000000000000000000000000000000000000000000000000000000000000000000000000000110001011100010001111011111000000100010110111011101001010011000100111011000011010110101000101110010110110010100000
00000000000000000000000000000000000000000000000000000000000000000000000000000000000000110001011100010001111011111000000100010110111011101001010011000100111011000011010110101000101110010110110010100000
00000000000000000000000000000000000000000000000000000000000000000000000000000000000000110001011100010001111011111000000100010110111011101001010011000100111011000011010110101000101110010110110010100000
00000000000000000000000000000000000000000000000000000000000000000000000000000000000000110001011100010001111011111000000100010110111011101001010011000100111011000011010110101000101110010110110010100000
11111111111111111111111111111111111111111111111111111111111111111111111111111111111111010001011100010001111011111000000100010110111011101001010011000100111011000011010110101000101110010110110010100000
11111111111111111111111111111111111111111111111111111111111111111111111111111111111111100001011100010001111011111000000100010110111011101001010011000100111011000011010110101000101110010110110010100000
00000000000000000000000000000000000000000000000000000000000000000000000000000000000000000001011100010001111011111000000100010110111011101001010011000100111011000011010110101000101110010110110010100000
00000000000000000000000000000000000000000000000000000000000000000000000000000000000000000001011100010001111011111000000100010110111011101001010011000100111011000011010110101000101110010110110010100000
00000000000000000000000000000000000000000000000000000000000000000000000000000000000000000001011100010001111011111000000100010110111011101001010011000100111011000011010110101000101110010110110010100000
11111111111111111111111111111111111111111111111111111111111111111111111111111111111111111110011100010001111011111000000100010110111011101001010011000100111011000011010110101000101110010110110010100000
00000000000000000000000000000000000000000000000000000000000000000000000000000000000000000000011100010001111011111000000100010110111011101001010011000100111011000011010110101000101110010110110010100000
11111111111111111111111111111111111111111111111111111111111111111111111111111111111111111111101100010001111011111000000100010110111011101001010011000100111011000011010110101000101110010110110010100000
11111111111111111111111111111111111111111111111111111111111111111111111111111111111111111111110100010001111011111000000100010110111011101001010011000100111011000011010110101000101110010110110010100000
11111111111111111111111111111111111111111111111111111111111111111111111111111111111111111111111000010001111011111000000100010110111011101001010011000100111011000011010110101000101110010110110010100000
00000000000000000000000000000000000000000000000000000000000000000000000000000000000000000000000000010001111011111000000100010110111011101001010011000100111011000011010110101000101110010110110010100000
00000000000000000000000000000000000000000000000000000000000000000000000000000000000000000000000000010001111011111000000100010110111011101001010011000100111011000011010110101000101110010110110010100000
00000000000000000000000000000000000000000000000000000000000000000000000000000000000000000000000000010001111011111000000100010110111011101001010011000100111011000011010110101000101110010110110010100000
11111111111111111111111111111111111111111111111111111111111111111111111111111111111111111111111111100001111011111000000100010110111011101001010011000100111011000011010110101000101110010110110010100000
00000000000000000000000000000000000000000000000000000000000000000000000000000000000000000000000000000001111011111000000100010110111011101001010011000100111011000011010110101000101110010110110010100000
00000000000000000000000000000000000000000000000000000000000000000000000000000000000000000000000000000001111011111000000100010110111011101001010011000100111011000011010110101000101110010110110010100000
00000000000000000000000000000000000000000000000000000000000000000000000000000000000000000000000000000001111011111000000100010110111011101001010011000100111011000011010110101000101110010110110010100000
11111111111111111111111111111111111111111111111111111111111111111111111111111111111111111111111111111110111011111000000100010110111011101001010011000100111011000011010110101000101110010110110010100000
11111111111111111111111111111111111111111111111111111111111111111111111111111111111111111111111111111111011011111000000100010110111011101001010011000100111011000011010110101000101110010110110010100000
11111111111111111111111111111111111111111111111111111111111111111111111111111111111111111111111111111111101011111000000100010110111011101001010011000100111011000011010110101000101110010110110010100000
11111111111111111111111111111111111111111111111111111111111111111111111111111111111111111111111111111111110011111000000100010110111011101001010011000100111011000011010110101000101110010110110010100000
00000000000000000000000000000000000000000000000000000000000000000000000000000000000000000000000000000000000011111000000100010110111011101001010011000100111011000011010110101000101110010110110010100000
11111111111111111111111111111111111111111111111111111111111111111111111111111111111111111111111111111111111101111000000100010110111011101001010011000100111011000011010110101000101110010110110010100000
11111111111111111111111111111111111111111111111111111111111111111111111111111111111111111111111111111111111110111000000100010110111011101001010011000100111011000011010110101000101110010110110010100000
11111111111111111111111111111111111111111111111111111111111111111111111111111111111111111111111111111111111111011000000100010110111011101001010011000100111011000011010110101000101110010110110010100000
11111111111111111111111111111111111111111111111111111111111111111111111111111111111111111111111111111111111111101000000100010110111011101001010011000100111011000011010110101000101110010110110010100000
11111111111111111111111111111111111111111111111111111111111111111111111111111111111111111111111111111111111111110000000100010110111011101001010011000100111011000011010110101000101110010110110010100000
00000000000000000000000000000000000000000000000000000000000000000000000000000000000000000000000000000000000000000000000100010110111011101001010011000100111011000011010110101000101110010110110010100000
00000000000000000000000000000000000000000000000000000000000000000000000000000000000000000000000000000000000000000000000100010110111011101001010011000100111011000011010110101000101110010110110010100000
00000000000000000000000000000000000000000000000000000000000000000000000000000000000000000000000000000000000000000000000100010110111011101001010011000100111011000011010110101000101110010110110010100000
00000000000000000000000000000000000000000000000000000000000000000000000000000000000000000000000000000000000000000000000100010110111011101001010011000100111011000011010110101000101110010110110010100000
00000000000000000000000000000000000000000000000000000000000000000000000000000000000000000000000000000000000000000000000100010110111011101001010011000100111011000011010110101000101110010110110010100000
00000000000000000000000000000000000000000000000000000000000000000000000000000000000000000000000000000000000000000000000100010110111011101001010011000100111011000011010110101000101110010110110010100000
11111111111111111111111111111111111111111111111111111111111111111111111111111111111111111111111111111111111111111111111000010110111011101001010011000100111011000011010110101000101110010110110010100000
00000000000000000000000000000000000000000000000000000000000000000000000000000000000000000000000000000000000000000000000000010110111011101001010011000100111011000011010110101000101110010110110010100000
00000000000000000000000000000000000000000000000000000000000000000000000000000000000000000000000000000000000000000000000000010110111011101001010011000100111011000011010110101000101110010110110010100000
00000000000000000000000000000000000000000000000000000000000000000000000000000000000000000000000000000000000000000000000000010110111011101001010011000100111011000011010110101000101110010110110010100000
11111111111111111111111111111111111111111111111111111111111111111111111111111111111111111111111111111111111111111111111111100110111011101001010011000100111011000011010110101000101110010110110010100000
00000000000000000000000000000000000000000000000000000000000000000000000000000000000000000000000000000000000000000000000000000110111011101001010011000100111011000011010110101000101110010110110010100000
11111111111111111111111111111111111111111111111111111111111111111111111111111111111111111111111111111111111111111111111111111010111011101001010011000100111011000011010110101000101110010110110010100000
11111111111111111111111111111111111111111111111111111111111111111111111111111111111111111111111111111111111111111111111111111100111011101001010011000100111011000011010110101000101110010110110010100000
00000000000000000000000000000000000000000000000000000000000000000000000000000000000000000000000000000000000000000000000000000000111011101001010011000100111011000011010110101000101110010110110010100000
11111111111111111111111111111111111111111111111111111111111111111111111111111111111111111111111111111111111111111111111111111111011011101001010011000100111011000011010110101000101110010110110010100000
11111111111111111111111111111111111111111111111111111111111111111111111111111111111111111111111111111111111111111111111111111111101011101001010011000100111011000011010110101000101110010110110010100000
11111111111111111111111111111111111111111111111111111111111111111111111111111111111111111111111111111111111111111111111111111111110011101001010011000100111011000011010110101000101110010110110010100000
00000000000000000000000000000000000000000000000000000000000000000000000000000000000000000000000000000000000000000000000000000000000011101001010011000100111011000011010110101000101110010110110010100000
11111111111111111111111111111111111111111111111111111111111111111111111111111111111111111111111111111111111111111111111111111111111101101001010011000100111011000011010110101000101110010110110010100000
11111111111111111111111111111111111111111111111111111111111111111111111111111111111111111111111111111111111111111111111111111111111110101001010011000100111011000011010110101000101110010110110010100000
11111111111111111111111111111111111111111111111111111111111111111111111111111111111111111111111111111111111111111111111111111111111111001001010011000100111011000011010110101000101110010110110010100000
00000000000000000000000000000000000000000000000000000000000000000000000000000000000000000000000000000000000000000000000000000000000000001001010011000100111011000011010110101000101110010110110010100000
11111111111111111111111111111111111111111111111111111111111111111111111111111111111111111111111111111111111111111111111111111111111111110001010011000100111011000011010110101000101110010110110010100000
00000000000000000000000000000000000000000000000000000000000000000000000000000000000000000000000000000000000000000000000000000000000000000001010011000100111011000011010110101000101110010110110010100000
00000000000000000000000000000000000000000000000000000000000000000000000000000000000000000000000000000000000000000000000000000000000000000001010011000100111011000011010110101000101110010110110010100000
11111111111111111111111111111111111111111111111111111111111111111111111111111111111111111111111111111111111111111111111111111111111111111110010011000100111011000011010110101000101110010110110010100000
00000000000000000000000000000000000000000000000000000000000000000000000000000000000000000000000000000000000000000000000000000000000000000000010011000100111011000011010110101000101110010110110010100000
11111111111111111111111111111111111111111111111111111111111111111111111111111111111111111111111111111111111111111111111111111111111111111111100011000100111011000011010110101000101110010110110010100000
00000000000000000000000000000000000000000000000000000000000000000000000000000000000000000000000000000000000000000000000000000000000000000000000011000100111011000011010110101000101110010110110010100000
00000000000000000000000000000000000000000000000000000000000000000000000000000000000000000000000000000000000000000000000000000000000000000000000011000100111011000011010110101000101110010110110010100000
11111111111111111111111111111111111111111111111111111111111111111111111111111111111111111111111111111111111111111111111111111111111111111111111101000100111011000011010110101000101110010110110010100000
11111111111111111111111111111111111111111111111111111111111111111111111111111111111111111111111111111111111111111111111111111111111111111111111110000100111011000011010110101000101110010110110010100000
00000000000000000000000000000000000000000000000000000000000000000000000000000000000000000000000000000000000000000000000000000000000000000000000000000100111011000011010110101000101110010110110010100000
00000000000000000000000000000000000000000000000000000000000000000000000000000000000000000000000000000000000000000000000000000000000000000000000000000100111011000011010110101000101110010110110010100000
00000000000000000000000000000000000000000000000000000000000000000000000000000000000000000000000000000000000000000000000000000000000000000000000000000100111011000011010110101000101110010110110010100000
11111111111111111111111111111111111111111111111111111111111111111111111111111111111111111111111111111111111111111111111111111111111111111111111111111000111011000011010110101000101110010110110010100000
00000000000000000000000000000000000000000000000000000000000000000000000000000000000000000000000000000000000000000000000000000000000000000000000000000000111011000011010110101000101110010110110010100000
00000000000000000000000000000000000000000000000000000000000000000000000000000000000000000000000000000000000000000000000000000000000000000000000000000000111011000011010110101000101110010110110010100000
11111111111111111111111111111111111111111111111111111111111111111111111111111111111111111111111111111111111111111111111111111111111111111111111111111111011011000011010110101000101110010110110010100000
11111111111111111111111111111111111111111111111111111111111111111111111111111111111111111111111111111111111111111111111111111111111111111111111111111111101011000011010110101000101110010110110010100000
11111111111111111111111111111111111111111111111111111111111111111111111111111111111111111111111111111111111111111111111111111111111111111111111111111111110011000011010110101000101110010110110010100000
00000000000000000000000000000000000000000000000000000000000000000000000000000000000000000000000000000000000000000000000000000000000000000000000000000000000011000011010110101000101110010110110010100000
11111111111111111111111111111111111111111111111111111111111111111111111111111111111111111111111111111111111111111111111111111111111111111111111111111111111101000011010110101000101110010110110010100000
11111111111111111111111111111111111111111111111111111111111111111111111111111111111111111111111111111111111111111111111111111111111111111111111111111111111110000011010110101000101110010110110010100000
00000000000000000000000000000000000000000000000000000000000000000000000000000000000000000000000000000000000000000000000000000000000000000000000000000000000000000011010110101000101110010110110010100000
00000000000000000000000000000000000000000000000000000000000000000000000000000000000000000000000000000000000000000000000000000000000000000000000000000000000000000011010110101000101110010110110010100000
00000000000000000000000000000000000000000000000000000000000000000000000000000000000000000000000000000000000000000000000000000000000000000000000000000000000000000011010110101000101110010110110010100000
00000000000000000000000000000000000000000000000000000000000000000000000000000000000000000000000000000000000000000000000000000000000000000000000000000000000000000011010110101000101110010110110010100000
11111111111111111111111111111111111111111111111111111111111111111111111111111111111111111111111111111111111111111111111111111111111111111111111111111111111111111101010110101000101110010110110010100000
11111111111111111111111111111111111111111111111111111111111111111111111111111111111111111111111111111111111111111111111111111111111111111111111111111111111111111110010110101000101110010110110010100000
00000000000000000000000000000000000000000000000000000000000000000000000000000000000000000000000000000000000000000000000000000000000000000000000000000000000000000000010110101000101110010110110010100000
11111111111111111111111111111111111111111111111111111111111111111111111111111111111111111111111111111111111111111111111111111111111111111111111111111111111111111111100110101000101110010110110010100000
00000000000000000000000000000000000000000000000000000000000000000000000000000000000000000000000000000000000000000000000000000000000000000000000000000000000000000000000110101000101110010110110010100000
11111111111111111111111111111111111111111111111111111111111111111111111111111111111111111111111111111111111111111111111111111111111111111111111111111111111111111111111010101000101110010110110010100000
11111111111111111111111111111111111111111111111111111111111111111111111111111111111111111111111111111111111111111111111111111111111111111111111111111111111111111111111100101000101110010110110010100000
00000000000000000000000000000000000000000000000000000000000000000000000000000000000000000000000000000000000000000000000000000000000000000000000000000000000000000000000000101000101110010110110010100000
11111111111111111111111111111111111111111111111111111111111111111111111111111111111111111111111111111111111111111111111111111111111111111111111111111111111111111111111111001000101110010110110010100000
00000000000000000000000000000000000000000000000000000000000000000000000000000000000000000000000000000000000000000000000000000000000000000000000000000000000000000000000000001000101110010110110010100000
11111111111111111111111111111111111111111111111111111111111111111111111111111111111111111111111111111111111111111111111111111111111111111111111111111111111111111111111111110000101110010110110010100000
00000000000000000000000000000000000000000000000000000000000000000000000000000000000000000000000000000000000000000000000000000000000000000000000000000000000000000000000000000000101110010110110010100000
00000000000000000000000000000000000000000000000000000000000000000000000000000000000000000000000000000000000000000000000000000000000000000000000000000000000000000000000000000000101110010110110010100000
00000000000000000000000000000000000000000000000000000000000000000000000000000000000000000000000000000000000000000000000000000000000000000000000000000000000000000000000000000000101110010110110010100000
11111111111111111111111111111111111111111111111111111111111111111111111111111111111111111111111111111111111111111111111111111111111111111111111111111111111111111111111111111111001110010110110010100000
00000000000000000000000000000000000000000000000000000000000000000000000000000000000000000000000000000000000000000000000000000000000000000000000000000000000000000000000000000000001110010110110010100000
11111111111111111111111111111111111111111111111111111111111111111111111111111111111111111111111111111111111111111111111111111111111111111111111111111111111111111111111111111111110110010110110010100000
11111111111111111111111111111111111111111111111111111111111111111111111111111111111111111111111111111111111111111111111111111111111111111111111111111111111111111111111111111111111010010110110010100000
11111111111111111111111111111111111111111111111111111111111111111111111111111111111111111111111111111111111111111111111111111111111111111111111111111111111111111111111111111111111100010110110010100000
00000000000000000000000000000000000000000000000000000000000000000000000000000000000000000000000000000000000000000000000000000000000000000000000000000000000000000000000000000000000000010110110010100000
00000000000000000000000000000000000000000000000000000000000000000000000000000000000000000000000000000000000000000000000000000000000000000000000000000000000000000000000000000000000000010110110010100000
11111111111111111111111111111111111111111111111111111111111111111111111111111111111111111111111111111111111111111111111111111111111111111111111111111111111111111111111111111111111111100110110010100000
00000000000000000000000000000000000000000000000000000000000000000000000000000000000000000000000000000000000000000000000000000000000000000000000000000000000000000000000000000000000000000110110010100000
11111111111111111111111111111111111111111111111111111111111111111111111111111111111111111111111111111111111111111111111111111111111111111111111111111111111111111111111111111111111111111010110010100000
11111111111111111111111111111111111111111111111111111111111111111111111111111111111111111111111111111111111111111111111111111111111111111111111111111111111111111111111111111111111111111100110010100000
00000000000000000000000000000000000000000000000000000000000000000000000000000000000000000000000000000000000000000000000000000000000000000000000000000000000000000000000000000000000000000000110010100000
11111111111111111111111111111111111111111111111111111111111111111111111111111111111111111111111111111111111111111111111111111111111111111111111111111111111111111111111111111111111111111111010010100000
11111111111111111111111111111111111111111111111111111111111111111111111111111111111111111111111111111111111111111111111111111111111111111111111111111111111111111111111111111111111111111111100010100000
00000000000000000000000000000000000000000000000000000000000000000000000000000000000000000000000000000000000000000000000000000000000000000000000000000000000000000000000000000000000000000000000010100000
00000000000000000000000000000000000000000000000000000000000000000000000000000000000000000000000000000000000000000000000000000000000000000000000000000000000000000000000000000000000000000000000010100000
11111111111111111111111111111111111111111111111111111111111111111111111111111111111111111111111111111111111111111111111111111111111111111111111111111111111111111111111111111111111111111111111100100000
00000000000000000000000000000000000000000000000000000000000000000000000000000000000000000000000000000000000000000000000000000000000000000000000000000000000000000000000000000000000000000000000000100000
11111111111111111111111111111111111111111111111111111111111111111111111111111111111111111111111111111111111111111111111111111111111111111111111111111111111111111111111111111111111111111111111111000000
00000000000000000000000000000000000000000000000000000000000000000000000000000000000000000000000000000000000000000000000000000000000000000000000000000000000000000000000000000000000000000000000000000000
00000000000000000000000000000000000000000000000000000000000000000000000000000000000000000000000000000000000000000000000000000000000000000000000000000000000000000000000000000000000000000000000000000000
00000000000000000000000000000000000000000000000000000000000000000000000000000000000000000000000000000000000000000000000000000000000000000000000000000000000000000000000000000000000000000000000000000000
00000000000000000000000000000000000000000000000000000000000000000000000000000000000000000000000000000000000000000000000000000000000000000000000000000000000000000000000000000000000000000000000000000000
00000000000000000000000000000000000000000000000000000000000000000000000000000000000000000000000000000000000000000000000000000000000000000000000000000000000000000000000000000000000000000000000000000000
