010011011111100111111111011011110111111010011010110110100110111101101101010110111111110111
100011011111100111111111011011110111111010011010110110100110111101101101010110111111110111
000011011111100111111111011011110111111010011010110110100110111101101101010110111111110111
000011011111100111111111011011110111111010011010110110100110111101101101010110111111110111
111101011111100111111111011011110111111010011010110110100110111101101101010110111111110111
111110011111100111111111011011110111111010011010110110100110111101101101010110111111110111
000000011111100111111111011011110111111010011010110110100110111101101101010110111111110111
111111101111100111111111011011110111111010011010110110100110111101101101010110111111110111
111111110111100111111111011011110111111010011010110110100110111101101101010110111111110111
111111111011100111111111011011110111111010011010110110100110111101101101010110111111110111
111111111101100111111111011011110111111010011010110110100110111101101101010110111111110111
111111111110100111111111011011110111111010011010110110100110111101101101010110111111110111
111111111111000111111111011011110111111010011010110110100110111101101101010110111111110111
000000000000000111111111011011110111111010011010110110100110111101101101010110111111110111
000000000000000111111111011011110111111010011010110110100110111101101101010110111111110111
111111111111111011111111011011110111111010011010110110100110111101101101010110111111110111
111111111111111101111111011011110111111010011010110110100110111101101101010110111111110111
111111111111111110111111011011110111111010011010110110100110111101101101010110111111110111
111111111111111111011111011011110111111010011010110110100110111101101101010110111111110111
111111111111111111101111011011110111111010011010110110100110111101101101010110111111110111
111111111111111111110111011011110111111010011010110110100110111101101101010110111111110111
111111111111111111111011011011110111111010011010110110100110111101101101010110111111110111
111111111111111111111101011011110111111010011010110110100110111101101101010110111111110111
111111111111111111111110011011110111111010011010110110100110111101101101010110111111110111
000000000000000000000000011011110111111010011010110110100110111101101101010110111111110111
111111111111111111111111101011110111111010011010110110100110111101101101010110111111110111
111111111111111111111111110011110111111010011010110110100110111101101101010110111111110111
000000000000000000000000000011110111111010011010110110100110111101101101010110111111110111
111111111111111111111111111101110111111010011010110110100110111101101101010110111111110111
111111111111111111111111111110110111111010011010110110100110111101101101010110111111110111
111111111111111111111111111111010111111010011010110110100110111101101101010110111111110111
111111111111111111111111111111100111111010011010110110100110111101101101010110111111110111
000000000000000000000000000000000111111010011010110110100110111101101101010110111111110111
111111111111111111111111111111111011111010011010110110100110111101101101010110111111110111
111111111111111111111111111111111101111010011010110110100110111101101101010110111111110111
111111111111111111111111111111111110111010011010110110100110111101101101010110111111110111
111111111111111111111111111111111111011010011010110110100110111101101101010110111111110111
111111111111111111111111111111111111101010011010110110100110111101101101010110111111110111
111111111111111111111111111111111111110010011010110110100110111101101101010110111111110111
000000000000000000000000000000000000000010011010110110100110111101101101010110111111110111
111111111111111111111111111111111111111100011010110110100110111101101101010110111111110111
000000000000000000000000000000000000000000011010110110100110111101101101010110111111110111
000000000000000000000000000000000000000000011010110110100110111101101101010110111111110111
111111111111111111111111111111111111111111101010110110100110111101101101010110111111110111
111111111111111111111111111111111111111111110010110110100110111101101101010110111111110111
000000000000000000000000000000000000000000000010110110100110111101101101010110111111110111
111111111111111111111111111111111111111111111100110110100110111101101101010110111111110111
000000000000000000000000000000000000000000000000110110100110111101101101010110111111110111
111111111111111111111111111111111111111111111111010110100110111101101101010110111111110111
111111111111111111111111111111111111111111111111100110100110111101101101010110111111110111
000000000000000000000000000000000000000000000000000110100110111101101101010110111111110111
111111111111111111111111111111111111111111111111111010100110111101101101010110111111110111
111111111111111111111111111111111111111111111111111100100110111101101101010110111111110111
000000000000000000000000000000000000000000000000000000100110111101101101010110111111110111
111111111111111111111111111111111111111111111111111111000110111101101101010110111111110111
000000000000000000000000000000000000000000000000000000000110111101101101010110111111110111
000000000000000000000000000000000000000000000000000000000110111101101101010110111111110111
111111111111111111111111111111111111111111111111111111111010111101101101010110111111110111
111111111111111111111111111111111111111111111111111111111100111101101101010110111111110111
000000000000000000000000000000000000000000000000000000000000111101101101010110111111110111
111111111111111111111111111111111111111111111111111111111111011101101101010110111111110111
111111111111111111111111111111111111111111111111111111111111101101101101010110111111110111
111111111111111111111111111111111111111111111111111111111111110101101101010110111111110111
111111111111111111111111111111111111111111111111111111111111111001101101010110111111110111
000000000000000000000000000000000000000000000000000000000000000001101101010110111111110111
111111111111111111111111111111111111111111111111111111111111111110101101010110111111110111
111111111111111111111111111111111111111111111111111111111111111111001101010110111111110111
000000000000000000000000000000000000000000000000000000000000000000001101010110111111110111
111111111111111111111111111111111111111111111111111111111111111111110101010110111111110111
111111111111111111111111111111111111111111111111111111111111111111111001010110111111110111
000000000000000000000000000000000000000000000000000000000000000000000001010110111111110111
111111111111111111111111111111111111111111111111111111111111111111111110010110111111110111
000000000000000000000000000000000000000000000000000000000000000000000000010110111111110111
111111111111111111111111111111111111111111111111111111111111111111111111100110111111110111
000000000000000000000000000000000000000000000000000000000000000000000000000110111111110111
111111111111111111111111111111111111111111111111111111111111111111111111111010111111110111
111111111111111111111111111111111111111111111111111111111111111111111111111100111111110111
000000000000000000000000000000000000000000000000000000000000000000000000000000111111110111
111111111111111111111111111111111111111111111111111111111111111111111111111111011111110111
111111111111111111111111111111111111111111111111111111111111111111111111111111101111110111
111111111111111111111111111111111111111111111111111111111111111111111111111111110111110111
111111111111111111111111111111111111111111111111111111111111111111111111111111111011110111
111111111111111111111111111111111111111111111111111111111111111111111111111111111101110111
111111111111111111111111111111111111111111111111111111111111111111111111111111111110110111
111111111111111111111111111111111111111111111111111111111111111111111111111111111111010111
111111111111111111111111111111111111111111111111111111111111111111111111111111111111100111
000000000000000000000000000000000000000000000000000000000000000000000000000000000000000111
111111111111111111111111111111111111111111111111111111111111111111111111111111111111111011
111111111111111111111111111111111111111111111111111111111111111111111111111111111111111101
111111111111111111111111111111111111111111111111111111111111111111111111111111111111111110
