001001000101001001000001101000100000000011000100000010000100
001001000101001001000001101000100000000011000100000010000100
110001000101001001000001101000100000000011000100000010000100
000001000101001001000001101000100000000011000100000010000100
000001000101001001000001101000100000000011000100000010000100
111110000101001001000001101000100000000011000100000010000100
000000000101001001000001101000100000000011000100000010000100
000000000101001001000001101000100000000011000100000010000100
000000000101001001000001101000100000000011000100000010000100
111111111001001001000001101000100000000011000100000010000100
000000000001001001000001101000100000000011000100000010000100
111111111110001001000001101000100000000011000100000010000100
000000000000001001000001101000100000000011000100000010000100
000000000000001001000001101000100000000011000100000010000100
111111111111110001000001101000100000000011000100000010000100
000000000000000001000001101000100000000011000100000010000100
000000000000000001000001101000100000000011000100000010000100
111111111111111110000001101000100000000011000100000010000100
000000000000000000000001101000100000000011000100000010000100
000000000000000000000001101000100000000011000100000010000100
000000000000000000000001101000100000000011000100000010000100
000000000000000000000001101000100000000011000100000010000100
000000000000000000000001101000100000000011000100000010000100
111111111111111111111110101000100000000011000100000010000100
111111111111111111111111001000100000000011000100000010000100
000000000000000000000000001000100000000011000100000010000100
111111111111111111111111110000100000000011000100000010000100
000000000000000000000000000000100000000011000100000010000100
000000000000000000000000000000100000000011000100000010000100
000000000000000000000000000000100000000011000100000010000100
111111111111111111111111111111000000000011000100000010000100
000000000000000000000000000000000000000011000100000010000100
000000000000000000000000000000000000000011000100000010000100
000000000000000000000000000000000000000011000100000010000100
000000000000000000000000000000000000000011000100000010000100
000000000000000000000000000000000000000011000100000010000100
000000000000000000000000000000000000000011000100000010000100
000000000000000000000000000000000000000011000100000010000100
000000000000000000000000000000000000000011000100000010000100
000000000000000000000000000000000000000011000100000010000100
111111111111111111111111111111111111111101000100000010000100
111111111111111111111111111111111111111110000100000010000100
000000000000000000000000000000000000000000000100000010000100
000000000000000000000000000000000000000000000100000010000100
000000000000000000000000000000000000000000000100000010000100
111111111111111111111111111111111111111111111000000010000100
000000000000000000000000000000000000000000000000000010000100
000000000000000000000000000000000000000000000000000010000100
000000000000000000000000000000000000000000000000000010000100
000000000000000000000000000000000000000000000000000010000100
000000000000000000000000000000000000000000000000000010000100
000000000000000000000000000000000000000000000000000010000100
111111111111111111111111111111111111111111111111111100000100
000000000000000000000000000000000000000000000000000000000100
000000000000000000000000000000000000000000000000000000000100
000000000000000000000000000000000000000000000000000000000100
000000000000000000000000000000000000000000000000000000000100
111111111111111111111111111111111111111111111111111111111000
000000000000000000000000000000000000000000000000000000000000
000000000000000000000000000000000000000000000000000000000000
