000000001010010000000000010011
000000001010010000000000010011
000000001010010000000000010011
000000001010010000000000010011
000000001010010000000000010011
000000001010010000000000010011
000000001010010000000000010011
000000001010010000000000010011
111111110010010000000000010011
000000000010010000000000010011
111111111100010000000000010011
000000000000010000000000010011
000000000000010000000000010011
111111111111100000000000010011
000000000000000000000000010011
000000000000000000000000010011
000000000000000000000000010011
000000000000000000000000010011
000000000000000000000000010011
000000000000000000000000010011
000000000000000000000000010011
000000000000000000000000010011
000000000000000000000000010011
000000000000000000000000010011
000000000000000000000000010011
111111111111111111111111100011
000000000000000000000000000011
000000000000000000000000000011
111111111111111111111111111101
111111111111111111111111111110
