01010010010101110000110011010101110110111110011010
10010010010101110000110011010101110110111110011010
00010010010101110000110011010101110110111110011010
11100010010101110000110011010101110110111110011010
00000010010101110000110011010101110110111110011010
00000010010101110000110011010101110110111110011010
11111100010101110000110011010101110110111110011010
00000000010101110000110011010101110110111110011010
00000000010101110000110011010101110110111110011010
11111111100101110000110011010101110110111110011010
00000000000101110000110011010101110110111110011010
11111111111001110000110011010101110110111110011010
00000000000001110000110011010101110110111110011010
11111111111110110000110011010101110110111110011010
11111111111111010000110011010101110110111110011010
11111111111111100000110011010101110110111110011010
00000000000000000000110011010101110110111110011010
00000000000000000000110011010101110110111110011010
00000000000000000000110011010101110110111110011010
00000000000000000000110011010101110110111110011010
11111111111111111111010011010101110110111110011010
11111111111111111111100011010101110110111110011010
00000000000000000000000011010101110110111110011010
00000000000000000000000011010101110110111110011010
11111111111111111111111101010101110110111110011010
11111111111111111111111110010101110110111110011010
00000000000000000000000000010101110110111110011010
11111111111111111111111111100101110110111110011010
00000000000000000000000000000101110110111110011010
11111111111111111111111111111001110110111110011010
00000000000000000000000000000001110110111110011010
11111111111111111111111111111110110110111110011010
11111111111111111111111111111111010110111110011010
11111111111111111111111111111111100110111110011010
00000000000000000000000000000000000110111110011010
11111111111111111111111111111111111010111110011010
11111111111111111111111111111111111100111110011010
00000000000000000000000000000000000000111110011010
11111111111111111111111111111111111111011110011010
11111111111111111111111111111111111111101110011010
11111111111111111111111111111111111111110110011010
11111111111111111111111111111111111111111010011010
11111111111111111111111111111111111111111100011010
00000000000000000000000000000000000000000000011010
00000000000000000000000000000000000000000000011010
11111111111111111111111111111111111111111111101010
11111111111111111111111111111111111111111111110010
00000000000000000000000000000000000000000000000010
11111111111111111111111111111111111111111111111100
00000000000000000000000000000000000000000000000000
