011000110111001100110010111010
101000110111001100110010111010
110000110111001100110010111010
000000110111001100110010111010
000000110111001100110010111010
000000110111001100110010111010
111111010111001100110010111010
111111100111001100110010111010
000000000111001100110010111010
111111111011001100110010111010
111111111101001100110010111010
111111111110001100110010111010
000000000000001100110010111010
000000000000001100110010111010
111111111111110100110010111010
111111111111111000110010111010
000000000000000000110010111010
000000000000000000110010111010
111111111111111111010010111010
111111111111111111100010111010
000000000000000000000010111010
000000000000000000000010111010
111111111111111111111100111010
000000000000000000000000111010
111111111111111111111111011010
111111111111111111111111101010
111111111111111111111111110010
000000000000000000000000000010
111111111111111111111111111100
000000000000000000000000000000
