0111111111100011110011100111111101110111111011110111101010111110111001111110101111110011111111110100
1011111111100011110011100111111101110111111011110111101010111110111001111110101111110011111111110100
1101111111100011110011100111111101110111111011110111101010111110111001111110101111110011111111110100
1110111111100011110011100111111101110111111011110111101010111110111001111110101111110011111111110100
1111011111100011110011100111111101110111111011110111101010111110111001111110101111110011111111110100
1111101111100011110011100111111101110111111011110111101010111110111001111110101111110011111111110100
1111110111100011110011100111111101110111111011110111101010111110111001111110101111110011111111110100
1111111011100011110011100111111101110111111011110111101010111110111001111110101111110011111111110100
1111111101100011110011100111111101110111111011110111101010111110111001111110101111110011111111110100
1111111110100011110011100111111101110111111011110111101010111110111001111110101111110011111111110100
1111111111000011110011100111111101110111111011110111101010111110111001111110101111110011111111110100
0000000000000011110011100111111101110111111011110111101010111110111001111110101111110011111111110100
0000000000000011110011100111111101110111111011110111101010111110111001111110101111110011111111110100
0000000000000011110011100111111101110111111011110111101010111110111001111110101111110011111111110100
1111111111111101110011100111111101110111111011110111101010111110111001111110101111110011111111110100
1111111111111110110011100111111101110111111011110111101010111110111001111110101111110011111111110100
1111111111111111010011100111111101110111111011110111101010111110111001111110101111110011111111110100
1111111111111111100011100111111101110111111011110111101010111110111001111110101111110011111111110100
0000000000000000000011100111111101110111111011110111101010111110111001111110101111110011111111110100
0000000000000000000011100111111101110111111011110111101010111110111001111110101111110011111111110100
1111111111111111111101100111111101110111111011110111101010111110111001111110101111110011111111110100
1111111111111111111110100111111101110111111011110111101010111110111001111110101111110011111111110100
1111111111111111111111000111111101110111111011110111101010111110111001111110101111110011111111110100
0000000000000000000000000111111101110111111011110111101010111110111001111110101111110011111111110100
0000000000000000000000000111111101110111111011110111101010111110111001111110101111110011111111110100
1111111111111111111111111011111101110111111011110111101010111110111001111110101111110011111111110100
1111111111111111111111111101111101110111111011110111101010111110111001111110101111110011111111110100
1111111111111111111111111110111101110111111011110111101010111110111001111110101111110011111111110100
1111111111111111111111111111011101110111111011110111101010111110111001111110101111110011111111110100
1111111111111111111111111111101101110111111011110111101010111110111001111110101111110011111111110100
1111111111111111111111111111110101110111111011110111101010111110111001111110101111110011111111110100
1111111111111111111111111111111001110111111011110111101010111110111001111110101111110011111111110100
0000000000000000000000000000000001110111111011110111101010111110111001111110101111110011111111110100
1111111111111111111111111111111110110111111011110111101010111110111001111110101111110011111111110100
1111111111111111111111111111111111010111111011110111101010111110111001111110101111110011111111110100
1111111111111111111111111111111111100111111011110111101010111110111001111110101111110011111111110100
0000000000000000000000000000000000000111111011110111101010111110111001111110101111110011111111110100
1111111111111111111111111111111111111011111011110111101010111110111001111110101111110011111111110100
1111111111111111111111111111111111111101111011110111101010111110111001111110101111110011111111110100
1111111111111111111111111111111111111110111011110111101010111110111001111110101111110011111111110100
1111111111111111111111111111111111111111011011110111101010111110111001111110101111110011111111110100
1111111111111111111111111111111111111111101011110111101010111110111001111110101111110011111111110100
1111111111111111111111111111111111111111110011110111101010111110111001111110101111110011111111110100
0000000000000000000000000000000000000000000011110111101010111110111001111110101111110011111111110100
1111111111111111111111111111111111111111111101110111101010111110111001111110101111110011111111110100
1111111111111111111111111111111111111111111110110111101010111110111001111110101111110011111111110100
1111111111111111111111111111111111111111111111010111101010111110111001111110101111110011111111110100
1111111111111111111111111111111111111111111111100111101010111110111001111110101111110011111111110100
0000000000000000000000000000000000000000000000000111101010111110111001111110101111110011111111110100
1111111111111111111111111111111111111111111111111011101010111110111001111110101111110011111111110100
1111111111111111111111111111111111111111111111111101101010111110111001111110101111110011111111110100
1111111111111111111111111111111111111111111111111110101010111110111001111110101111110011111111110100
1111111111111111111111111111111111111111111111111111001010111110111001111110101111110011111111110100
0000000000000000000000000000000000000000000000000000001010111110111001111110101111110011111111110100
1111111111111111111111111111111111111111111111111111110010111110111001111110101111110011111111110100
0000000000000000000000000000000000000000000000000000000010111110111001111110101111110011111111110100
1111111111111111111111111111111111111111111111111111111100111110111001111110101111110011111111110100
0000000000000000000000000000000000000000000000000000000000111110111001111110101111110011111111110100
1111111111111111111111111111111111111111111111111111111111011110111001111110101111110011111111110100
1111111111111111111111111111111111111111111111111111111111101110111001111110101111110011111111110100
1111111111111111111111111111111111111111111111111111111111110110111001111110101111110011111111110100
1111111111111111111111111111111111111111111111111111111111111010111001111110101111110011111111110100
1111111111111111111111111111111111111111111111111111111111111100111001111110101111110011111111110100
0000000000000000000000000000000000000000000000000000000000000000111001111110101111110011111111110100
1111111111111111111111111111111111111111111111111111111111111111011001111110101111110011111111110100
1111111111111111111111111111111111111111111111111111111111111111101001111110101111110011111111110100
1111111111111111111111111111111111111111111111111111111111111111110001111110101111110011111111110100
0000000000000000000000000000000000000000000000000000000000000000000001111110101111110011111111110100
0000000000000000000000000000000000000000000000000000000000000000000001111110101111110011111111110100
1111111111111111111111111111111111111111111111111111111111111111111110111110101111110011111111110100
1111111111111111111111111111111111111111111111111111111111111111111111011110101111110011111111110100
1111111111111111111111111111111111111111111111111111111111111111111111101110101111110011111111110100
1111111111111111111111111111111111111111111111111111111111111111111111110110101111110011111111110100
1111111111111111111111111111111111111111111111111111111111111111111111111010101111110011111111110100
1111111111111111111111111111111111111111111111111111111111111111111111111100101111110011111111110100
0000000000000000000000000000000000000000000000000000000000000000000000000000101111110011111111110100
1111111111111111111111111111111111111111111111111111111111111111111111111111001111110011111111110100
0000000000000000000000000000000000000000000000000000000000000000000000000000001111110011111111110100
1111111111111111111111111111111111111111111111111111111111111111111111111111110111110011111111110100
1111111111111111111111111111111111111111111111111111111111111111111111111111111011110011111111110100
1111111111111111111111111111111111111111111111111111111111111111111111111111111101110011111111110100
1111111111111111111111111111111111111111111111111111111111111111111111111111111110110011111111110100
1111111111111111111111111111111111111111111111111111111111111111111111111111111111010011111111110100
1111111111111111111111111111111111111111111111111111111111111111111111111111111111100011111111110100
0000000000000000000000000000000000000000000000000000000000000000000000000000000000000011111111110100
0000000000000000000000000000000000000000000000000000000000000000000000000000000000000011111111110100
1111111111111111111111111111111111111111111111111111111111111111111111111111111111111101111111110100
1111111111111111111111111111111111111111111111111111111111111111111111111111111111111110111111110100
1111111111111111111111111111111111111111111111111111111111111111111111111111111111111111011111110100
1111111111111111111111111111111111111111111111111111111111111111111111111111111111111111101111110100
1111111111111111111111111111111111111111111111111111111111111111111111111111111111111111110111110100
1111111111111111111111111111111111111111111111111111111111111111111111111111111111111111111011110100
1111111111111111111111111111111111111111111111111111111111111111111111111111111111111111111101110100
1111111111111111111111111111111111111111111111111111111111111111111111111111111111111111111110110100
1111111111111111111111111111111111111111111111111111111111111111111111111111111111111111111111010100
1111111111111111111111111111111111111111111111111111111111111111111111111111111111111111111111100100
0000000000000000000000000000000000000000000000000000000000000000000000000000000000000000000000000100
1111111111111111111111111111111111111111111111111111111111111111111111111111111111111111111111111000
0000000000000000000000000000000000000000000000000000000000000000000000000000000000000000000000000000
0000000000000000000000000000000000000000000000000000000000000000000000000000000000000000000000000000
