01010101101100111001111001000101000111000110011011101011111100101101100100011001
10010101101100111001111001000101000111000110011011101011111100101101100100011001
00010101101100111001111001000101000111000110011011101011111100101101100100011001
11100101101100111001111001000101000111000110011011101011111100101101100100011001
00000101101100111001111001000101000111000110011011101011111100101101100100011001
11111001101100111001111001000101000111000110011011101011111100101101100100011001
00000001101100111001111001000101000111000110011011101011111100101101100100011001
11111110101100111001111001000101000111000110011011101011111100101101100100011001
11111111001100111001111001000101000111000110011011101011111100101101100100011001
00000000001100111001111001000101000111000110011011101011111100101101100100011001
11111111110100111001111001000101000111000110011011101011111100101101100100011001
11111111111000111001111001000101000111000110011011101011111100101101100100011001
00000000000000111001111001000101000111000110011011101011111100101101100100011001
00000000000000111001111001000101000111000110011011101011111100101101100100011001
11111111111111011001111001000101000111000110011011101011111100101101100100011001
11111111111111101001111001000101000111000110011011101011111100101101100100011001
11111111111111110001111001000101000111000110011011101011111100101101100100011001
00000000000000000001111001000101000111000110011011101011111100101101100100011001
00000000000000000001111001000101000111000110011011101011111100101101100100011001
11111111111111111110111001000101000111000110011011101011111100101101100100011001
11111111111111111111011001000101000111000110011011101011111100101101100100011001
11111111111111111111101001000101000111000110011011101011111100101101100100011001
11111111111111111111110001000101000111000110011011101011111100101101100100011001
00000000000000000000000001000101000111000110011011101011111100101101100100011001
00000000000000000000000001000101000111000110011011101011111100101101100100011001
11111111111111111111111110000101000111000110011011101011111100101101100100011001
00000000000000000000000000000101000111000110011011101011111100101101100100011001
00000000000000000000000000000101000111000110011011101011111100101101100100011001
00000000000000000000000000000101000111000110011011101011111100101101100100011001
11111111111111111111111111111001000111000110011011101011111100101101100100011001
00000000000000000000000000000001000111000110011011101011111100101101100100011001
11111111111111111111111111111110000111000110011011101011111100101101100100011001
00000000000000000000000000000000000111000110011011101011111100101101100100011001
00000000000000000000000000000000000111000110011011101011111100101101100100011001
00000000000000000000000000000000000111000110011011101011111100101101100100011001
11111111111111111111111111111111111011000110011011101011111100101101100100011001
11111111111111111111111111111111111101000110011011101011111100101101100100011001
11111111111111111111111111111111111110000110011011101011111100101101100100011001
00000000000000000000000000000000000000000110011011101011111100101101100100011001
00000000000000000000000000000000000000000110011011101011111100101101100100011001
00000000000000000000000000000000000000000110011011101011111100101101100100011001
11111111111111111111111111111111111111111010011011101011111100101101100100011001
11111111111111111111111111111111111111111100011011101011111100101101100100011001
00000000000000000000000000000000000000000000011011101011111100101101100100011001
00000000000000000000000000000000000000000000011011101011111100101101100100011001
11111111111111111111111111111111111111111111101011101011111100101101100100011001
11111111111111111111111111111111111111111111110011101011111100101101100100011001
00000000000000000000000000000000000000000000000011101011111100101101100100011001
11111111111111111111111111111111111111111111111101101011111100101101100100011001
11111111111111111111111111111111111111111111111110101011111100101101100100011001
11111111111111111111111111111111111111111111111111001011111100101101100100011001
00000000000000000000000000000000000000000000000000001011111100101101100100011001
11111111111111111111111111111111111111111111111111110011111100101101100100011001
00000000000000000000000000000000000000000000000000000011111100101101100100011001
11111111111111111111111111111111111111111111111111111101111100101101100100011001
11111111111111111111111111111111111111111111111111111110111100101101100100011001
11111111111111111111111111111111111111111111111111111111011100101101100100011001
11111111111111111111111111111111111111111111111111111111101100101101100100011001
11111111111111111111111111111111111111111111111111111111110100101101100100011001
11111111111111111111111111111111111111111111111111111111111000101101100100011001
00000000000000000000000000000000000000000000000000000000000000101101100100011001
00000000000000000000000000000000000000000000000000000000000000101101100100011001
11111111111111111111111111111111111111111111111111111111111111001101100100011001
00000000000000000000000000000000000000000000000000000000000000001101100100011001
11111111111111111111111111111111111111111111111111111111111111110101100100011001
11111111111111111111111111111111111111111111111111111111111111111001100100011001
00000000000000000000000000000000000000000000000000000000000000000001100100011001
11111111111111111111111111111111111111111111111111111111111111111110100100011001
11111111111111111111111111111111111111111111111111111111111111111111000100011001
00000000000000000000000000000000000000000000000000000000000000000000000100011001
00000000000000000000000000000000000000000000000000000000000000000000000100011001
11111111111111111111111111111111111111111111111111111111111111111111111000011001
00000000000000000000000000000000000000000000000000000000000000000000000000011001
00000000000000000000000000000000000000000000000000000000000000000000000000011001
00000000000000000000000000000000000000000000000000000000000000000000000000011001
11111111111111111111111111111111111111111111111111111111111111111111111111101001
11111111111111111111111111111111111111111111111111111111111111111111111111110001
00000000000000000000000000000000000000000000000000000000000000000000000000000001
00000000000000000000000000000000000000000000000000000000000000000000000000000001
11111111111111111111111111111111111111111111111111111111111111111111111111111110
