00111111001111111111100110101110111101111101110000
00111111001111111111100110101110111101111101110000
11011111001111111111100110101110111101111101110000
11101111001111111111100110101110111101111101110000
11110111001111111111100110101110111101111101110000
11111011001111111111100110101110111101111101110000
11111101001111111111100110101110111101111101110000
11111110001111111111100110101110111101111101110000
00000000001111111111100110101110111101111101110000
00000000001111111111100110101110111101111101110000
11111111110111111111100110101110111101111101110000
11111111111011111111100110101110111101111101110000
11111111111101111111100110101110111101111101110000
11111111111110111111100110101110111101111101110000
11111111111111011111100110101110111101111101110000
11111111111111101111100110101110111101111101110000
11111111111111110111100110101110111101111101110000
11111111111111111011100110101110111101111101110000
11111111111111111101100110101110111101111101110000
11111111111111111110100110101110111101111101110000
11111111111111111111000110101110111101111101110000
00000000000000000000000110101110111101111101110000
00000000000000000000000110101110111101111101110000
11111111111111111111111010101110111101111101110000
11111111111111111111111100101110111101111101110000
00000000000000000000000000101110111101111101110000
11111111111111111111111111001110111101111101110000
00000000000000000000000000001110111101111101110000
11111111111111111111111111110110111101111101110000
11111111111111111111111111111010111101111101110000
11111111111111111111111111111100111101111101110000
00000000000000000000000000000000111101111101110000
11111111111111111111111111111111011101111101110000
11111111111111111111111111111111101101111101110000
11111111111111111111111111111111110101111101110000
11111111111111111111111111111111111001111101110000
00000000000000000000000000000000000001111101110000
11111111111111111111111111111111111110111101110000
11111111111111111111111111111111111111011101110000
11111111111111111111111111111111111111101101110000
11111111111111111111111111111111111111110101110000
11111111111111111111111111111111111111111001110000
00000000000000000000000000000000000000000001110000
11111111111111111111111111111111111111111110110000
11111111111111111111111111111111111111111111010000
11111111111111111111111111111111111111111111100000
00000000000000000000000000000000000000000000000000
00000000000000000000000000000000000000000000000000
00000000000000000000000000000000000000000000000000
00000000000000000000000000000000000000000000000000
