010001110101010101001111011100110100101100100010110111110101000001000010000001001111000110000001101000111000011100101110111100001101101111111101000001
100001110101010101001111011100110100101100100010110111110101000001000010000001001111000110000001101000111000011100101110111100001101101111111101000001
000001110101010101001111011100110100101100100010110111110101000001000010000001001111000110000001101000111000011100101110111100001101101111111101000001
000001110101010101001111011100110100101100100010110111110101000001000010000001001111000110000001101000111000011100101110111100001101101111111101000001
000001110101010101001111011100110100101100100010110111110101000001000010000001001111000110000001101000111000011100101110111100001101101111111101000001
111110110101010101001111011100110100101100100010110111110101000001000010000001001111000110000001101000111000011100101110111100001101101111111101000001
111111010101010101001111011100110100101100100010110111110101000001000010000001001111000110000001101000111000011100101110111100001101101111111101000001
111111100101010101001111011100110100101100100010110111110101000001000010000001001111000110000001101000111000011100101110111100001101101111111101000001
000000000101010101001111011100110100101100100010110111110101000001000010000001001111000110000001101000111000011100101110111100001101101111111101000001
111111111001010101001111011100110100101100100010110111110101000001000010000001001111000110000001101000111000011100101110111100001101101111111101000001
000000000001010101001111011100110100101100100010110111110101000001000010000001001111000110000001101000111000011100101110111100001101101111111101000001
111111111110010101001111011100110100101100100010110111110101000001000010000001001111000110000001101000111000011100101110111100001101101111111101000001
000000000000010101001111011100110100101100100010110111110101000001000010000001001111000110000001101000111000011100101110111100001101101111111101000001
111111111111100101001111011100110100101100100010110111110101000001000010000001001111000110000001101000111000011100101110111100001101101111111101000001
000000000000000101001111011100110100101100100010110111110101000001000010000001001111000110000001101000111000011100101110111100001101101111111101000001
111111111111111001001111011100110100101100100010110111110101000001000010000001001111000110000001101000111000011100101110111100001101101111111101000001
000000000000000001001111011100110100101100100010110111110101000001000010000001001111000110000001101000111000011100101110111100001101101111111101000001
111111111111111110001111011100110100101100100010110111110101000001000010000001001111000110000001101000111000011100101110111100001101101111111101000001
000000000000000000001111011100110100101100100010110111110101000001000010000001001111000110000001101000111000011100101110111100001101101111111101000001
000000000000000000001111011100110100101100100010110111110101000001000010000001001111000110000001101000111000011100101110111100001101101111111101000001
111111111111111111110111011100110100101100100010110111110101000001000010000001001111000110000001101000111000011100101110111100001101101111111101000001
111111111111111111111011011100110100101100100010110111110101000001000010000001001111000110000001101000111000011100101110111100001101101111111101000001
111111111111111111111101011100110100101100100010110111110101000001000010000001001111000110000001101000111000011100101110111100001101101111111101000001
111111111111111111111110011100110100101100100010110111110101000001000010000001001111000110000001101000111000011100101110111100001101101111111101000001
000000000000000000000000011100110100101100100010110111110101000001000010000001001111000110000001101000111000011100101110111100001101101111111101000001
111111111111111111111111101100110100101100100010110111110101000001000010000001001111000110000001101000111000011100101110111100001101101111111101000001
111111111111111111111111110100110100101100100010110111110101000001000010000001001111000110000001101000111000011100101110111100001101101111111101000001
111111111111111111111111111000110100101100100010110111110101000001000010000001001111000110000001101000111000011100101110111100001101101111111101000001
000000000000000000000000000000110100101100100010110111110101000001000010000001001111000110000001101000111000011100101110111100001101101111111101000001
000000000000000000000000000000110100101100100010110111110101000001000010000001001111000110000001101000111000011100101110111100001101101111111101000001
111111111111111111111111111111010100101100100010110111110101000001000010000001001111000110000001101000111000011100101110111100001101101111111101000001
111111111111111111111111111111100100101100100010110111110101000001000010000001001111000110000001101000111000011100101110111100001101101111111101000001
000000000000000000000000000000000100101100100010110111110101000001000010000001001111000110000001101000111000011100101110111100001101101111111101000001
111111111111111111111111111111111000101100100010110111110101000001000010000001001111000110000001101000111000011100101110111100001101101111111101000001
000000000000000000000000000000000000101100100010110111110101000001000010000001001111000110000001101000111000011100101110111100001101101111111101000001
000000000000000000000000000000000000101100100010110111110101000001000010000001001111000110000001101000111000011100101110111100001101101111111101000001
111111111111111111111111111111111111001100100010110111110101000001000010000001001111000110000001101000111000011100101110111100001101101111111101000001
000000000000000000000000000000000000001100100010110111110101000001000010000001001111000110000001101000111000011100101110111100001101101111111101000001
111111111111111111111111111111111111110100100010110111110101000001000010000001001111000110000001101000111000011100101110111100001101101111111101000001
111111111111111111111111111111111111111000100010110111110101000001000010000001001111000110000001101000111000011100101110111100001101101111111101000001
000000000000000000000000000000000000000000100010110111110101000001000010000001001111000110000001101000111000011100101110111100001101101111111101000001
000000000000000000000000000000000000000000100010110111110101000001000010000001001111000110000001101000111000011100101110111100001101101111111101000001
111111111111111111111111111111111111111111000010110111110101000001000010000001001111000110000001101000111000011100101110111100001101101111111101000001
000000000000000000000000000000000000000000000010110111110101000001000010000001001111000110000001101000111000011100101110111100001101101111111101000001
000000000000000000000000000000000000000000000010110111110101000001000010000001001111000110000001101000111000011100101110111100001101101111111101000001
000000000000000000000000000000000000000000000010110111110101000001000010000001001111000110000001101000111000011100101110111100001101101111111101000001
111111111111111111111111111111111111111111111100110111110101000001000010000001001111000110000001101000111000011100101110111100001101101111111101000001
000000000000000000000000000000000000000000000000110111110101000001000010000001001111000110000001101000111000011100101110111100001101101111111101000001
111111111111111111111111111111111111111111111111010111110101000001000010000001001111000110000001101000111000011100101110111100001101101111111101000001
111111111111111111111111111111111111111111111111100111110101000001000010000001001111000110000001101000111000011100101110111100001101101111111101000001
000000000000000000000000000000000000000000000000000111110101000001000010000001001111000110000001101000111000011100101110111100001101101111111101000001
111111111111111111111111111111111111111111111111111011110101000001000010000001001111000110000001101000111000011100101110111100001101101111111101000001
111111111111111111111111111111111111111111111111111101110101000001000010000001001111000110000001101000111000011100101110111100001101101111111101000001
111111111111111111111111111111111111111111111111111110110101000001000010000001001111000110000001101000111000011100101110111100001101101111111101000001
111111111111111111111111111111111111111111111111111111010101000001000010000001001111000110000001101000111000011100101110111100001101101111111101000001
111111111111111111111111111111111111111111111111111111100101000001000010000001001111000110000001101000111000011100101110111100001101101111111101000001
000000000000000000000000000000000000000000000000000000000101000001000010000001001111000110000001101000111000011100101110111100001101101111111101000001
111111111111111111111111111111111111111111111111111111111001000001000010000001001111000110000001101000111000011100101110111100001101101111111101000001
000000000000000000000000000000000000000000000000000000000001000001000010000001001111000110000001101000111000011100101110111100001101101111111101000001
111111111111111111111111111111111111111111111111111111111110000001000010000001001111000110000001101000111000011100101110111100001101101111111101000001
000000000000000000000000000000000000000000000000000000000000000001000010000001001111000110000001101000111000011100101110111100001101101111111101000001
000000000000000000000000000000000000000000000000000000000000000001000010000001001111000110000001101000111000011100101110111100001101101111111101000001
000000000000000000000000000000000000000000000000000000000000000001000010000001001111000110000001101000111000011100101110111100001101101111111101000001
000000000000000000000000000000000000000000000000000000000000000001000010000001001111000110000001101000111000011100101110111100001101101111111101000001
000000000000000000000000000000000000000000000000000000000000000001000010000001001111000110000001101000111000011100101110111100001101101111111101000001
111111111111111111111111111111111111111111111111111111111111111110000010000001001111000110000001101000111000011100101110111100001101101111111101000001
000000000000000000000000000000000000000000000000000000000000000000000010000001001111000110000001101000111000011100101110111100001101101111111101000001
000000000000000000000000000000000000000000000000000000000000000000000010000001001111000110000001101000111000011100101110111100001101101111111101000001
000000000000000000000000000000000000000000000000000000000000000000000010000001001111000110000001101000111000011100101110111100001101101111111101000001
000000000000000000000000000000000000000000000000000000000000000000000010000001001111000110000001101000111000011100101110111100001101101111111101000001
111111111111111111111111111111111111111111111111111111111111111111111100000001001111000110000001101000111000011100101110111100001101101111111101000001
000000000000000000000000000000000000000000000000000000000000000000000000000001001111000110000001101000111000011100101110111100001101101111111101000001
000000000000000000000000000000000000000000000000000000000000000000000000000001001111000110000001101000111000011100101110111100001101101111111101000001
000000000000000000000000000000000000000000000000000000000000000000000000000001001111000110000001101000111000011100101110111100001101101111111101000001
000000000000000000000000000000000000000000000000000000000000000000000000000001001111000110000001101000111000011100101110111100001101101111111101000001
000000000000000000000000000000000000000000000000000000000000000000000000000001001111000110000001101000111000011100101110111100001101101111111101000001
000000000000000000000000000000000000000000000000000000000000000000000000000001001111000110000001101000111000011100101110111100001101101111111101000001
111111111111111111111111111111111111111111111111111111111111111111111111111110001111000110000001101000111000011100101110111100001101101111111101000001
000000000000000000000000000000000000000000000000000000000000000000000000000000001111000110000001101000111000011100101110111100001101101111111101000001
000000000000000000000000000000000000000000000000000000000000000000000000000000001111000110000001101000111000011100101110111100001101101111111101000001
111111111111111111111111111111111111111111111111111111111111111111111111111111110111000110000001101000111000011100101110111100001101101111111101000001
111111111111111111111111111111111111111111111111111111111111111111111111111111111011000110000001101000111000011100101110111100001101101111111101000001
111111111111111111111111111111111111111111111111111111111111111111111111111111111101000110000001101000111000011100101110111100001101101111111101000001
111111111111111111111111111111111111111111111111111111111111111111111111111111111110000110000001101000111000011100101110111100001101101111111101000001
000000000000000000000000000000000000000000000000000000000000000000000000000000000000000110000001101000111000011100101110111100001101101111111101000001
000000000000000000000000000000000000000000000000000000000000000000000000000000000000000110000001101000111000011100101110111100001101101111111101000001
000000000000000000000000000000000000000000000000000000000000000000000000000000000000000110000001101000111000011100101110111100001101101111111101000001
111111111111111111111111111111111111111111111111111111111111111111111111111111111111111010000001101000111000011100101110111100001101101111111101000001
111111111111111111111111111111111111111111111111111111111111111111111111111111111111111100000001101000111000011100101110111100001101101111111101000001
000000000000000000000000000000000000000000000000000000000000000000000000000000000000000000000001101000111000011100101110111100001101101111111101000001
000000000000000000000000000000000000000000000000000000000000000000000000000000000000000000000001101000111000011100101110111100001101101111111101000001
000000000000000000000000000000000000000000000000000000000000000000000000000000000000000000000001101000111000011100101110111100001101101111111101000001
000000000000000000000000000000000000000000000000000000000000000000000000000000000000000000000001101000111000011100101110111100001101101111111101000001
000000000000000000000000000000000000000000000000000000000000000000000000000000000000000000000001101000111000011100101110111100001101101111111101000001
000000000000000000000000000000000000000000000000000000000000000000000000000000000000000000000001101000111000011100101110111100001101101111111101000001
111111111111111111111111111111111111111111111111111111111111111111111111111111111111111111111110101000111000011100101110111100001101101111111101000001
111111111111111111111111111111111111111111111111111111111111111111111111111111111111111111111111001000111000011100101110111100001101101111111101000001
000000000000000000000000000000000000000000000000000000000000000000000000000000000000000000000000001000111000011100101110111100001101101111111101000001
111111111111111111111111111111111111111111111111111111111111111111111111111111111111111111111111110000111000011100101110111100001101101111111101000001
000000000000000000000000000000000000000000000000000000000000000000000000000000000000000000000000000000111000011100101110111100001101101111111101000001
000000000000000000000000000000000000000000000000000000000000000000000000000000000000000000000000000000111000011100101110111100001101101111111101000001
000000000000000000000000000000000000000000000000000000000000000000000000000000000000000000000000000000111000011100101110111100001101101111111101000001
111111111111111111111111111111111111111111111111111111111111111111111111111111111111111111111111111111011000011100101110111100001101101111111101000001
111111111111111111111111111111111111111111111111111111111111111111111111111111111111111111111111111111101000011100101110111100001101101111111101000001
111111111111111111111111111111111111111111111111111111111111111111111111111111111111111111111111111111110000011100101110111100001101101111111101000001
000000000000000000000000000000000000000000000000000000000000000000000000000000000000000000000000000000000000011100101110111100001101101111111101000001
000000000000000000000000000000000000000000000000000000000000000000000000000000000000000000000000000000000000011100101110111100001101101111111101000001
000000000000000000000000000000000000000000000000000000000000000000000000000000000000000000000000000000000000011100101110111100001101101111111101000001
000000000000000000000000000000000000000000000000000000000000000000000000000000000000000000000000000000000000011100101110111100001101101111111101000001
111111111111111111111111111111111111111111111111111111111111111111111111111111111111111111111111111111111111101100101110111100001101101111111101000001
111111111111111111111111111111111111111111111111111111111111111111111111111111111111111111111111111111111111110100101110111100001101101111111101000001
111111111111111111111111111111111111111111111111111111111111111111111111111111111111111111111111111111111111111000101110111100001101101111111101000001
000000000000000000000000000000000000000000000000000000000000000000000000000000000000000000000000000000000000000000101110111100001101101111111101000001
000000000000000000000000000000000000000000000000000000000000000000000000000000000000000000000000000000000000000000101110111100001101101111111101000001
111111111111111111111111111111111111111111111111111111111111111111111111111111111111111111111111111111111111111111001110111100001101101111111101000001
000000000000000000000000000000000000000000000000000000000000000000000000000000000000000000000000000000000000000000001110111100001101101111111101000001
111111111111111111111111111111111111111111111111111111111111111111111111111111111111111111111111111111111111111111110110111100001101101111111101000001
111111111111111111111111111111111111111111111111111111111111111111111111111111111111111111111111111111111111111111111010111100001101101111111101000001
111111111111111111111111111111111111111111111111111111111111111111111111111111111111111111111111111111111111111111111100111100001101101111111101000001
000000000000000000000000000000000000000000000000000000000000000000000000000000000000000000000000000000000000000000000000111100001101101111111101000001
111111111111111111111111111111111111111111111111111111111111111111111111111111111111111111111111111111111111111111111111011100001101101111111101000001
111111111111111111111111111111111111111111111111111111111111111111111111111111111111111111111111111111111111111111111111101100001101101111111101000001
111111111111111111111111111111111111111111111111111111111111111111111111111111111111111111111111111111111111111111111111110100001101101111111101000001
111111111111111111111111111111111111111111111111111111111111111111111111111111111111111111111111111111111111111111111111111000001101101111111101000001
000000000000000000000000000000000000000000000000000000000000000000000000000000000000000000000000000000000000000000000000000000001101101111111101000001
000000000000000000000000000000000000000000000000000000000000000000000000000000000000000000000000000000000000000000000000000000001101101111111101000001
000000000000000000000000000000000000000000000000000000000000000000000000000000000000000000000000000000000000000000000000000000001101101111111101000001
000000000000000000000000000000000000000000000000000000000000000000000000000000000000000000000000000000000000000000000000000000001101101111111101000001
111111111111111111111111111111111111111111111111111111111111111111111111111111111111111111111111111111111111111111111111111111110101101111111101000001
111111111111111111111111111111111111111111111111111111111111111111111111111111111111111111111111111111111111111111111111111111111001101111111101000001
000000000000000000000000000000000000000000000000000000000000000000000000000000000000000000000000000000000000000000000000000000000001101111111101000001
111111111111111111111111111111111111111111111111111111111111111111111111111111111111111111111111111111111111111111111111111111111110101111111101000001
111111111111111111111111111111111111111111111111111111111111111111111111111111111111111111111111111111111111111111111111111111111111001111111101000001
000000000000000000000000000000000000000000000000000000000000000000000000000000000000000000000000000000000000000000000000000000000000001111111101000001
111111111111111111111111111111111111111111111111111111111111111111111111111111111111111111111111111111111111111111111111111111111111110111111101000001
111111111111111111111111111111111111111111111111111111111111111111111111111111111111111111111111111111111111111111111111111111111111111011111101000001
111111111111111111111111111111111111111111111111111111111111111111111111111111111111111111111111111111111111111111111111111111111111111101111101000001
111111111111111111111111111111111111111111111111111111111111111111111111111111111111111111111111111111111111111111111111111111111111111110111101000001
111111111111111111111111111111111111111111111111111111111111111111111111111111111111111111111111111111111111111111111111111111111111111111011101000001
111111111111111111111111111111111111111111111111111111111111111111111111111111111111111111111111111111111111111111111111111111111111111111101101000001
111111111111111111111111111111111111111111111111111111111111111111111111111111111111111111111111111111111111111111111111111111111111111111110101000001
111111111111111111111111111111111111111111111111111111111111111111111111111111111111111111111111111111111111111111111111111111111111111111111001000001
000000000000000000000000000000000000000000000000000000000000000000000000000000000000000000000000000000000000000000000000000000000000000000000001000001
111111111111111111111111111111111111111111111111111111111111111111111111111111111111111111111111111111111111111111111111111111111111111111111110000001
000000000000000000000000000000000000000000000000000000000000000000000000000000000000000000000000000000000000000000000000000000000000000000000000000001
000000000000000000000000000000000000000000000000000000000000000000000000000000000000000000000000000000000000000000000000000000000000000000000000000001
000000000000000000000000000000000000000000000000000000000000000000000000000000000000000000000000000000000000000000000000000000000000000000000000000001
000000000000000000000000000000000000000000000000000000000000000000000000000000000000000000000000000000000000000000000000000000000000000000000000000001
000000000000000000000000000000000000000000000000000000000000000000000000000000000000000000000000000000000000000000000000000000000000000000000000000001
111111111111111111111111111111111111111111111111111111111111111111111111111111111111111111111111111111111111111111111111111111111111111111111111111110
