0100101011011111101110011011100111111111011011111111111101111101111101
1000101011011111101110011011100111111111011011111111111101111101111101
0000101011011111101110011011100111111111011011111111111101111101111101
0000101011011111101110011011100111111111011011111111111101111101111101
1111001011011111101110011011100111111111011011111111111101111101111101
0000001011011111101110011011100111111111011011111111111101111101111101
1111110011011111101110011011100111111111011011111111111101111101111101
0000000011011111101110011011100111111111011011111111111101111101111101
1111111101011111101110011011100111111111011011111111111101111101111101
1111111110011111101110011011100111111111011011111111111101111101111101
0000000000011111101110011011100111111111011011111111111101111101111101
1111111111101111101110011011100111111111011011111111111101111101111101
1111111111110111101110011011100111111111011011111111111101111101111101
1111111111111011101110011011100111111111011011111111111101111101111101
1111111111111101101110011011100111111111011011111111111101111101111101
1111111111111110101110011011100111111111011011111111111101111101111101
1111111111111111001110011011100111111111011011111111111101111101111101
0000000000000000001110011011100111111111011011111111111101111101111101
1111111111111111110110011011100111111111011011111111111101111101111101
1111111111111111111010011011100111111111011011111111111101111101111101
1111111111111111111100011011100111111111011011111111111101111101111101
0000000000000000000000011011100111111111011011111111111101111101111101
0000000000000000000000011011100111111111011011111111111101111101111101
1111111111111111111111101011100111111111011011111111111101111101111101
1111111111111111111111110011100111111111011011111111111101111101111101
0000000000000000000000000011100111111111011011111111111101111101111101
1111111111111111111111111101100111111111011011111111111101111101111101
1111111111111111111111111110100111111111011011111111111101111101111101
1111111111111111111111111111000111111111011011111111111101111101111101
0000000000000000000000000000000111111111011011111111111101111101111101
0000000000000000000000000000000111111111011011111111111101111101111101
1111111111111111111111111111111011111111011011111111111101111101111101
1111111111111111111111111111111101111111011011111111111101111101111101
1111111111111111111111111111111110111111011011111111111101111101111101
1111111111111111111111111111111111011111011011111111111101111101111101
1111111111111111111111111111111111101111011011111111111101111101111101
1111111111111111111111111111111111110111011011111111111101111101111101
1111111111111111111111111111111111111011011011111111111101111101111101
1111111111111111111111111111111111111101011011111111111101111101111101
1111111111111111111111111111111111111110011011111111111101111101111101
0000000000000000000000000000000000000000011011111111111101111101111101
1111111111111111111111111111111111111111101011111111111101111101111101
1111111111111111111111111111111111111111110011111111111101111101111101
0000000000000000000000000000000000000000000011111111111101111101111101
1111111111111111111111111111111111111111111101111111111101111101111101
1111111111111111111111111111111111111111111110111111111101111101111101
1111111111111111111111111111111111111111111111011111111101111101111101
1111111111111111111111111111111111111111111111101111111101111101111101
1111111111111111111111111111111111111111111111110111111101111101111101
1111111111111111111111111111111111111111111111111011111101111101111101
1111111111111111111111111111111111111111111111111101111101111101111101
1111111111111111111111111111111111111111111111111110111101111101111101
1111111111111111111111111111111111111111111111111111011101111101111101
1111111111111111111111111111111111111111111111111111101101111101111101
1111111111111111111111111111111111111111111111111111110101111101111101
1111111111111111111111111111111111111111111111111111111001111101111101
0000000000000000000000000000000000000000000000000000000001111101111101
1111111111111111111111111111111111111111111111111111111110111101111101
1111111111111111111111111111111111111111111111111111111111011101111101
1111111111111111111111111111111111111111111111111111111111101101111101
1111111111111111111111111111111111111111111111111111111111110101111101
1111111111111111111111111111111111111111111111111111111111111001111101
0000000000000000000000000000000000000000000000000000000000000001111101
1111111111111111111111111111111111111111111111111111111111111110111101
1111111111111111111111111111111111111111111111111111111111111111011101
1111111111111111111111111111111111111111111111111111111111111111101101
1111111111111111111111111111111111111111111111111111111111111111110101
1111111111111111111111111111111111111111111111111111111111111111111001
0000000000000000000000000000000000000000000000000000000000000000000001
1111111111111111111111111111111111111111111111111111111111111111111110
