0110010011110011101111011111110011110111
1010010011110011101111011111110011110111
1100010011110011101111011111110011110111
0000010011110011101111011111110011110111
0000010011110011101111011111110011110111
1111100011110011101111011111110011110111
0000000011110011101111011111110011110111
0000000011110011101111011111110011110111
1111111101110011101111011111110011110111
1111111110110011101111011111110011110111
1111111111010011101111011111110011110111
1111111111100011101111011111110011110111
0000000000000011101111011111110011110111
0000000000000011101111011111110011110111
1111111111111101101111011111110011110111
1111111111111110101111011111110011110111
1111111111111111001111011111110011110111
0000000000000000001111011111110011110111
1111111111111111110111011111110011110111
1111111111111111111011011111110011110111
1111111111111111111101011111110011110111
1111111111111111111110011111110011110111
0000000000000000000000011111110011110111
1111111111111111111111101111110011110111
1111111111111111111111110111110011110111
1111111111111111111111111011110011110111
1111111111111111111111111101110011110111
1111111111111111111111111110110011110111
1111111111111111111111111111010011110111
1111111111111111111111111111100011110111
0000000000000000000000000000000011110111
0000000000000000000000000000000011110111
1111111111111111111111111111111101110111
1111111111111111111111111111111110110111
1111111111111111111111111111111111010111
1111111111111111111111111111111111100111
0000000000000000000000000000000000000111
1111111111111111111111111111111111111011
1111111111111111111111111111111111111101
1111111111111111111111111111111111111110
