01000000100010000010000101001000000100000001000001011100001000011010000000100100
10000000100010000010000101001000000100000001000001011100001000011010000000100100
00000000100010000010000101001000000100000001000001011100001000011010000000100100
00000000100010000010000101001000000100000001000001011100001000011010000000100100
00000000100010000010000101001000000100000001000001011100001000011010000000100100
00000000100010000010000101001000000100000001000001011100001000011010000000100100
00000000100010000010000101001000000100000001000001011100001000011010000000100100
00000000100010000010000101001000000100000001000001011100001000011010000000100100
11111111000010000010000101001000000100000001000001011100001000011010000000100100
00000000000010000010000101001000000100000001000001011100001000011010000000100100
00000000000010000010000101001000000100000001000001011100001000011010000000100100
00000000000010000010000101001000000100000001000001011100001000011010000000100100
11111111111100000010000101001000000100000001000001011100001000011010000000100100
00000000000000000010000101001000000100000001000001011100001000011010000000100100
00000000000000000010000101001000000100000001000001011100001000011010000000100100
00000000000000000010000101001000000100000001000001011100001000011010000000100100
00000000000000000010000101001000000100000001000001011100001000011010000000100100
00000000000000000010000101001000000100000001000001011100001000011010000000100100
11111111111111111100000101001000000100000001000001011100001000011010000000100100
00000000000000000000000101001000000100000001000001011100001000011010000000100100
00000000000000000000000101001000000100000001000001011100001000011010000000100100
00000000000000000000000101001000000100000001000001011100001000011010000000100100
00000000000000000000000101001000000100000001000001011100001000011010000000100100
11111111111111111111111001001000000100000001000001011100001000011010000000100100
00000000000000000000000001001000000100000001000001011100001000011010000000100100
11111111111111111111111110001000000100000001000001011100001000011010000000100100
00000000000000000000000000001000000100000001000001011100001000011010000000100100
00000000000000000000000000001000000100000001000001011100001000011010000000100100
11111111111111111111111111110000000100000001000001011100001000011010000000100100
00000000000000000000000000000000000100000001000001011100001000011010000000100100
00000000000000000000000000000000000100000001000001011100001000011010000000100100
00000000000000000000000000000000000100000001000001011100001000011010000000100100
00000000000000000000000000000000000100000001000001011100001000011010000000100100
00000000000000000000000000000000000100000001000001011100001000011010000000100100
00000000000000000000000000000000000100000001000001011100001000011010000000100100
11111111111111111111111111111111111000000001000001011100001000011010000000100100
00000000000000000000000000000000000000000001000001011100001000011010000000100100
00000000000000000000000000000000000000000001000001011100001000011010000000100100
00000000000000000000000000000000000000000001000001011100001000011010000000100100
00000000000000000000000000000000000000000001000001011100001000011010000000100100
00000000000000000000000000000000000000000001000001011100001000011010000000100100
00000000000000000000000000000000000000000001000001011100001000011010000000100100
00000000000000000000000000000000000000000001000001011100001000011010000000100100
11111111111111111111111111111111111111111110000001011100001000011010000000100100
00000000000000000000000000000000000000000000000001011100001000011010000000100100
00000000000000000000000000000000000000000000000001011100001000011010000000100100
00000000000000000000000000000000000000000000000001011100001000011010000000100100
00000000000000000000000000000000000000000000000001011100001000011010000000100100
00000000000000000000000000000000000000000000000001011100001000011010000000100100
11111111111111111111111111111111111111111111111110011100001000011010000000100100
00000000000000000000000000000000000000000000000000011100001000011010000000100100
11111111111111111111111111111111111111111111111111101100001000011010000000100100
11111111111111111111111111111111111111111111111111110100001000011010000000100100
11111111111111111111111111111111111111111111111111111000001000011010000000100100
00000000000000000000000000000000000000000000000000000000001000011010000000100100
00000000000000000000000000000000000000000000000000000000001000011010000000100100
00000000000000000000000000000000000000000000000000000000001000011010000000100100
00000000000000000000000000000000000000000000000000000000001000011010000000100100
11111111111111111111111111111111111111111111111111111111110000011010000000100100
00000000000000000000000000000000000000000000000000000000000000011010000000100100
00000000000000000000000000000000000000000000000000000000000000011010000000100100
00000000000000000000000000000000000000000000000000000000000000011010000000100100
00000000000000000000000000000000000000000000000000000000000000011010000000100100
11111111111111111111111111111111111111111111111111111111111111101010000000100100
11111111111111111111111111111111111111111111111111111111111111110010000000100100
00000000000000000000000000000000000000000000000000000000000000000010000000100100
11111111111111111111111111111111111111111111111111111111111111111100000000100100
00000000000000000000000000000000000000000000000000000000000000000000000000100100
00000000000000000000000000000000000000000000000000000000000000000000000000100100
00000000000000000000000000000000000000000000000000000000000000000000000000100100
00000000000000000000000000000000000000000000000000000000000000000000000000100100
00000000000000000000000000000000000000000000000000000000000000000000000000100100
00000000000000000000000000000000000000000000000000000000000000000000000000100100
00000000000000000000000000000000000000000000000000000000000000000000000000100100
11111111111111111111111111111111111111111111111111111111111111111111111111000100
00000000000000000000000000000000000000000000000000000000000000000000000000000100
00000000000000000000000000000000000000000000000000000000000000000000000000000100
11111111111111111111111111111111111111111111111111111111111111111111111111111000
00000000000000000000000000000000000000000000000000000000000000000000000000000000
00000000000000000000000000000000000000000000000000000000000000000000000000000000
