0011111110101110110010000011111000111001
0011111110101110110010000011111000111001
1101111110101110110010000011111000111001
1110111110101110110010000011111000111001
1111011110101110110010000011111000111001
1111101110101110110010000011111000111001
1111110110101110110010000011111000111001
1111111010101110110010000011111000111001
1111111100101110110010000011111000111001
0000000000101110110010000011111000111001
1111111111001110110010000011111000111001
0000000000001110110010000011111000111001
1111111111110110110010000011111000111001
1111111111111010110010000011111000111001
1111111111111100110010000011111000111001
0000000000000000110010000011111000111001
1111111111111111010010000011111000111001
1111111111111111100010000011111000111001
0000000000000000000010000011111000111001
0000000000000000000010000011111000111001
1111111111111111111100000011111000111001
0000000000000000000000000011111000111001
0000000000000000000000000011111000111001
0000000000000000000000000011111000111001
0000000000000000000000000011111000111001
0000000000000000000000000011111000111001
1111111111111111111111111101111000111001
1111111111111111111111111110111000111001
1111111111111111111111111111011000111001
1111111111111111111111111111101000111001
1111111111111111111111111111110000111001
0000000000000000000000000000000000111001
0000000000000000000000000000000000111001
0000000000000000000000000000000000111001
1111111111111111111111111111111111011001
1111111111111111111111111111111111101001
1111111111111111111111111111111111110001
0000000000000000000000000000000000000001
0000000000000000000000000000000000000001
1111111111111111111111111111111111111110
