0110111111111111110111011011111010111111
1010111111111111110111011011111010111111
1100111111111111110111011011111010111111
0000111111111111110111011011111010111111
1111011111111111110111011011111010111111
1111101111111111110111011011111010111111
1111110111111111110111011011111010111111
1111111011111111110111011011111010111111
1111111101111111110111011011111010111111
1111111110111111110111011011111010111111
1111111111011111110111011011111010111111
1111111111101111110111011011111010111111
1111111111110111110111011011111010111111
1111111111111011110111011011111010111111
1111111111111101110111011011111010111111
1111111111111110110111011011111010111111
1111111111111111010111011011111010111111
1111111111111111100111011011111010111111
0000000000000000000111011011111010111111
1111111111111111111011011011111010111111
1111111111111111111101011011111010111111
1111111111111111111110011011111010111111
0000000000000000000000011011111010111111
1111111111111111111111101011111010111111
1111111111111111111111110011111010111111
0000000000000000000000000011111010111111
1111111111111111111111111101111010111111
1111111111111111111111111110111010111111
1111111111111111111111111111011010111111
1111111111111111111111111111101010111111
1111111111111111111111111111110010111111
0000000000000000000000000000000010111111
1111111111111111111111111111111100111111
0000000000000000000000000000000000111111
1111111111111111111111111111111111011111
1111111111111111111111111111111111101111
1111111111111111111111111111111111110111
1111111111111111111111111111111111111011
1111111111111111111111111111111111111101
1111111111111111111111111111111111111110
