011011000101100011101111011101101101110101110101100000111101101010000100100000001100111101111100100011100111111011001011100101110100111110000011101111
101011000101100011101111011101101101110101110101100000111101101010000100100000001100111101111100100011100111111011001011100101110100111110000011101111
110011000101100011101111011101101101110101110101100000111101101010000100100000001100111101111100100011100111111011001011100101110100111110000011101111
000011000101100011101111011101101101110101110101100000111101101010000100100000001100111101111100100011100111111011001011100101110100111110000011101111
111101000101100011101111011101101101110101110101100000111101101010000100100000001100111101111100100011100111111011001011100101110100111110000011101111
111110000101100011101111011101101101110101110101100000111101101010000100100000001100111101111100100011100111111011001011100101110100111110000011101111
000000000101100011101111011101101101110101110101100000111101101010000100100000001100111101111100100011100111111011001011100101110100111110000011101111
000000000101100011101111011101101101110101110101100000111101101010000100100000001100111101111100100011100111111011001011100101110100111110000011101111
000000000101100011101111011101101101110101110101100000111101101010000100100000001100111101111100100011100111111011001011100101110100111110000011101111
111111111001100011101111011101101101110101110101100000111101101010000100100000001100111101111100100011100111111011001011100101110100111110000011101111
000000000001100011101111011101101101110101110101100000111101101010000100100000001100111101111100100011100111111011001011100101110100111110000011101111
111111111110100011101111011101101101110101110101100000111101101010000100100000001100111101111100100011100111111011001011100101110100111110000011101111
111111111111000011101111011101101101110101110101100000111101101010000100100000001100111101111100100011100111111011001011100101110100111110000011101111
000000000000000011101111011101101101110101110101100000111101101010000100100000001100111101111100100011100111111011001011100101110100111110000011101111
000000000000000011101111011101101101110101110101100000111101101010000100100000001100111101111100100011100111111011001011100101110100111110000011101111
000000000000000011101111011101101101110101110101100000111101101010000100100000001100111101111100100011100111111011001011100101110100111110000011101111
111111111111111101101111011101101101110101110101100000111101101010000100100000001100111101111100100011100111111011001011100101110100111110000011101111
111111111111111110101111011101101101110101110101100000111101101010000100100000001100111101111100100011100111111011001011100101110100111110000011101111
111111111111111111001111011101101101110101110101100000111101101010000100100000001100111101111100100011100111111011001011100101110100111110000011101111
000000000000000000001111011101101101110101110101100000111101101010000100100000001100111101111100100011100111111011001011100101110100111110000011101111
111111111111111111110111011101101101110101110101100000111101101010000100100000001100111101111100100011100111111011001011100101110100111110000011101111
111111111111111111111011011101101101110101110101100000111101101010000100100000001100111101111100100011100111111011001011100101110100111110000011101111
111111111111111111111101011101101101110101110101100000111101101010000100100000001100111101111100100011100111111011001011100101110100111110000011101111
111111111111111111111110011101101101110101110101100000111101101010000100100000001100111101111100100011100111111011001011100101110100111110000011101111
000000000000000000000000011101101101110101110101100000111101101010000100100000001100111101111100100011100111111011001011100101110100111110000011101111
111111111111111111111111101101101101110101110101100000111101101010000100100000001100111101111100100011100111111011001011100101110100111110000011101111
111111111111111111111111110101101101110101110101100000111101101010000100100000001100111101111100100011100111111011001011100101110100111110000011101111
111111111111111111111111111001101101110101110101100000111101101010000100100000001100111101111100100011100111111011001011100101110100111110000011101111
000000000000000000000000000001101101110101110101100000111101101010000100100000001100111101111100100011100111111011001011100101110100111110000011101111
111111111111111111111111111110101101110101110101100000111101101010000100100000001100111101111100100011100111111011001011100101110100111110000011101111
111111111111111111111111111111001101110101110101100000111101101010000100100000001100111101111100100011100111111011001011100101110100111110000011101111
000000000000000000000000000000001101110101110101100000111101101010000100100000001100111101111100100011100111111011001011100101110100111110000011101111
111111111111111111111111111111110101110101110101100000111101101010000100100000001100111101111100100011100111111011001011100101110100111110000011101111
111111111111111111111111111111111001110101110101100000111101101010000100100000001100111101111100100011100111111011001011100101110100111110000011101111
000000000000000000000000000000000001110101110101100000111101101010000100100000001100111101111100100011100111111011001011100101110100111110000011101111
111111111111111111111111111111111110110101110101100000111101101010000100100000001100111101111100100011100111111011001011100101110100111110000011101111
111111111111111111111111111111111111010101110101100000111101101010000100100000001100111101111100100011100111111011001011100101110100111110000011101111
111111111111111111111111111111111111100101110101100000111101101010000100100000001100111101111100100011100111111011001011100101110100111110000011101111
000000000000000000000000000000000000000101110101100000111101101010000100100000001100111101111100100011100111111011001011100101110100111110000011101111
111111111111111111111111111111111111111001110101100000111101101010000100100000001100111101111100100011100111111011001011100101110100111110000011101111
000000000000000000000000000000000000000001110101100000111101101010000100100000001100111101111100100011100111111011001011100101110100111110000011101111
111111111111111111111111111111111111111110110101100000111101101010000100100000001100111101111100100011100111111011001011100101110100111110000011101111
111111111111111111111111111111111111111111010101100000111101101010000100100000001100111101111100100011100111111011001011100101110100111110000011101111
111111111111111111111111111111111111111111100101100000111101101010000100100000001100111101111100100011100111111011001011100101110100111110000011101111
000000000000000000000000000000000000000000000101100000111101101010000100100000001100111101111100100011100111111011001011100101110100111110000011101111
111111111111111111111111111111111111111111111001100000111101101010000100100000001100111101111100100011100111111011001011100101110100111110000011101111
000000000000000000000000000000000000000000000001100000111101101010000100100000001100111101111100100011100111111011001011100101110100111110000011101111
111111111111111111111111111111111111111111111110100000111101101010000100100000001100111101111100100011100111111011001011100101110100111110000011101111
111111111111111111111111111111111111111111111111000000111101101010000100100000001100111101111100100011100111111011001011100101110100111110000011101111
000000000000000000000000000000000000000000000000000000111101101010000100100000001100111101111100100011100111111011001011100101110100111110000011101111
000000000000000000000000000000000000000000000000000000111101101010000100100000001100111101111100100011100111111011001011100101110100111110000011101111
000000000000000000000000000000000000000000000000000000111101101010000100100000001100111101111100100011100111111011001011100101110100111110000011101111
000000000000000000000000000000000000000000000000000000111101101010000100100000001100111101111100100011100111111011001011100101110100111110000011101111
000000000000000000000000000000000000000000000000000000111101101010000100100000001100111101111100100011100111111011001011100101110100111110000011101111
111111111111111111111111111111111111111111111111111111011101101010000100100000001100111101111100100011100111111011001011100101110100111110000011101111
111111111111111111111111111111111111111111111111111111101101101010000100100000001100111101111100100011100111111011001011100101110100111110000011101111
111111111111111111111111111111111111111111111111111111110101101010000100100000001100111101111100100011100111111011001011100101110100111110000011101111
111111111111111111111111111111111111111111111111111111111001101010000100100000001100111101111100100011100111111011001011100101110100111110000011101111
000000000000000000000000000000000000000000000000000000000001101010000100100000001100111101111100100011100111111011001011100101110100111110000011101111
111111111111111111111111111111111111111111111111111111111110101010000100100000001100111101111100100011100111111011001011100101110100111110000011101111
111111111111111111111111111111111111111111111111111111111111001010000100100000001100111101111100100011100111111011001011100101110100111110000011101111
000000000000000000000000000000000000000000000000000000000000001010000100100000001100111101111100100011100111111011001011100101110100111110000011101111
111111111111111111111111111111111111111111111111111111111111110010000100100000001100111101111100100011100111111011001011100101110100111110000011101111
000000000000000000000000000000000000000000000000000000000000000010000100100000001100111101111100100011100111111011001011100101110100111110000011101111
111111111111111111111111111111111111111111111111111111111111111100000100100000001100111101111100100011100111111011001011100101110100111110000011101111
000000000000000000000000000000000000000000000000000000000000000000000100100000001100111101111100100011100111111011001011100101110100111110000011101111
000000000000000000000000000000000000000000000000000000000000000000000100100000001100111101111100100011100111111011001011100101110100111110000011101111
000000000000000000000000000000000000000000000000000000000000000000000100100000001100111101111100100011100111111011001011100101110100111110000011101111
000000000000000000000000000000000000000000000000000000000000000000000100100000001100111101111100100011100111111011001011100101110100111110000011101111
111111111111111111111111111111111111111111111111111111111111111111111000100000001100111101111100100011100111111011001011100101110100111110000011101111
000000000000000000000000000000000000000000000000000000000000000000000000100000001100111101111100100011100111111011001011100101110100111110000011101111
000000000000000000000000000000000000000000000000000000000000000000000000100000001100111101111100100011100111111011001011100101110100111110000011101111
111111111111111111111111111111111111111111111111111111111111111111111111000000001100111101111100100011100111111011001011100101110100111110000011101111
000000000000000000000000000000000000000000000000000000000000000000000000000000001100111101111100100011100111111011001011100101110100111110000011101111
000000000000000000000000000000000000000000000000000000000000000000000000000000001100111101111100100011100111111011001011100101110100111110000011101111
000000000000000000000000000000000000000000000000000000000000000000000000000000001100111101111100100011100111111011001011100101110100111110000011101111
000000000000000000000000000000000000000000000000000000000000000000000000000000001100111101111100100011100111111011001011100101110100111110000011101111
000000000000000000000000000000000000000000000000000000000000000000000000000000001100111101111100100011100111111011001011100101110100111110000011101111
000000000000000000000000000000000000000000000000000000000000000000000000000000001100111101111100100011100111111011001011100101110100111110000011101111
000000000000000000000000000000000000000000000000000000000000000000000000000000001100111101111100100011100111111011001011100101110100111110000011101111
111111111111111111111111111111111111111111111111111111111111111111111111111111110100111101111100100011100111111011001011100101110100111110000011101111
111111111111111111111111111111111111111111111111111111111111111111111111111111111000111101111100100011100111111011001011100101110100111110000011101111
000000000000000000000000000000000000000000000000000000000000000000000000000000000000111101111100100011100111111011001011100101110100111110000011101111
000000000000000000000000000000000000000000000000000000000000000000000000000000000000111101111100100011100111111011001011100101110100111110000011101111
111111111111111111111111111111111111111111111111111111111111111111111111111111111111011101111100100011100111111011001011100101110100111110000011101111
111111111111111111111111111111111111111111111111111111111111111111111111111111111111101101111100100011100111111011001011100101110100111110000011101111
111111111111111111111111111111111111111111111111111111111111111111111111111111111111110101111100100011100111111011001011100101110100111110000011101111
111111111111111111111111111111111111111111111111111111111111111111111111111111111111111001111100100011100111111011001011100101110100111110000011101111
000000000000000000000000000000000000000000000000000000000000000000000000000000000000000001111100100011100111111011001011100101110100111110000011101111
111111111111111111111111111111111111111111111111111111111111111111111111111111111111111110111100100011100111111011001011100101110100111110000011101111
111111111111111111111111111111111111111111111111111111111111111111111111111111111111111111011100100011100111111011001011100101110100111110000011101111
111111111111111111111111111111111111111111111111111111111111111111111111111111111111111111101100100011100111111011001011100101110100111110000011101111
111111111111111111111111111111111111111111111111111111111111111111111111111111111111111111110100100011100111111011001011100101110100111110000011101111
111111111111111111111111111111111111111111111111111111111111111111111111111111111111111111111000100011100111111011001011100101110100111110000011101111
000000000000000000000000000000000000000000000000000000000000000000000000000000000000000000000000100011100111111011001011100101110100111110000011101111
000000000000000000000000000000000000000000000000000000000000000000000000000000000000000000000000100011100111111011001011100101110100111110000011101111
111111111111111111111111111111111111111111111111111111111111111111111111111111111111111111111111000011100111111011001011100101110100111110000011101111
000000000000000000000000000000000000000000000000000000000000000000000000000000000000000000000000000011100111111011001011100101110100111110000011101111
000000000000000000000000000000000000000000000000000000000000000000000000000000000000000000000000000011100111111011001011100101110100111110000011101111
000000000000000000000000000000000000000000000000000000000000000000000000000000000000000000000000000011100111111011001011100101110100111110000011101111
111111111111111111111111111111111111111111111111111111111111111111111111111111111111111111111111111101100111111011001011100101110100111110000011101111
111111111111111111111111111111111111111111111111111111111111111111111111111111111111111111111111111110100111111011001011100101110100111110000011101111
111111111111111111111111111111111111111111111111111111111111111111111111111111111111111111111111111111000111111011001011100101110100111110000011101111
000000000000000000000000000000000000000000000000000000000000000000000000000000000000000000000000000000000111111011001011100101110100111110000011101111
000000000000000000000000000000000000000000000000000000000000000000000000000000000000000000000000000000000111111011001011100101110100111110000011101111
111111111111111111111111111111111111111111111111111111111111111111111111111111111111111111111111111111111011111011001011100101110100111110000011101111
111111111111111111111111111111111111111111111111111111111111111111111111111111111111111111111111111111111101111011001011100101110100111110000011101111
111111111111111111111111111111111111111111111111111111111111111111111111111111111111111111111111111111111110111011001011100101110100111110000011101111
111111111111111111111111111111111111111111111111111111111111111111111111111111111111111111111111111111111111011011001011100101110100111110000011101111
111111111111111111111111111111111111111111111111111111111111111111111111111111111111111111111111111111111111101011001011100101110100111110000011101111
111111111111111111111111111111111111111111111111111111111111111111111111111111111111111111111111111111111111110011001011100101110100111110000011101111
000000000000000000000000000000000000000000000000000000000000000000000000000000000000000000000000000000000000000011001011100101110100111110000011101111
111111111111111111111111111111111111111111111111111111111111111111111111111111111111111111111111111111111111111101001011100101110100111110000011101111
111111111111111111111111111111111111111111111111111111111111111111111111111111111111111111111111111111111111111110001011100101110100111110000011101111
000000000000000000000000000000000000000000000000000000000000000000000000000000000000000000000000000000000000000000001011100101110100111110000011101111
000000000000000000000000000000000000000000000000000000000000000000000000000000000000000000000000000000000000000000001011100101110100111110000011101111
111111111111111111111111111111111111111111111111111111111111111111111111111111111111111111111111111111111111111111110011100101110100111110000011101111
000000000000000000000000000000000000000000000000000000000000000000000000000000000000000000000000000000000000000000000011100101110100111110000011101111
111111111111111111111111111111111111111111111111111111111111111111111111111111111111111111111111111111111111111111111101100101110100111110000011101111
111111111111111111111111111111111111111111111111111111111111111111111111111111111111111111111111111111111111111111111110100101110100111110000011101111
111111111111111111111111111111111111111111111111111111111111111111111111111111111111111111111111111111111111111111111111000101110100111110000011101111
000000000000000000000000000000000000000000000000000000000000000000000000000000000000000000000000000000000000000000000000000101110100111110000011101111
000000000000000000000000000000000000000000000000000000000000000000000000000000000000000000000000000000000000000000000000000101110100111110000011101111
111111111111111111111111111111111111111111111111111111111111111111111111111111111111111111111111111111111111111111111111111001110100111110000011101111
000000000000000000000000000000000000000000000000000000000000000000000000000000000000000000000000000000000000000000000000000001110100111110000011101111
111111111111111111111111111111111111111111111111111111111111111111111111111111111111111111111111111111111111111111111111111110110100111110000011101111
111111111111111111111111111111111111111111111111111111111111111111111111111111111111111111111111111111111111111111111111111111010100111110000011101111
111111111111111111111111111111111111111111111111111111111111111111111111111111111111111111111111111111111111111111111111111111100100111110000011101111
000000000000000000000000000000000000000000000000000000000000000000000000000000000000000000000000000000000000000000000000000000000100111110000011101111
111111111111111111111111111111111111111111111111111111111111111111111111111111111111111111111111111111111111111111111111111111111000111110000011101111
000000000000000000000000000000000000000000000000000000000000000000000000000000000000000000000000000000000000000000000000000000000000111110000011101111
000000000000000000000000000000000000000000000000000000000000000000000000000000000000000000000000000000000000000000000000000000000000111110000011101111
111111111111111111111111111111111111111111111111111111111111111111111111111111111111111111111111111111111111111111111111111111111111011110000011101111
111111111111111111111111111111111111111111111111111111111111111111111111111111111111111111111111111111111111111111111111111111111111101110000011101111
111111111111111111111111111111111111111111111111111111111111111111111111111111111111111111111111111111111111111111111111111111111111110110000011101111
111111111111111111111111111111111111111111111111111111111111111111111111111111111111111111111111111111111111111111111111111111111111111010000011101111
111111111111111111111111111111111111111111111111111111111111111111111111111111111111111111111111111111111111111111111111111111111111111100000011101111
000000000000000000000000000000000000000000000000000000000000000000000000000000000000000000000000000000000000000000000000000000000000000000000011101111
000000000000000000000000000000000000000000000000000000000000000000000000000000000000000000000000000000000000000000000000000000000000000000000011101111
000000000000000000000000000000000000000000000000000000000000000000000000000000000000000000000000000000000000000000000000000000000000000000000011101111
000000000000000000000000000000000000000000000000000000000000000000000000000000000000000000000000000000000000000000000000000000000000000000000011101111
000000000000000000000000000000000000000000000000000000000000000000000000000000000000000000000000000000000000000000000000000000000000000000000011101111
111111111111111111111111111111111111111111111111111111111111111111111111111111111111111111111111111111111111111111111111111111111111111111111101101111
111111111111111111111111111111111111111111111111111111111111111111111111111111111111111111111111111111111111111111111111111111111111111111111110101111
111111111111111111111111111111111111111111111111111111111111111111111111111111111111111111111111111111111111111111111111111111111111111111111111001111
000000000000000000000000000000000000000000000000000000000000000000000000000000000000000000000000000000000000000000000000000000000000000000000000001111
111111111111111111111111111111111111111111111111111111111111111111111111111111111111111111111111111111111111111111111111111111111111111111111111110111
111111111111111111111111111111111111111111111111111111111111111111111111111111111111111111111111111111111111111111111111111111111111111111111111111011
111111111111111111111111111111111111111111111111111111111111111111111111111111111111111111111111111111111111111111111111111111111111111111111111111101
111111111111111111111111111111111111111111111111111111111111111111111111111111111111111111111111111111111111111111111111111111111111111111111111111110
