01001101110000100001000111001000111000010000010111001000100000000001100000010000
10001101110000100001000111001000111000010000010111001000100000000001100000010000
00001101110000100001000111001000111000010000010111001000100000000001100000010000
00001101110000100001000111001000111000010000010111001000100000000001100000010000
11110101110000100001000111001000111000010000010111001000100000000001100000010000
11111001110000100001000111001000111000010000010111001000100000000001100000010000
00000001110000100001000111001000111000010000010111001000100000000001100000010000
11111110110000100001000111001000111000010000010111001000100000000001100000010000
11111111010000100001000111001000111000010000010111001000100000000001100000010000
11111111100000100001000111001000111000010000010111001000100000000001100000010000
00000000000000100001000111001000111000010000010111001000100000000001100000010000
00000000000000100001000111001000111000010000010111001000100000000001100000010000
00000000000000100001000111001000111000010000010111001000100000000001100000010000
00000000000000100001000111001000111000010000010111001000100000000001100000010000
11111111111111000001000111001000111000010000010111001000100000000001100000010000
00000000000000000001000111001000111000010000010111001000100000000001100000010000
00000000000000000001000111001000111000010000010111001000100000000001100000010000
00000000000000000001000111001000111000010000010111001000100000000001100000010000
00000000000000000001000111001000111000010000010111001000100000000001100000010000
11111111111111111110000111001000111000010000010111001000100000000001100000010000
00000000000000000000000111001000111000010000010111001000100000000001100000010000
00000000000000000000000111001000111000010000010111001000100000000001100000010000
00000000000000000000000111001000111000010000010111001000100000000001100000010000
11111111111111111111111011001000111000010000010111001000100000000001100000010000
11111111111111111111111101001000111000010000010111001000100000000001100000010000
11111111111111111111111110001000111000010000010111001000100000000001100000010000
00000000000000000000000000001000111000010000010111001000100000000001100000010000
00000000000000000000000000001000111000010000010111001000100000000001100000010000
11111111111111111111111111110000111000010000010111001000100000000001100000010000
00000000000000000000000000000000111000010000010111001000100000000001100000010000
00000000000000000000000000000000111000010000010111001000100000000001100000010000
00000000000000000000000000000000111000010000010111001000100000000001100000010000
11111111111111111111111111111111011000010000010111001000100000000001100000010000
11111111111111111111111111111111101000010000010111001000100000000001100000010000
11111111111111111111111111111111110000010000010111001000100000000001100000010000
00000000000000000000000000000000000000010000010111001000100000000001100000010000
00000000000000000000000000000000000000010000010111001000100000000001100000010000
00000000000000000000000000000000000000010000010111001000100000000001100000010000
00000000000000000000000000000000000000010000010111001000100000000001100000010000
11111111111111111111111111111111111111100000010111001000100000000001100000010000
00000000000000000000000000000000000000000000010111001000100000000001100000010000
00000000000000000000000000000000000000000000010111001000100000000001100000010000
00000000000000000000000000000000000000000000010111001000100000000001100000010000
00000000000000000000000000000000000000000000010111001000100000000001100000010000
00000000000000000000000000000000000000000000010111001000100000000001100000010000
11111111111111111111111111111111111111111111100111001000100000000001100000010000
00000000000000000000000000000000000000000000000111001000100000000001100000010000
11111111111111111111111111111111111111111111111011001000100000000001100000010000
11111111111111111111111111111111111111111111111101001000100000000001100000010000
11111111111111111111111111111111111111111111111110001000100000000001100000010000
00000000000000000000000000000000000000000000000000001000100000000001100000010000
00000000000000000000000000000000000000000000000000001000100000000001100000010000
11111111111111111111111111111111111111111111111111110000100000000001100000010000
00000000000000000000000000000000000000000000000000000000100000000001100000010000
00000000000000000000000000000000000000000000000000000000100000000001100000010000
00000000000000000000000000000000000000000000000000000000100000000001100000010000
11111111111111111111111111111111111111111111111111111111000000000001100000010000
00000000000000000000000000000000000000000000000000000000000000000001100000010000
00000000000000000000000000000000000000000000000000000000000000000001100000010000
00000000000000000000000000000000000000000000000000000000000000000001100000010000
00000000000000000000000000000000000000000000000000000000000000000001100000010000
00000000000000000000000000000000000000000000000000000000000000000001100000010000
00000000000000000000000000000000000000000000000000000000000000000001100000010000
00000000000000000000000000000000000000000000000000000000000000000001100000010000
00000000000000000000000000000000000000000000000000000000000000000001100000010000
00000000000000000000000000000000000000000000000000000000000000000001100000010000
00000000000000000000000000000000000000000000000000000000000000000001100000010000
11111111111111111111111111111111111111111111111111111111111111111110100000010000
11111111111111111111111111111111111111111111111111111111111111111111000000010000
00000000000000000000000000000000000000000000000000000000000000000000000000010000
00000000000000000000000000000000000000000000000000000000000000000000000000010000
00000000000000000000000000000000000000000000000000000000000000000000000000010000
00000000000000000000000000000000000000000000000000000000000000000000000000010000
00000000000000000000000000000000000000000000000000000000000000000000000000010000
00000000000000000000000000000000000000000000000000000000000000000000000000010000
11111111111111111111111111111111111111111111111111111111111111111111111111100000
00000000000000000000000000000000000000000000000000000000000000000000000000000000
00000000000000000000000000000000000000000000000000000000000000000000000000000000
00000000000000000000000000000000000000000000000000000000000000000000000000000000
00000000000000000000000000000000000000000000000000000000000000000000000000000000
