00010110010100100000111110000000001001000101000110011101111110100001100110110000101011111100010110110111010010101111100000011010111011101111111101011101100111010101110101111001011100101101110111000011
00010110010100100000111110000000001001000101000110011101111110100001100110110000101011111100010110110111010010101111100000011010111011101111111101011101100111010101110101111001011100101101110111000011
00010110010100100000111110000000001001000101000110011101111110100001100110110000101011111100010110110111010010101111100000011010111011101111111101011101100111010101110101111001011100101101110111000011
11100110010100100000111110000000001001000101000110011101111110100001100110110000101011111100010110110111010010101111100000011010111011101111111101011101100111010101110101111001011100101101110111000011
00000110010100100000111110000000001001000101000110011101111110100001100110110000101011111100010110110111010010101111100000011010111011101111111101011101100111010101110101111001011100101101110111000011
11111010010100100000111110000000001001000101000110011101111110100001100110110000101011111100010110110111010010101111100000011010111011101111111101011101100111010101110101111001011100101101110111000011
11111100010100100000111110000000001001000101000110011101111110100001100110110000101011111100010110110111010010101111100000011010111011101111111101011101100111010101110101111001011100101101110111000011
00000000010100100000111110000000001001000101000110011101111110100001100110110000101011111100010110110111010010101111100000011010111011101111111101011101100111010101110101111001011100101101110111000011
00000000010100100000111110000000001001000101000110011101111110100001100110110000101011111100010110110111010010101111100000011010111011101111111101011101100111010101110101111001011100101101110111000011
11111111100100100000111110000000001001000101000110011101111110100001100110110000101011111100010110110111010010101111100000011010111011101111111101011101100111010101110101111001011100101101110111000011
00000000000100100000111110000000001001000101000110011101111110100001100110110000101011111100010110110111010010101111100000011010111011101111111101011101100111010101110101111001011100101101110111000011
11111111111000100000111110000000001001000101000110011101111110100001100110110000101011111100010110110111010010101111100000011010111011101111111101011101100111010101110101111001011100101101110111000011
00000000000000100000111110000000001001000101000110011101111110100001100110110000101011111100010110110111010010101111100000011010111011101111111101011101100111010101110101111001011100101101110111000011
00000000000000100000111110000000001001000101000110011101111110100001100110110000101011111100010110110111010010101111100000011010111011101111111101011101100111010101110101111001011100101101110111000011
11111111111111000000111110000000001001000101000110011101111110100001100110110000101011111100010110110111010010101111100000011010111011101111111101011101100111010101110101111001011100101101110111000011
00000000000000000000111110000000001001000101000110011101111110100001100110110000101011111100010110110111010010101111100000011010111011101111111101011101100111010101110101111001011100101101110111000011
00000000000000000000111110000000001001000101000110011101111110100001100110110000101011111100010110110111010010101111100000011010111011101111111101011101100111010101110101111001011100101101110111000011
00000000000000000000111110000000001001000101000110011101111110100001100110110000101011111100010110110111010010101111100000011010111011101111111101011101100111010101110101111001011100101101110111000011
00000000000000000000111110000000001001000101000110011101111110100001100110110000101011111100010110110111010010101111100000011010111011101111111101011101100111010101110101111001011100101101110111000011
00000000000000000000111110000000001001000101000110011101111110100001100110110000101011111100010110110111010010101111100000011010111011101111111101011101100111010101110101111001011100101101110111000011
11111111111111111111011110000000001001000101000110011101111110100001100110110000101011111100010110110111010010101111100000011010111011101111111101011101100111010101110101111001011100101101110111000011
11111111111111111111101110000000001001000101000110011101111110100001100110110000101011111100010110110111010010101111100000011010111011101111111101011101100111010101110101111001011100101101110111000011
11111111111111111111110110000000001001000101000110011101111110100001100110110000101011111100010110110111010010101111100000011010111011101111111101011101100111010101110101111001011100101101110111000011
11111111111111111111111010000000001001000101000110011101111110100001100110110000101011111100010110110111010010101111100000011010111011101111111101011101100111010101110101111001011100101101110111000011
11111111111111111111111100000000001001000101000110011101111110100001100110110000101011111100010110110111010010101111100000011010111011101111111101011101100111010101110101111001011100101101110111000011
00000000000000000000000000000000001001000101000110011101111110100001100110110000101011111100010110110111010010101111100000011010111011101111111101011101100111010101110101111001011100101101110111000011
00000000000000000000000000000000001001000101000110011101111110100001100110110000101011111100010110110111010010101111100000011010111011101111111101011101100111010101110101111001011100101101110111000011
00000000000000000000000000000000001001000101000110011101111110100001100110110000101011111100010110110111010010101111100000011010111011101111111101011101100111010101110101111001011100101101110111000011
00000000000000000000000000000000001001000101000110011101111110100001100110110000101011111100010110110111010010101111100000011010111011101111111101011101100111010101110101111001011100101101110111000011
00000000000000000000000000000000001001000101000110011101111110100001100110110000101011111100010110110111010010101111100000011010111011101111111101011101100111010101110101111001011100101101110111000011
00000000000000000000000000000000001001000101000110011101111110100001100110110000101011111100010110110111010010101111100000011010111011101111111101011101100111010101110101111001011100101101110111000011
00000000000000000000000000000000001001000101000110011101111110100001100110110000101011111100010110110111010010101111100000011010111011101111111101011101100111010101110101111001011100101101110111000011
00000000000000000000000000000000001001000101000110011101111110100001100110110000101011111100010110110111010010101111100000011010111011101111111101011101100111010101110101111001011100101101110111000011
00000000000000000000000000000000001001000101000110011101111110100001100110110000101011111100010110110111010010101111100000011010111011101111111101011101100111010101110101111001011100101101110111000011
11111111111111111111111111111111110001000101000110011101111110100001100110110000101011111100010110110111010010101111100000011010111011101111111101011101100111010101110101111001011100101101110111000011
00000000000000000000000000000000000001000101000110011101111110100001100110110000101011111100010110110111010010101111100000011010111011101111111101011101100111010101110101111001011100101101110111000011
00000000000000000000000000000000000001000101000110011101111110100001100110110000101011111100010110110111010010101111100000011010111011101111111101011101100111010101110101111001011100101101110111000011
11111111111111111111111111111111111110000101000110011101111110100001100110110000101011111100010110110111010010101111100000011010111011101111111101011101100111010101110101111001011100101101110111000011
00000000000000000000000000000000000000000101000110011101111110100001100110110000101011111100010110110111010010101111100000011010111011101111111101011101100111010101110101111001011100101101110111000011
00000000000000000000000000000000000000000101000110011101111110100001100110110000101011111100010110110111010010101111100000011010111011101111111101011101100111010101110101111001011100101101110111000011
00000000000000000000000000000000000000000101000110011101111110100001100110110000101011111100010110110111010010101111100000011010111011101111111101011101100111010101110101111001011100101101110111000011
11111111111111111111111111111111111111111001000110011101111110100001100110110000101011111100010110110111010010101111100000011010111011101111111101011101100111010101110101111001011100101101110111000011
00000000000000000000000000000000000000000001000110011101111110100001100110110000101011111100010110110111010010101111100000011010111011101111111101011101100111010101110101111001011100101101110111000011
11111111111111111111111111111111111111111110000110011101111110100001100110110000101011111100010110110111010010101111100000011010111011101111111101011101100111010101110101111001011100101101110111000011
00000000000000000000000000000000000000000000000110011101111110100001100110110000101011111100010110110111010010101111100000011010111011101111111101011101100111010101110101111001011100101101110111000011
00000000000000000000000000000000000000000000000110011101111110100001100110110000101011111100010110110111010010101111100000011010111011101111111101011101100111010101110101111001011100101101110111000011
00000000000000000000000000000000000000000000000110011101111110100001100110110000101011111100010110110111010010101111100000011010111011101111111101011101100111010101110101111001011100101101110111000011
11111111111111111111111111111111111111111111111010011101111110100001100110110000101011111100010110110111010010101111100000011010111011101111111101011101100111010101110101111001011100101101110111000011
11111111111111111111111111111111111111111111111100011101111110100001100110110000101011111100010110110111010010101111100000011010111011101111111101011101100111010101110101111001011100101101110111000011
00000000000000000000000000000000000000000000000000011101111110100001100110110000101011111100010110110111010010101111100000011010111011101111111101011101100111010101110101111001011100101101110111000011
00000000000000000000000000000000000000000000000000011101111110100001100110110000101011111100010110110111010010101111100000011010111011101111111101011101100111010101110101111001011100101101110111000011
11111111111111111111111111111111111111111111111111101101111110100001100110110000101011111100010110110111010010101111100000011010111011101111111101011101100111010101110101111001011100101101110111000011
11111111111111111111111111111111111111111111111111110101111110100001100110110000101011111100010110110111010010101111100000011010111011101111111101011101100111010101110101111001011100101101110111000011
11111111111111111111111111111111111111111111111111111001111110100001100110110000101011111100010110110111010010101111100000011010111011101111111101011101100111010101110101111001011100101101110111000011
00000000000000000000000000000000000000000000000000000001111110100001100110110000101011111100010110110111010010101111100000011010111011101111111101011101100111010101110101111001011100101101110111000011
11111111111111111111111111111111111111111111111111111110111110100001100110110000101011111100010110110111010010101111100000011010111011101111111101011101100111010101110101111001011100101101110111000011
11111111111111111111111111111111111111111111111111111111011110100001100110110000101011111100010110110111010010101111100000011010111011101111111101011101100111010101110101111001011100101101110111000011
11111111111111111111111111111111111111111111111111111111101110100001100110110000101011111100010110110111010010101111100000011010111011101111111101011101100111010101110101111001011100101101110111000011
11111111111111111111111111111111111111111111111111111111110110100001100110110000101011111100010110110111010010101111100000011010111011101111111101011101100111010101110101111001011100101101110111000011
11111111111111111111111111111111111111111111111111111111111010100001100110110000101011111100010110110111010010101111100000011010111011101111111101011101100111010101110101111001011100101101110111000011
11111111111111111111111111111111111111111111111111111111111100100001100110110000101011111100010110110111010010101111100000011010111011101111111101011101100111010101110101111001011100101101110111000011
00000000000000000000000000000000000000000000000000000000000000100001100110110000101011111100010110110111010010101111100000011010111011101111111101011101100111010101110101111001011100101101110111000011
11111111111111111111111111111111111111111111111111111111111111000001100110110000101011111100010110110111010010101111100000011010111011101111111101011101100111010101110101111001011100101101110111000011
00000000000000000000000000000000000000000000000000000000000000000001100110110000101011111100010110110111010010101111100000011010111011101111111101011101100111010101110101111001011100101101110111000011
00000000000000000000000000000000000000000000000000000000000000000001100110110000101011111100010110110111010010101111100000011010111011101111111101011101100111010101110101111001011100101101110111000011
00000000000000000000000000000000000000000000000000000000000000000001100110110000101011111100010110110111010010101111100000011010111011101111111101011101100111010101110101111001011100101101110111000011
00000000000000000000000000000000000000000000000000000000000000000001100110110000101011111100010110110111010010101111100000011010111011101111111101011101100111010101110101111001011100101101110111000011
11111111111111111111111111111111111111111111111111111111111111111110100110110000101011111100010110110111010010101111100000011010111011101111111101011101100111010101110101111001011100101101110111000011
11111111111111111111111111111111111111111111111111111111111111111111000110110000101011111100010110110111010010101111100000011010111011101111111101011101100111010101110101111001011100101101110111000011
00000000000000000000000000000000000000000000000000000000000000000000000110110000101011111100010110110111010010101111100000011010111011101111111101011101100111010101110101111001011100101101110111000011
00000000000000000000000000000000000000000000000000000000000000000000000110110000101011111100010110110111010010101111100000011010111011101111111101011101100111010101110101111001011100101101110111000011
11111111111111111111111111111111111111111111111111111111111111111111111010110000101011111100010110110111010010101111100000011010111011101111111101011101100111010101110101111001011100101101110111000011
11111111111111111111111111111111111111111111111111111111111111111111111100110000101011111100010110110111010010101111100000011010111011101111111101011101100111010101110101111001011100101101110111000011
00000000000000000000000000000000000000000000000000000000000000000000000000110000101011111100010110110111010010101111100000011010111011101111111101011101100111010101110101111001011100101101110111000011
11111111111111111111111111111111111111111111111111111111111111111111111111010000101011111100010110110111010010101111100000011010111011101111111101011101100111010101110101111001011100101101110111000011
11111111111111111111111111111111111111111111111111111111111111111111111111100000101011111100010110110111010010101111100000011010111011101111111101011101100111010101110101111001011100101101110111000011
00000000000000000000000000000000000000000000000000000000000000000000000000000000101011111100010110110111010010101111100000011010111011101111111101011101100111010101110101111001011100101101110111000011
00000000000000000000000000000000000000000000000000000000000000000000000000000000101011111100010110110111010010101111100000011010111011101111111101011101100111010101110101111001011100101101110111000011
00000000000000000000000000000000000000000000000000000000000000000000000000000000101011111100010110110111010010101111100000011010111011101111111101011101100111010101110101111001011100101101110111000011
00000000000000000000000000000000000000000000000000000000000000000000000000000000101011111100010110110111010010101111100000011010111011101111111101011101100111010101110101111001011100101101110111000011
11111111111111111111111111111111111111111111111111111111111111111111111111111111001011111100010110110111010010101111100000011010111011101111111101011101100111010101110101111001011100101101110111000011
00000000000000000000000000000000000000000000000000000000000000000000000000000000001011111100010110110111010010101111100000011010111011101111111101011101100111010101110101111001011100101101110111000011
11111111111111111111111111111111111111111111111111111111111111111111111111111111110011111100010110110111010010101111100000011010111011101111111101011101100111010101110101111001011100101101110111000011
00000000000000000000000000000000000000000000000000000000000000000000000000000000000011111100010110110111010010101111100000011010111011101111111101011101100111010101110101111001011100101101110111000011
11111111111111111111111111111111111111111111111111111111111111111111111111111111111101111100010110110111010010101111100000011010111011101111111101011101100111010101110101111001011100101101110111000011
11111111111111111111111111111111111111111111111111111111111111111111111111111111111110111100010110110111010010101111100000011010111011101111111101011101100111010101110101111001011100101101110111000011
11111111111111111111111111111111111111111111111111111111111111111111111111111111111111011100010110110111010010101111100000011010111011101111111101011101100111010101110101111001011100101101110111000011
11111111111111111111111111111111111111111111111111111111111111111111111111111111111111101100010110110111010010101111100000011010111011101111111101011101100111010101110101111001011100101101110111000011
11111111111111111111111111111111111111111111111111111111111111111111111111111111111111110100010110110111010010101111100000011010111011101111111101011101100111010101110101111001011100101101110111000011
11111111111111111111111111111111111111111111111111111111111111111111111111111111111111111000010110110111010010101111100000011010111011101111111101011101100111010101110101111001011100101101110111000011
00000000000000000000000000000000000000000000000000000000000000000000000000000000000000000000010110110111010010101111100000011010111011101111111101011101100111010101110101111001011100101101110111000011
00000000000000000000000000000000000000000000000000000000000000000000000000000000000000000000010110110111010010101111100000011010111011101111111101011101100111010101110101111001011100101101110111000011
00000000000000000000000000000000000000000000000000000000000000000000000000000000000000000000010110110111010010101111100000011010111011101111111101011101100111010101110101111001011100101101110111000011
11111111111111111111111111111111111111111111111111111111111111111111111111111111111111111111100110110111010010101111100000011010111011101111111101011101100111010101110101111001011100101101110111000011
00000000000000000000000000000000000000000000000000000000000000000000000000000000000000000000000110110111010010101111100000011010111011101111111101011101100111010101110101111001011100101101110111000011
11111111111111111111111111111111111111111111111111111111111111111111111111111111111111111111111010110111010010101111100000011010111011101111111101011101100111010101110101111001011100101101110111000011
11111111111111111111111111111111111111111111111111111111111111111111111111111111111111111111111100110111010010101111100000011010111011101111111101011101100111010101110101111001011100101101110111000011
00000000000000000000000000000000000000000000000000000000000000000000000000000000000000000000000000110111010010101111100000011010111011101111111101011101100111010101110101111001011100101101110111000011
11111111111111111111111111111111111111111111111111111111111111111111111111111111111111111111111111010111010010101111100000011010111011101111111101011101100111010101110101111001011100101101110111000011
11111111111111111111111111111111111111111111111111111111111111111111111111111111111111111111111111100111010010101111100000011010111011101111111101011101100111010101110101111001011100101101110111000011
00000000000000000000000000000000000000000000000000000000000000000000000000000000000000000000000000000111010010101111100000011010111011101111111101011101100111010101110101111001011100101101110111000011
11111111111111111111111111111111111111111111111111111111111111111111111111111111111111111111111111111011010010101111100000011010111011101111111101011101100111010101110101111001011100101101110111000011
11111111111111111111111111111111111111111111111111111111111111111111111111111111111111111111111111111101010010101111100000011010111011101111111101011101100111010101110101111001011100101101110111000011
11111111111111111111111111111111111111111111111111111111111111111111111111111111111111111111111111111110010010101111100000011010111011101111111101011101100111010101110101111001011100101101110111000011
00000000000000000000000000000000000000000000000000000000000000000000000000000000000000000000000000000000010010101111100000011010111011101111111101011101100111010101110101111001011100101101110111000011
11111111111111111111111111111111111111111111111111111111111111111111111111111111111111111111111111111111100010101111100000011010111011101111111101011101100111010101110101111001011100101101110111000011
00000000000000000000000000000000000000000000000000000000000000000000000000000000000000000000000000000000000010101111100000011010111011101111111101011101100111010101110101111001011100101101110111000011
00000000000000000000000000000000000000000000000000000000000000000000000000000000000000000000000000000000000010101111100000011010111011101111111101011101100111010101110101111001011100101101110111000011
11111111111111111111111111111111111111111111111111111111111111111111111111111111111111111111111111111111111100101111100000011010111011101111111101011101100111010101110101111001011100101101110111000011
00000000000000000000000000000000000000000000000000000000000000000000000000000000000000000000000000000000000000101111100000011010111011101111111101011101100111010101110101111001011100101101110111000011
11111111111111111111111111111111111111111111111111111111111111111111111111111111111111111111111111111111111111001111100000011010111011101111111101011101100111010101110101111001011100101101110111000011
00000000000000000000000000000000000000000000000000000000000000000000000000000000000000000000000000000000000000001111100000011010111011101111111101011101100111010101110101111001011100101101110111000011
11111111111111111111111111111111111111111111111111111111111111111111111111111111111111111111111111111111111111110111100000011010111011101111111101011101100111010101110101111001011100101101110111000011
11111111111111111111111111111111111111111111111111111111111111111111111111111111111111111111111111111111111111111011100000011010111011101111111101011101100111010101110101111001011100101101110111000011
11111111111111111111111111111111111111111111111111111111111111111111111111111111111111111111111111111111111111111101100000011010111011101111111101011101100111010101110101111001011100101101110111000011
11111111111111111111111111111111111111111111111111111111111111111111111111111111111111111111111111111111111111111110100000011010111011101111111101011101100111010101110101111001011100101101110111000011
11111111111111111111111111111111111111111111111111111111111111111111111111111111111111111111111111111111111111111111000000011010111011101111111101011101100111010101110101111001011100101101110111000011
00000000000000000000000000000000000000000000000000000000000000000000000000000000000000000000000000000000000000000000000000011010111011101111111101011101100111010101110101111001011100101101110111000011
00000000000000000000000000000000000000000000000000000000000000000000000000000000000000000000000000000000000000000000000000011010111011101111111101011101100111010101110101111001011100101101110111000011
00000000000000000000000000000000000000000000000000000000000000000000000000000000000000000000000000000000000000000000000000011010111011101111111101011101100111010101110101111001011100101101110111000011
00000000000000000000000000000000000000000000000000000000000000000000000000000000000000000000000000000000000000000000000000011010111011101111111101011101100111010101110101111001011100101101110111000011
00000000000000000000000000000000000000000000000000000000000000000000000000000000000000000000000000000000000000000000000000011010111011101111111101011101100111010101110101111001011100101101110111000011
00000000000000000000000000000000000000000000000000000000000000000000000000000000000000000000000000000000000000000000000000011010111011101111111101011101100111010101110101111001011100101101110111000011
11111111111111111111111111111111111111111111111111111111111111111111111111111111111111111111111111111111111111111111111111101010111011101111111101011101100111010101110101111001011100101101110111000011
11111111111111111111111111111111111111111111111111111111111111111111111111111111111111111111111111111111111111111111111111110010111011101111111101011101100111010101110101111001011100101101110111000011
00000000000000000000000000000000000000000000000000000000000000000000000000000000000000000000000000000000000000000000000000000010111011101111111101011101100111010101110101111001011100101101110111000011
11111111111111111111111111111111111111111111111111111111111111111111111111111111111111111111111111111111111111111111111111111100111011101111111101011101100111010101110101111001011100101101110111000011
00000000000000000000000000000000000000000000000000000000000000000000000000000000000000000000000000000000000000000000000000000000111011101111111101011101100111010101110101111001011100101101110111000011
11111111111111111111111111111111111111111111111111111111111111111111111111111111111111111111111111111111111111111111111111111111011011101111111101011101100111010101110101111001011100101101110111000011
11111111111111111111111111111111111111111111111111111111111111111111111111111111111111111111111111111111111111111111111111111111101011101111111101011101100111010101110101111001011100101101110111000011
11111111111111111111111111111111111111111111111111111111111111111111111111111111111111111111111111111111111111111111111111111111110011101111111101011101100111010101110101111001011100101101110111000011
00000000000000000000000000000000000000000000000000000000000000000000000000000000000000000000000000000000000000000000000000000000000011101111111101011101100111010101110101111001011100101101110111000011
11111111111111111111111111111111111111111111111111111111111111111111111111111111111111111111111111111111111111111111111111111111111101101111111101011101100111010101110101111001011100101101110111000011
11111111111111111111111111111111111111111111111111111111111111111111111111111111111111111111111111111111111111111111111111111111111110101111111101011101100111010101110101111001011100101101110111000011
11111111111111111111111111111111111111111111111111111111111111111111111111111111111111111111111111111111111111111111111111111111111111001111111101011101100111010101110101111001011100101101110111000011
00000000000000000000000000000000000000000000000000000000000000000000000000000000000000000000000000000000000000000000000000000000000000001111111101011101100111010101110101111001011100101101110111000011
11111111111111111111111111111111111111111111111111111111111111111111111111111111111111111111111111111111111111111111111111111111111111110111111101011101100111010101110101111001011100101101110111000011
11111111111111111111111111111111111111111111111111111111111111111111111111111111111111111111111111111111111111111111111111111111111111111011111101011101100111010101110101111001011100101101110111000011
11111111111111111111111111111111111111111111111111111111111111111111111111111111111111111111111111111111111111111111111111111111111111111101111101011101100111010101110101111001011100101101110111000011
11111111111111111111111111111111111111111111111111111111111111111111111111111111111111111111111111111111111111111111111111111111111111111110111101011101100111010101110101111001011100101101110111000011
11111111111111111111111111111111111111111111111111111111111111111111111111111111111111111111111111111111111111111111111111111111111111111111011101011101100111010101110101111001011100101101110111000011
11111111111111111111111111111111111111111111111111111111111111111111111111111111111111111111111111111111111111111111111111111111111111111111101101011101100111010101110101111001011100101101110111000011
11111111111111111111111111111111111111111111111111111111111111111111111111111111111111111111111111111111111111111111111111111111111111111111110101011101100111010101110101111001011100101101110111000011
11111111111111111111111111111111111111111111111111111111111111111111111111111111111111111111111111111111111111111111111111111111111111111111111001011101100111010101110101111001011100101101110111000011
00000000000000000000000000000000000000000000000000000000000000000000000000000000000000000000000000000000000000000000000000000000000000000000000001011101100111010101110101111001011100101101110111000011
11111111111111111111111111111111111111111111111111111111111111111111111111111111111111111111111111111111111111111111111111111111111111111111111110011101100111010101110101111001011100101101110111000011
00000000000000000000000000000000000000000000000000000000000000000000000000000000000000000000000000000000000000000000000000000000000000000000000000011101100111010101110101111001011100101101110111000011
11111111111111111111111111111111111111111111111111111111111111111111111111111111111111111111111111111111111111111111111111111111111111111111111111101101100111010101110101111001011100101101110111000011
11111111111111111111111111111111111111111111111111111111111111111111111111111111111111111111111111111111111111111111111111111111111111111111111111110101100111010101110101111001011100101101110111000011
11111111111111111111111111111111111111111111111111111111111111111111111111111111111111111111111111111111111111111111111111111111111111111111111111111001100111010101110101111001011100101101110111000011
00000000000000000000000000000000000000000000000000000000000000000000000000000000000000000000000000000000000000000000000000000000000000000000000000000001100111010101110101111001011100101101110111000011
11111111111111111111111111111111111111111111111111111111111111111111111111111111111111111111111111111111111111111111111111111111111111111111111111111110100111010101110101111001011100101101110111000011
11111111111111111111111111111111111111111111111111111111111111111111111111111111111111111111111111111111111111111111111111111111111111111111111111111111000111010101110101111001011100101101110111000011
00000000000000000000000000000000000000000000000000000000000000000000000000000000000000000000000000000000000000000000000000000000000000000000000000000000000111010101110101111001011100101101110111000011
00000000000000000000000000000000000000000000000000000000000000000000000000000000000000000000000000000000000000000000000000000000000000000000000000000000000111010101110101111001011100101101110111000011
11111111111111111111111111111111111111111111111111111111111111111111111111111111111111111111111111111111111111111111111111111111111111111111111111111111111011010101110101111001011100101101110111000011
11111111111111111111111111111111111111111111111111111111111111111111111111111111111111111111111111111111111111111111111111111111111111111111111111111111111101010101110101111001011100101101110111000011
11111111111111111111111111111111111111111111111111111111111111111111111111111111111111111111111111111111111111111111111111111111111111111111111111111111111110010101110101111001011100101101110111000011
00000000000000000000000000000000000000000000000000000000000000000000000000000000000000000000000000000000000000000000000000000000000000000000000000000000000000010101110101111001011100101101110111000011
11111111111111111111111111111111111111111111111111111111111111111111111111111111111111111111111111111111111111111111111111111111111111111111111111111111111111100101110101111001011100101101110111000011
00000000000000000000000000000000000000000000000000000000000000000000000000000000000000000000000000000000000000000000000000000000000000000000000000000000000000000101110101111001011100101101110111000011
11111111111111111111111111111111111111111111111111111111111111111111111111111111111111111111111111111111111111111111111111111111111111111111111111111111111111111001110101111001011100101101110111000011
00000000000000000000000000000000000000000000000000000000000000000000000000000000000000000000000000000000000000000000000000000000000000000000000000000000000000000001110101111001011100101101110111000011
11111111111111111111111111111111111111111111111111111111111111111111111111111111111111111111111111111111111111111111111111111111111111111111111111111111111111111110110101111001011100101101110111000011
11111111111111111111111111111111111111111111111111111111111111111111111111111111111111111111111111111111111111111111111111111111111111111111111111111111111111111111010101111001011100101101110111000011
11111111111111111111111111111111111111111111111111111111111111111111111111111111111111111111111111111111111111111111111111111111111111111111111111111111111111111111100101111001011100101101110111000011
00000000000000000000000000000000000000000000000000000000000000000000000000000000000000000000000000000000000000000000000000000000000000000000000000000000000000000000000101111001011100101101110111000011
11111111111111111111111111111111111111111111111111111111111111111111111111111111111111111111111111111111111111111111111111111111111111111111111111111111111111111111111001111001011100101101110111000011
00000000000000000000000000000000000000000000000000000000000000000000000000000000000000000000000000000000000000000000000000000000000000000000000000000000000000000000000001111001011100101101110111000011
11111111111111111111111111111111111111111111111111111111111111111111111111111111111111111111111111111111111111111111111111111111111111111111111111111111111111111111111110111001011100101101110111000011
11111111111111111111111111111111111111111111111111111111111111111111111111111111111111111111111111111111111111111111111111111111111111111111111111111111111111111111111111011001011100101101110111000011
11111111111111111111111111111111111111111111111111111111111111111111111111111111111111111111111111111111111111111111111111111111111111111111111111111111111111111111111111101001011100101101110111000011
11111111111111111111111111111111111111111111111111111111111111111111111111111111111111111111111111111111111111111111111111111111111111111111111111111111111111111111111111110001011100101101110111000011
00000000000000000000000000000000000000000000000000000000000000000000000000000000000000000000000000000000000000000000000000000000000000000000000000000000000000000000000000000001011100101101110111000011
00000000000000000000000000000000000000000000000000000000000000000000000000000000000000000000000000000000000000000000000000000000000000000000000000000000000000000000000000000001011100101101110111000011
11111111111111111111111111111111111111111111111111111111111111111111111111111111111111111111111111111111111111111111111111111111111111111111111111111111111111111111111111111110011100101101110111000011
00000000000000000000000000000000000000000000000000000000000000000000000000000000000000000000000000000000000000000000000000000000000000000000000000000000000000000000000000000000011100101101110111000011
11111111111111111111111111111111111111111111111111111111111111111111111111111111111111111111111111111111111111111111111111111111111111111111111111111111111111111111111111111111101100101101110111000011
11111111111111111111111111111111111111111111111111111111111111111111111111111111111111111111111111111111111111111111111111111111111111111111111111111111111111111111111111111111110100101101110111000011
11111111111111111111111111111111111111111111111111111111111111111111111111111111111111111111111111111111111111111111111111111111111111111111111111111111111111111111111111111111111000101101110111000011
00000000000000000000000000000000000000000000000000000000000000000000000000000000000000000000000000000000000000000000000000000000000000000000000000000000000000000000000000000000000000101101110111000011
00000000000000000000000000000000000000000000000000000000000000000000000000000000000000000000000000000000000000000000000000000000000000000000000000000000000000000000000000000000000000101101110111000011
11111111111111111111111111111111111111111111111111111111111111111111111111111111111111111111111111111111111111111111111111111111111111111111111111111111111111111111111111111111111111001101110111000011
00000000000000000000000000000000000000000000000000000000000000000000000000000000000000000000000000000000000000000000000000000000000000000000000000000000000000000000000000000000000000001101110111000011
11111111111111111111111111111111111111111111111111111111111111111111111111111111111111111111111111111111111111111111111111111111111111111111111111111111111111111111111111111111111111110101110111000011
11111111111111111111111111111111111111111111111111111111111111111111111111111111111111111111111111111111111111111111111111111111111111111111111111111111111111111111111111111111111111111001110111000011
00000000000000000000000000000000000000000000000000000000000000000000000000000000000000000000000000000000000000000000000000000000000000000000000000000000000000000000000000000000000000000001110111000011
11111111111111111111111111111111111111111111111111111111111111111111111111111111111111111111111111111111111111111111111111111111111111111111111111111111111111111111111111111111111111111110110111000011
11111111111111111111111111111111111111111111111111111111111111111111111111111111111111111111111111111111111111111111111111111111111111111111111111111111111111111111111111111111111111111111010111000011
11111111111111111111111111111111111111111111111111111111111111111111111111111111111111111111111111111111111111111111111111111111111111111111111111111111111111111111111111111111111111111111100111000011
00000000000000000000000000000000000000000000000000000000000000000000000000000000000000000000000000000000000000000000000000000000000000000000000000000000000000000000000000000000000000000000000111000011
11111111111111111111111111111111111111111111111111111111111111111111111111111111111111111111111111111111111111111111111111111111111111111111111111111111111111111111111111111111111111111111111011000011
11111111111111111111111111111111111111111111111111111111111111111111111111111111111111111111111111111111111111111111111111111111111111111111111111111111111111111111111111111111111111111111111101000011
11111111111111111111111111111111111111111111111111111111111111111111111111111111111111111111111111111111111111111111111111111111111111111111111111111111111111111111111111111111111111111111111110000011
00000000000000000000000000000000000000000000000000000000000000000000000000000000000000000000000000000000000000000000000000000000000000000000000000000000000000000000000000000000000000000000000000000011
00000000000000000000000000000000000000000000000000000000000000000000000000000000000000000000000000000000000000000000000000000000000000000000000000000000000000000000000000000000000000000000000000000011
00000000000000000000000000000000000000000000000000000000000000000000000000000000000000000000000000000000000000000000000000000000000000000000000000000000000000000000000000000000000000000000000000000011
00000000000000000000000000000000000000000000000000000000000000000000000000000000000000000000000000000000000000000000000000000000000000000000000000000000000000000000000000000000000000000000000000000011
11111111111111111111111111111111111111111111111111111111111111111111111111111111111111111111111111111111111111111111111111111111111111111111111111111111111111111111111111111111111111111111111111111101
11111111111111111111111111111111111111111111111111111111111111111111111111111111111111111111111111111111111111111111111111111111111111111111111111111111111111111111111111111111111111111111111111111110
