0011100111110111110111110111111110111111
0011100111110111110111110111111110111111
1101100111110111110111110111111110111111
1110100111110111110111110111111110111111
1111000111110111110111110111111110111111
0000000111110111110111110111111110111111
0000000111110111110111110111111110111111
1111111011110111110111110111111110111111
1111111101110111110111110111111110111111
1111111110110111110111110111111110111111
1111111111010111110111110111111110111111
1111111111100111110111110111111110111111
0000000000000111110111110111111110111111
1111111111111011110111110111111110111111
1111111111111101110111110111111110111111
1111111111111110110111110111111110111111
1111111111111111010111110111111110111111
1111111111111111100111110111111110111111
0000000000000000000111110111111110111111
1111111111111111111011110111111110111111
1111111111111111111101110111111110111111
1111111111111111111110110111111110111111
1111111111111111111111010111111110111111
1111111111111111111111100111111110111111
0000000000000000000000000111111110111111
1111111111111111111111111011111110111111
1111111111111111111111111101111110111111
1111111111111111111111111110111110111111
1111111111111111111111111111011110111111
1111111111111111111111111111101110111111
1111111111111111111111111111110110111111
1111111111111111111111111111111010111111
1111111111111111111111111111111100111111
0000000000000000000000000000000000111111
1111111111111111111111111111111111011111
1111111111111111111111111111111111101111
1111111111111111111111111111111111110111
1111111111111111111111111111111111111011
1111111111111111111111111111111111111101
1111111111111111111111111111111111111110
