00010000001000010000000010010101100000000100100000
00010000001000010000000010010101100000000100100000
00010000001000010000000010010101100000000100100000
11100000001000010000000010010101100000000100100000
00000000001000010000000010010101100000000100100000
00000000001000010000000010010101100000000100100000
00000000001000010000000010010101100000000100100000
00000000001000010000000010010101100000000100100000
00000000001000010000000010010101100000000100100000
00000000001000010000000010010101100000000100100000
11111111110000010000000010010101100000000100100000
00000000000000010000000010010101100000000100100000
00000000000000010000000010010101100000000100100000
00000000000000010000000010010101100000000100100000
00000000000000010000000010010101100000000100100000
11111111111111100000000010010101100000000100100000
00000000000000000000000010010101100000000100100000
00000000000000000000000010010101100000000100100000
00000000000000000000000010010101100000000100100000
00000000000000000000000010010101100000000100100000
00000000000000000000000010010101100000000100100000
00000000000000000000000010010101100000000100100000
00000000000000000000000010010101100000000100100000
00000000000000000000000010010101100000000100100000
11111111111111111111111100010101100000000100100000
00000000000000000000000000010101100000000100100000
00000000000000000000000000010101100000000100100000
11111111111111111111111111100101100000000100100000
00000000000000000000000000000101100000000100100000
11111111111111111111111111111001100000000100100000
00000000000000000000000000000001100000000100100000
11111111111111111111111111111110100000000100100000
11111111111111111111111111111111000000000100100000
00000000000000000000000000000000000000000100100000
00000000000000000000000000000000000000000100100000
00000000000000000000000000000000000000000100100000
00000000000000000000000000000000000000000100100000
00000000000000000000000000000000000000000100100000
00000000000000000000000000000000000000000100100000
00000000000000000000000000000000000000000100100000
00000000000000000000000000000000000000000100100000
11111111111111111111111111111111111111111000100000
00000000000000000000000000000000000000000000100000
00000000000000000000000000000000000000000000100000
11111111111111111111111111111111111111111111000000
00000000000000000000000000000000000000000000000000
00000000000000000000000000000000000000000000000000
00000000000000000000000000000000000000000000000000
00000000000000000000000000000000000000000000000000
00000000000000000000000000000000000000000000000000
