010000000010011100100001100101110010001110110111100111001101100001110001001010011111010001
100000000010011100100001100101110010001110110111100111001101100001110001001010011111010001
000000000010011100100001100101110010001110110111100111001101100001110001001010011111010001
000000000010011100100001100101110010001110110111100111001101100001110001001010011111010001
000000000010011100100001100101110010001110110111100111001101100001110001001010011111010001
000000000010011100100001100101110010001110110111100111001101100001110001001010011111010001
000000000010011100100001100101110010001110110111100111001101100001110001001010011111010001
000000000010011100100001100101110010001110110111100111001101100001110001001010011111010001
000000000010011100100001100101110010001110110111100111001101100001110001001010011111010001
000000000010011100100001100101110010001110110111100111001101100001110001001010011111010001
111111111100011100100001100101110010001110110111100111001101100001110001001010011111010001
000000000000011100100001100101110010001110110111100111001101100001110001001010011111010001
000000000000011100100001100101110010001110110111100111001101100001110001001010011111010001
111111111111101100100001100101110010001110110111100111001101100001110001001010011111010001
111111111111110100100001100101110010001110110111100111001101100001110001001010011111010001
111111111111111000100001100101110010001110110111100111001101100001110001001010011111010001
000000000000000000100001100101110010001110110111100111001101100001110001001010011111010001
000000000000000000100001100101110010001110110111100111001101100001110001001010011111010001
111111111111111111000001100101110010001110110111100111001101100001110001001010011111010001
000000000000000000000001100101110010001110110111100111001101100001110001001010011111010001
000000000000000000000001100101110010001110110111100111001101100001110001001010011111010001
000000000000000000000001100101110010001110110111100111001101100001110001001010011111010001
000000000000000000000001100101110010001110110111100111001101100001110001001010011111010001
111111111111111111111110100101110010001110110111100111001101100001110001001010011111010001
111111111111111111111111000101110010001110110111100111001101100001110001001010011111010001
000000000000000000000000000101110010001110110111100111001101100001110001001010011111010001
000000000000000000000000000101110010001110110111100111001101100001110001001010011111010001
111111111111111111111111111001110010001110110111100111001101100001110001001010011111010001
000000000000000000000000000001110010001110110111100111001101100001110001001010011111010001
111111111111111111111111111110110010001110110111100111001101100001110001001010011111010001
111111111111111111111111111111010010001110110111100111001101100001110001001010011111010001
111111111111111111111111111111100010001110110111100111001101100001110001001010011111010001
000000000000000000000000000000000010001110110111100111001101100001110001001010011111010001
000000000000000000000000000000000010001110110111100111001101100001110001001010011111010001
111111111111111111111111111111111100001110110111100111001101100001110001001010011111010001
000000000000000000000000000000000000001110110111100111001101100001110001001010011111010001
000000000000000000000000000000000000001110110111100111001101100001110001001010011111010001
000000000000000000000000000000000000001110110111100111001101100001110001001010011111010001
111111111111111111111111111111111111110110110111100111001101100001110001001010011111010001
111111111111111111111111111111111111111010110111100111001101100001110001001010011111010001
111111111111111111111111111111111111111100110111100111001101100001110001001010011111010001
000000000000000000000000000000000000000000110111100111001101100001110001001010011111010001
111111111111111111111111111111111111111111010111100111001101100001110001001010011111010001
111111111111111111111111111111111111111111100111100111001101100001110001001010011111010001
000000000000000000000000000000000000000000000111100111001101100001110001001010011111010001
111111111111111111111111111111111111111111111011100111001101100001110001001010011111010001
111111111111111111111111111111111111111111111101100111001101100001110001001010011111010001
111111111111111111111111111111111111111111111110100111001101100001110001001010011111010001
111111111111111111111111111111111111111111111111000111001101100001110001001010011111010001
000000000000000000000000000000000000000000000000000111001101100001110001001010011111010001
000000000000000000000000000000000000000000000000000111001101100001110001001010011111010001
111111111111111111111111111111111111111111111111111011001101100001110001001010011111010001
111111111111111111111111111111111111111111111111111101001101100001110001001010011111010001
111111111111111111111111111111111111111111111111111110001101100001110001001010011111010001
000000000000000000000000000000000000000000000000000000001101100001110001001010011111010001
000000000000000000000000000000000000000000000000000000001101100001110001001010011111010001
111111111111111111111111111111111111111111111111111111110101100001110001001010011111010001
111111111111111111111111111111111111111111111111111111111001100001110001001010011111010001
000000000000000000000000000000000000000000000000000000000001100001110001001010011111010001
111111111111111111111111111111111111111111111111111111111110100001110001001010011111010001
111111111111111111111111111111111111111111111111111111111111000001110001001010011111010001
000000000000000000000000000000000000000000000000000000000000000001110001001010011111010001
000000000000000000000000000000000000000000000000000000000000000001110001001010011111010001
000000000000000000000000000000000000000000000000000000000000000001110001001010011111010001
000000000000000000000000000000000000000000000000000000000000000001110001001010011111010001
111111111111111111111111111111111111111111111111111111111111111110110001001010011111010001
111111111111111111111111111111111111111111111111111111111111111111010001001010011111010001
111111111111111111111111111111111111111111111111111111111111111111100001001010011111010001
000000000000000000000000000000000000000000000000000000000000000000000001001010011111010001
000000000000000000000000000000000000000000000000000000000000000000000001001010011111010001
000000000000000000000000000000000000000000000000000000000000000000000001001010011111010001
111111111111111111111111111111111111111111111111111111111111111111111110001010011111010001
000000000000000000000000000000000000000000000000000000000000000000000000001010011111010001
000000000000000000000000000000000000000000000000000000000000000000000000001010011111010001
111111111111111111111111111111111111111111111111111111111111111111111111110010011111010001
000000000000000000000000000000000000000000000000000000000000000000000000000010011111010001
111111111111111111111111111111111111111111111111111111111111111111111111111100011111010001
000000000000000000000000000000000000000000000000000000000000000000000000000000011111010001
000000000000000000000000000000000000000000000000000000000000000000000000000000011111010001
111111111111111111111111111111111111111111111111111111111111111111111111111111101111010001
111111111111111111111111111111111111111111111111111111111111111111111111111111110111010001
111111111111111111111111111111111111111111111111111111111111111111111111111111111011010001
111111111111111111111111111111111111111111111111111111111111111111111111111111111101010001
111111111111111111111111111111111111111111111111111111111111111111111111111111111110010001
000000000000000000000000000000000000000000000000000000000000000000000000000000000000010001
111111111111111111111111111111111111111111111111111111111111111111111111111111111111100001
000000000000000000000000000000000000000000000000000000000000000000000000000000000000000001
000000000000000000000000000000000000000000000000000000000000000000000000000000000000000001
000000000000000000000000000000000000000000000000000000000000000000000000000000000000000001
111111111111111111111111111111111111111111111111111111111111111111111111111111111111111110
