0110011001000011100101001110111001011010010010110011001110001110010011000001110011101110110011000000
1010011001000011100101001110111001011010010010110011001110001110010011000001110011101110110011000000
1100011001000011100101001110111001011010010010110011001110001110010011000001110011101110110011000000
0000011001000011100101001110111001011010010010110011001110001110010011000001110011101110110011000000
0000011001000011100101001110111001011010010010110011001110001110010011000001110011101110110011000000
1111101001000011100101001110111001011010010010110011001110001110010011000001110011101110110011000000
1111110001000011100101001110111001011010010010110011001110001110010011000001110011101110110011000000
0000000001000011100101001110111001011010010010110011001110001110010011000001110011101110110011000000
0000000001000011100101001110111001011010010010110011001110001110010011000001110011101110110011000000
1111111110000011100101001110111001011010010010110011001110001110010011000001110011101110110011000000
0000000000000011100101001110111001011010010010110011001110001110010011000001110011101110110011000000
0000000000000011100101001110111001011010010010110011001110001110010011000001110011101110110011000000
0000000000000011100101001110111001011010010010110011001110001110010011000001110011101110110011000000
0000000000000011100101001110111001011010010010110011001110001110010011000001110011101110110011000000
1111111111111101100101001110111001011010010010110011001110001110010011000001110011101110110011000000
1111111111111110100101001110111001011010010010110011001110001110010011000001110011101110110011000000
1111111111111111000101001110111001011010010010110011001110001110010011000001110011101110110011000000
0000000000000000000101001110111001011010010010110011001110001110010011000001110011101110110011000000
0000000000000000000101001110111001011010010010110011001110001110010011000001110011101110110011000000
1111111111111111111001001110111001011010010010110011001110001110010011000001110011101110110011000000
0000000000000000000001001110111001011010010010110011001110001110010011000001110011101110110011000000
1111111111111111111110001110111001011010010010110011001110001110010011000001110011101110110011000000
0000000000000000000000001110111001011010010010110011001110001110010011000001110011101110110011000000
0000000000000000000000001110111001011010010010110011001110001110010011000001110011101110110011000000
1111111111111111111111110110111001011010010010110011001110001110010011000001110011101110110011000000
1111111111111111111111111010111001011010010010110011001110001110010011000001110011101110110011000000
1111111111111111111111111100111001011010010010110011001110001110010011000001110011101110110011000000
0000000000000000000000000000111001011010010010110011001110001110010011000001110011101110110011000000
1111111111111111111111111111011001011010010010110011001110001110010011000001110011101110110011000000
1111111111111111111111111111101001011010010010110011001110001110010011000001110011101110110011000000
1111111111111111111111111111110001011010010010110011001110001110010011000001110011101110110011000000
0000000000000000000000000000000001011010010010110011001110001110010011000001110011101110110011000000
0000000000000000000000000000000001011010010010110011001110001110010011000001110011101110110011000000
1111111111111111111111111111111110011010010010110011001110001110010011000001110011101110110011000000
0000000000000000000000000000000000011010010010110011001110001110010011000001110011101110110011000000
1111111111111111111111111111111111101010010010110011001110001110010011000001110011101110110011000000
1111111111111111111111111111111111110010010010110011001110001110010011000001110011101110110011000000
0000000000000000000000000000000000000010010010110011001110001110010011000001110011101110110011000000
1111111111111111111111111111111111111100010010110011001110001110010011000001110011101110110011000000
0000000000000000000000000000000000000000010010110011001110001110010011000001110011101110110011000000
0000000000000000000000000000000000000000010010110011001110001110010011000001110011101110110011000000
1111111111111111111111111111111111111111100010110011001110001110010011000001110011101110110011000000
0000000000000000000000000000000000000000000010110011001110001110010011000001110011101110110011000000
0000000000000000000000000000000000000000000010110011001110001110010011000001110011101110110011000000
1111111111111111111111111111111111111111111100110011001110001110010011000001110011101110110011000000
0000000000000000000000000000000000000000000000110011001110001110010011000001110011101110110011000000
1111111111111111111111111111111111111111111111010011001110001110010011000001110011101110110011000000
1111111111111111111111111111111111111111111111100011001110001110010011000001110011101110110011000000
0000000000000000000000000000000000000000000000000011001110001110010011000001110011101110110011000000
0000000000000000000000000000000000000000000000000011001110001110010011000001110011101110110011000000
1111111111111111111111111111111111111111111111111101001110001110010011000001110011101110110011000000
1111111111111111111111111111111111111111111111111110001110001110010011000001110011101110110011000000
0000000000000000000000000000000000000000000000000000001110001110010011000001110011101110110011000000
0000000000000000000000000000000000000000000000000000001110001110010011000001110011101110110011000000
1111111111111111111111111111111111111111111111111111110110001110010011000001110011101110110011000000
1111111111111111111111111111111111111111111111111111111010001110010011000001110011101110110011000000
1111111111111111111111111111111111111111111111111111111100001110010011000001110011101110110011000000
0000000000000000000000000000000000000000000000000000000000001110010011000001110011101110110011000000
0000000000000000000000000000000000000000000000000000000000001110010011000001110011101110110011000000
0000000000000000000000000000000000000000000000000000000000001110010011000001110011101110110011000000
1111111111111111111111111111111111111111111111111111111111110110010011000001110011101110110011000000
1111111111111111111111111111111111111111111111111111111111111010010011000001110011101110110011000000
1111111111111111111111111111111111111111111111111111111111111100010011000001110011101110110011000000
0000000000000000000000000000000000000000000000000000000000000000010011000001110011101110110011000000
0000000000000000000000000000000000000000000000000000000000000000010011000001110011101110110011000000
1111111111111111111111111111111111111111111111111111111111111111100011000001110011101110110011000000
0000000000000000000000000000000000000000000000000000000000000000000011000001110011101110110011000000
0000000000000000000000000000000000000000000000000000000000000000000011000001110011101110110011000000
1111111111111111111111111111111111111111111111111111111111111111111101000001110011101110110011000000
1111111111111111111111111111111111111111111111111111111111111111111110000001110011101110110011000000
0000000000000000000000000000000000000000000000000000000000000000000000000001110011101110110011000000
0000000000000000000000000000000000000000000000000000000000000000000000000001110011101110110011000000
0000000000000000000000000000000000000000000000000000000000000000000000000001110011101110110011000000
0000000000000000000000000000000000000000000000000000000000000000000000000001110011101110110011000000
0000000000000000000000000000000000000000000000000000000000000000000000000001110011101110110011000000
1111111111111111111111111111111111111111111111111111111111111111111111111110110011101110110011000000
1111111111111111111111111111111111111111111111111111111111111111111111111111010011101110110011000000
1111111111111111111111111111111111111111111111111111111111111111111111111111100011101110110011000000
0000000000000000000000000000000000000000000000000000000000000000000000000000000011101110110011000000
0000000000000000000000000000000000000000000000000000000000000000000000000000000011101110110011000000
1111111111111111111111111111111111111111111111111111111111111111111111111111111101101110110011000000
1111111111111111111111111111111111111111111111111111111111111111111111111111111110101110110011000000
1111111111111111111111111111111111111111111111111111111111111111111111111111111111001110110011000000
0000000000000000000000000000000000000000000000000000000000000000000000000000000000001110110011000000
1111111111111111111111111111111111111111111111111111111111111111111111111111111111110110110011000000
1111111111111111111111111111111111111111111111111111111111111111111111111111111111111010110011000000
1111111111111111111111111111111111111111111111111111111111111111111111111111111111111100110011000000
0000000000000000000000000000000000000000000000000000000000000000000000000000000000000000110011000000
1111111111111111111111111111111111111111111111111111111111111111111111111111111111111111010011000000
1111111111111111111111111111111111111111111111111111111111111111111111111111111111111111100011000000
0000000000000000000000000000000000000000000000000000000000000000000000000000000000000000000011000000
0000000000000000000000000000000000000000000000000000000000000000000000000000000000000000000011000000
1111111111111111111111111111111111111111111111111111111111111111111111111111111111111111111101000000
1111111111111111111111111111111111111111111111111111111111111111111111111111111111111111111110000000
0000000000000000000000000000000000000000000000000000000000000000000000000000000000000000000000000000
0000000000000000000000000000000000000000000000000000000000000000000000000000000000000000000000000000
0000000000000000000000000000000000000000000000000000000000000000000000000000000000000000000000000000
0000000000000000000000000000000000000000000000000000000000000000000000000000000000000000000000000000
0000000000000000000000000000000000000000000000000000000000000000000000000000000000000000000000000000
0000000000000000000000000000000000000000000000000000000000000000000000000000000000000000000000000000
