000100010000010100000000100000000111000000000110000000010100010000000000000001000010000000000010100100000110000100000110000110000100001010100101000011
000100010000010100000000100000000111000000000110000000010100010000000000000001000010000000000010100100000110000100000110000110000100001010100101000011
000100010000010100000000100000000111000000000110000000010100010000000000000001000010000000000010100100000110000100000110000110000100001010100101000011
111000010000010100000000100000000111000000000110000000010100010000000000000001000010000000000010100100000110000100000110000110000100001010100101000011
000000010000010100000000100000000111000000000110000000010100010000000000000001000010000000000010100100000110000100000110000110000100001010100101000011
000000010000010100000000100000000111000000000110000000010100010000000000000001000010000000000010100100000110000100000110000110000100001010100101000011
000000010000010100000000100000000111000000000110000000010100010000000000000001000010000000000010100100000110000100000110000110000100001010100101000011
111111100000010100000000100000000111000000000110000000010100010000000000000001000010000000000010100100000110000100000110000110000100001010100101000011
000000000000010100000000100000000111000000000110000000010100010000000000000001000010000000000010100100000110000100000110000110000100001010100101000011
000000000000010100000000100000000111000000000110000000010100010000000000000001000010000000000010100100000110000100000110000110000100001010100101000011
000000000000010100000000100000000111000000000110000000010100010000000000000001000010000000000010100100000110000100000110000110000100001010100101000011
000000000000010100000000100000000111000000000110000000010100010000000000000001000010000000000010100100000110000100000110000110000100001010100101000011
000000000000010100000000100000000111000000000110000000010100010000000000000001000010000000000010100100000110000100000110000110000100001010100101000011
111111111111100100000000100000000111000000000110000000010100010000000000000001000010000000000010100100000110000100000110000110000100001010100101000011
000000000000000100000000100000000111000000000110000000010100010000000000000001000010000000000010100100000110000100000110000110000100001010100101000011
111111111111111000000000100000000111000000000110000000010100010000000000000001000010000000000010100100000110000100000110000110000100001010100101000011
000000000000000000000000100000000111000000000110000000010100010000000000000001000010000000000010100100000110000100000110000110000100001010100101000011
000000000000000000000000100000000111000000000110000000010100010000000000000001000010000000000010100100000110000100000110000110000100001010100101000011
000000000000000000000000100000000111000000000110000000010100010000000000000001000010000000000010100100000110000100000110000110000100001010100101000011
000000000000000000000000100000000111000000000110000000010100010000000000000001000010000000000010100100000110000100000110000110000100001010100101000011
000000000000000000000000100000000111000000000110000000010100010000000000000001000010000000000010100100000110000100000110000110000100001010100101000011
000000000000000000000000100000000111000000000110000000010100010000000000000001000010000000000010100100000110000100000110000110000100001010100101000011
000000000000000000000000100000000111000000000110000000010100010000000000000001000010000000000010100100000110000100000110000110000100001010100101000011
000000000000000000000000100000000111000000000110000000010100010000000000000001000010000000000010100100000110000100000110000110000100001010100101000011
111111111111111111111111000000000111000000000110000000010100010000000000000001000010000000000010100100000110000100000110000110000100001010100101000011
000000000000000000000000000000000111000000000110000000010100010000000000000001000010000000000010100100000110000100000110000110000100001010100101000011
000000000000000000000000000000000111000000000110000000010100010000000000000001000010000000000010100100000110000100000110000110000100001010100101000011
000000000000000000000000000000000111000000000110000000010100010000000000000001000010000000000010100100000110000100000110000110000100001010100101000011
000000000000000000000000000000000111000000000110000000010100010000000000000001000010000000000010100100000110000100000110000110000100001010100101000011
000000000000000000000000000000000111000000000110000000010100010000000000000001000010000000000010100100000110000100000110000110000100001010100101000011
000000000000000000000000000000000111000000000110000000010100010000000000000001000010000000000010100100000110000100000110000110000100001010100101000011
000000000000000000000000000000000111000000000110000000010100010000000000000001000010000000000010100100000110000100000110000110000100001010100101000011
000000000000000000000000000000000111000000000110000000010100010000000000000001000010000000000010100100000110000100000110000110000100001010100101000011
111111111111111111111111111111111011000000000110000000010100010000000000000001000010000000000010100100000110000100000110000110000100001010100101000011
111111111111111111111111111111111101000000000110000000010100010000000000000001000010000000000010100100000110000100000110000110000100001010100101000011
111111111111111111111111111111111110000000000110000000010100010000000000000001000010000000000010100100000110000100000110000110000100001010100101000011
000000000000000000000000000000000000000000000110000000010100010000000000000001000010000000000010100100000110000100000110000110000100001010100101000011
000000000000000000000000000000000000000000000110000000010100010000000000000001000010000000000010100100000110000100000110000110000100001010100101000011
000000000000000000000000000000000000000000000110000000010100010000000000000001000010000000000010100100000110000100000110000110000100001010100101000011
000000000000000000000000000000000000000000000110000000010100010000000000000001000010000000000010100100000110000100000110000110000100001010100101000011
000000000000000000000000000000000000000000000110000000010100010000000000000001000010000000000010100100000110000100000110000110000100001010100101000011
000000000000000000000000000000000000000000000110000000010100010000000000000001000010000000000010100100000110000100000110000110000100001010100101000011
000000000000000000000000000000000000000000000110000000010100010000000000000001000010000000000010100100000110000100000110000110000100001010100101000011
000000000000000000000000000000000000000000000110000000010100010000000000000001000010000000000010100100000110000100000110000110000100001010100101000011
000000000000000000000000000000000000000000000110000000010100010000000000000001000010000000000010100100000110000100000110000110000100001010100101000011
111111111111111111111111111111111111111111111010000000010100010000000000000001000010000000000010100100000110000100000110000110000100001010100101000011
111111111111111111111111111111111111111111111100000000010100010000000000000001000010000000000010100100000110000100000110000110000100001010100101000011
000000000000000000000000000000000000000000000000000000010100010000000000000001000010000000000010100100000110000100000110000110000100001010100101000011
000000000000000000000000000000000000000000000000000000010100010000000000000001000010000000000010100100000110000100000110000110000100001010100101000011
000000000000000000000000000000000000000000000000000000010100010000000000000001000010000000000010100100000110000100000110000110000100001010100101000011
000000000000000000000000000000000000000000000000000000010100010000000000000001000010000000000010100100000110000100000110000110000100001010100101000011
000000000000000000000000000000000000000000000000000000010100010000000000000001000010000000000010100100000110000100000110000110000100001010100101000011
000000000000000000000000000000000000000000000000000000010100010000000000000001000010000000000010100100000110000100000110000110000100001010100101000011
000000000000000000000000000000000000000000000000000000010100010000000000000001000010000000000010100100000110000100000110000110000100001010100101000011
000000000000000000000000000000000000000000000000000000010100010000000000000001000010000000000010100100000110000100000110000110000100001010100101000011
111111111111111111111111111111111111111111111111111111100100010000000000000001000010000000000010100100000110000100000110000110000100001010100101000011
000000000000000000000000000000000000000000000000000000000100010000000000000001000010000000000010100100000110000100000110000110000100001010100101000011
111111111111111111111111111111111111111111111111111111111000010000000000000001000010000000000010100100000110000100000110000110000100001010100101000011
000000000000000000000000000000000000000000000000000000000000010000000000000001000010000000000010100100000110000100000110000110000100001010100101000011
000000000000000000000000000000000000000000000000000000000000010000000000000001000010000000000010100100000110000100000110000110000100001010100101000011
000000000000000000000000000000000000000000000000000000000000010000000000000001000010000000000010100100000110000100000110000110000100001010100101000011
111111111111111111111111111111111111111111111111111111111111100000000000000001000010000000000010100100000110000100000110000110000100001010100101000011
000000000000000000000000000000000000000000000000000000000000000000000000000001000010000000000010100100000110000100000110000110000100001010100101000011
000000000000000000000000000000000000000000000000000000000000000000000000000001000010000000000010100100000110000100000110000110000100001010100101000011
000000000000000000000000000000000000000000000000000000000000000000000000000001000010000000000010100100000110000100000110000110000100001010100101000011
000000000000000000000000000000000000000000000000000000000000000000000000000001000010000000000010100100000110000100000110000110000100001010100101000011
000000000000000000000000000000000000000000000000000000000000000000000000000001000010000000000010100100000110000100000110000110000100001010100101000011
000000000000000000000000000000000000000000000000000000000000000000000000000001000010000000000010100100000110000100000110000110000100001010100101000011
000000000000000000000000000000000000000000000000000000000000000000000000000001000010000000000010100100000110000100000110000110000100001010100101000011
000000000000000000000000000000000000000000000000000000000000000000000000000001000010000000000010100100000110000100000110000110000100001010100101000011
000000000000000000000000000000000000000000000000000000000000000000000000000001000010000000000010100100000110000100000110000110000100001010100101000011
000000000000000000000000000000000000000000000000000000000000000000000000000001000010000000000010100100000110000100000110000110000100001010100101000011
000000000000000000000000000000000000000000000000000000000000000000000000000001000010000000000010100100000110000100000110000110000100001010100101000011
000000000000000000000000000000000000000000000000000000000000000000000000000001000010000000000010100100000110000100000110000110000100001010100101000011
000000000000000000000000000000000000000000000000000000000000000000000000000001000010000000000010100100000110000100000110000110000100001010100101000011
000000000000000000000000000000000000000000000000000000000000000000000000000001000010000000000010100100000110000100000110000110000100001010100101000011
000000000000000000000000000000000000000000000000000000000000000000000000000001000010000000000010100100000110000100000110000110000100001010100101000011
111111111111111111111111111111111111111111111111111111111111111111111111111110000010000000000010100100000110000100000110000110000100001010100101000011
000000000000000000000000000000000000000000000000000000000000000000000000000000000010000000000010100100000110000100000110000110000100001010100101000011
000000000000000000000000000000000000000000000000000000000000000000000000000000000010000000000010100100000110000100000110000110000100001010100101000011
000000000000000000000000000000000000000000000000000000000000000000000000000000000010000000000010100100000110000100000110000110000100001010100101000011
000000000000000000000000000000000000000000000000000000000000000000000000000000000010000000000010100100000110000100000110000110000100001010100101000011
111111111111111111111111111111111111111111111111111111111111111111111111111111111100000000000010100100000110000100000110000110000100001010100101000011
000000000000000000000000000000000000000000000000000000000000000000000000000000000000000000000010100100000110000100000110000110000100001010100101000011
000000000000000000000000000000000000000000000000000000000000000000000000000000000000000000000010100100000110000100000110000110000100001010100101000011
000000000000000000000000000000000000000000000000000000000000000000000000000000000000000000000010100100000110000100000110000110000100001010100101000011
000000000000000000000000000000000000000000000000000000000000000000000000000000000000000000000010100100000110000100000110000110000100001010100101000011
000000000000000000000000000000000000000000000000000000000000000000000000000000000000000000000010100100000110000100000110000110000100001010100101000011
000000000000000000000000000000000000000000000000000000000000000000000000000000000000000000000010100100000110000100000110000110000100001010100101000011
000000000000000000000000000000000000000000000000000000000000000000000000000000000000000000000010100100000110000100000110000110000100001010100101000011
000000000000000000000000000000000000000000000000000000000000000000000000000000000000000000000010100100000110000100000110000110000100001010100101000011
000000000000000000000000000000000000000000000000000000000000000000000000000000000000000000000010100100000110000100000110000110000100001010100101000011
000000000000000000000000000000000000000000000000000000000000000000000000000000000000000000000010100100000110000100000110000110000100001010100101000011
000000000000000000000000000000000000000000000000000000000000000000000000000000000000000000000010100100000110000100000110000110000100001010100101000011
111111111111111111111111111111111111111111111111111111111111111111111111111111111111111111111100100100000110000100000110000110000100001010100101000011
000000000000000000000000000000000000000000000000000000000000000000000000000000000000000000000000100100000110000100000110000110000100001010100101000011
111111111111111111111111111111111111111111111111111111111111111111111111111111111111111111111111000100000110000100000110000110000100001010100101000011
000000000000000000000000000000000000000000000000000000000000000000000000000000000000000000000000000100000110000100000110000110000100001010100101000011
000000000000000000000000000000000000000000000000000000000000000000000000000000000000000000000000000100000110000100000110000110000100001010100101000011
111111111111111111111111111111111111111111111111111111111111111111111111111111111111111111111111111000000110000100000110000110000100001010100101000011
000000000000000000000000000000000000000000000000000000000000000000000000000000000000000000000000000000000110000100000110000110000100001010100101000011
000000000000000000000000000000000000000000000000000000000000000000000000000000000000000000000000000000000110000100000110000110000100001010100101000011
000000000000000000000000000000000000000000000000000000000000000000000000000000000000000000000000000000000110000100000110000110000100001010100101000011
000000000000000000000000000000000000000000000000000000000000000000000000000000000000000000000000000000000110000100000110000110000100001010100101000011
000000000000000000000000000000000000000000000000000000000000000000000000000000000000000000000000000000000110000100000110000110000100001010100101000011
111111111111111111111111111111111111111111111111111111111111111111111111111111111111111111111111111111111010000100000110000110000100001010100101000011
111111111111111111111111111111111111111111111111111111111111111111111111111111111111111111111111111111111100000100000110000110000100001010100101000011
000000000000000000000000000000000000000000000000000000000000000000000000000000000000000000000000000000000000000100000110000110000100001010100101000011
000000000000000000000000000000000000000000000000000000000000000000000000000000000000000000000000000000000000000100000110000110000100001010100101000011
000000000000000000000000000000000000000000000000000000000000000000000000000000000000000000000000000000000000000100000110000110000100001010100101000011
000000000000000000000000000000000000000000000000000000000000000000000000000000000000000000000000000000000000000100000110000110000100001010100101000011
111111111111111111111111111111111111111111111111111111111111111111111111111111111111111111111111111111111111111000000110000110000100001010100101000011
000000000000000000000000000000000000000000000000000000000000000000000000000000000000000000000000000000000000000000000110000110000100001010100101000011
000000000000000000000000000000000000000000000000000000000000000000000000000000000000000000000000000000000000000000000110000110000100001010100101000011
000000000000000000000000000000000000000000000000000000000000000000000000000000000000000000000000000000000000000000000110000110000100001010100101000011
000000000000000000000000000000000000000000000000000000000000000000000000000000000000000000000000000000000000000000000110000110000100001010100101000011
000000000000000000000000000000000000000000000000000000000000000000000000000000000000000000000000000000000000000000000110000110000100001010100101000011
111111111111111111111111111111111111111111111111111111111111111111111111111111111111111111111111111111111111111111111010000110000100001010100101000011
111111111111111111111111111111111111111111111111111111111111111111111111111111111111111111111111111111111111111111111100000110000100001010100101000011
000000000000000000000000000000000000000000000000000000000000000000000000000000000000000000000000000000000000000000000000000110000100001010100101000011
000000000000000000000000000000000000000000000000000000000000000000000000000000000000000000000000000000000000000000000000000110000100001010100101000011
000000000000000000000000000000000000000000000000000000000000000000000000000000000000000000000000000000000000000000000000000110000100001010100101000011
000000000000000000000000000000000000000000000000000000000000000000000000000000000000000000000000000000000000000000000000000110000100001010100101000011
111111111111111111111111111111111111111111111111111111111111111111111111111111111111111111111111111111111111111111111111111010000100001010100101000011
111111111111111111111111111111111111111111111111111111111111111111111111111111111111111111111111111111111111111111111111111100000100001010100101000011
000000000000000000000000000000000000000000000000000000000000000000000000000000000000000000000000000000000000000000000000000000000100001010100101000011
000000000000000000000000000000000000000000000000000000000000000000000000000000000000000000000000000000000000000000000000000000000100001010100101000011
000000000000000000000000000000000000000000000000000000000000000000000000000000000000000000000000000000000000000000000000000000000100001010100101000011
000000000000000000000000000000000000000000000000000000000000000000000000000000000000000000000000000000000000000000000000000000000100001010100101000011
111111111111111111111111111111111111111111111111111111111111111111111111111111111111111111111111111111111111111111111111111111111000001010100101000011
000000000000000000000000000000000000000000000000000000000000000000000000000000000000000000000000000000000000000000000000000000000000001010100101000011
000000000000000000000000000000000000000000000000000000000000000000000000000000000000000000000000000000000000000000000000000000000000001010100101000011
000000000000000000000000000000000000000000000000000000000000000000000000000000000000000000000000000000000000000000000000000000000000001010100101000011
000000000000000000000000000000000000000000000000000000000000000000000000000000000000000000000000000000000000000000000000000000000000001010100101000011
111111111111111111111111111111111111111111111111111111111111111111111111111111111111111111111111111111111111111111111111111111111111110010100101000011
000000000000000000000000000000000000000000000000000000000000000000000000000000000000000000000000000000000000000000000000000000000000000010100101000011
111111111111111111111111111111111111111111111111111111111111111111111111111111111111111111111111111111111111111111111111111111111111111100100101000011
000000000000000000000000000000000000000000000000000000000000000000000000000000000000000000000000000000000000000000000000000000000000000000100101000011
111111111111111111111111111111111111111111111111111111111111111111111111111111111111111111111111111111111111111111111111111111111111111111000101000011
000000000000000000000000000000000000000000000000000000000000000000000000000000000000000000000000000000000000000000000000000000000000000000000101000011
000000000000000000000000000000000000000000000000000000000000000000000000000000000000000000000000000000000000000000000000000000000000000000000101000011
111111111111111111111111111111111111111111111111111111111111111111111111111111111111111111111111111111111111111111111111111111111111111111111001000011
000000000000000000000000000000000000000000000000000000000000000000000000000000000000000000000000000000000000000000000000000000000000000000000001000011
111111111111111111111111111111111111111111111111111111111111111111111111111111111111111111111111111111111111111111111111111111111111111111111110000011
000000000000000000000000000000000000000000000000000000000000000000000000000000000000000000000000000000000000000000000000000000000000000000000000000011
000000000000000000000000000000000000000000000000000000000000000000000000000000000000000000000000000000000000000000000000000000000000000000000000000011
000000000000000000000000000000000000000000000000000000000000000000000000000000000000000000000000000000000000000000000000000000000000000000000000000011
000000000000000000000000000000000000000000000000000000000000000000000000000000000000000000000000000000000000000000000000000000000000000000000000000011
111111111111111111111111111111111111111111111111111111111111111111111111111111111111111111111111111111111111111111111111111111111111111111111111111101
111111111111111111111111111111111111111111111111111111111111111111111111111111111111111111111111111111111111111111111111111111111111111111111111111110
