001101111111000111111011011101110101110101111011101111111111111111111101110110100101111111
001101111111000111111011011101110101110101111011101111111111111111111101110110100101111111
110101111111000111111011011101110101110101111011101111111111111111111101110110100101111111
111001111111000111111011011101110101110101111011101111111111111111111101110110100101111111
000001111111000111111011011101110101110101111011101111111111111111111101110110100101111111
111110111111000111111011011101110101110101111011101111111111111111111101110110100101111111
111111011111000111111011011101110101110101111011101111111111111111111101110110100101111111
111111101111000111111011011101110101110101111011101111111111111111111101110110100101111111
111111110111000111111011011101110101110101111011101111111111111111111101110110100101111111
111111111011000111111011011101110101110101111011101111111111111111111101110110100101111111
111111111101000111111011011101110101110101111011101111111111111111111101110110100101111111
111111111110000111111011011101110101110101111011101111111111111111111101110110100101111111
000000000000000111111011011101110101110101111011101111111111111111111101110110100101111111
000000000000000111111011011101110101110101111011101111111111111111111101110110100101111111
000000000000000111111011011101110101110101111011101111111111111111111101110110100101111111
111111111111111011111011011101110101110101111011101111111111111111111101110110100101111111
111111111111111101111011011101110101110101111011101111111111111111111101110110100101111111
111111111111111110111011011101110101110101111011101111111111111111111101110110100101111111
111111111111111111011011011101110101110101111011101111111111111111111101110110100101111111
111111111111111111101011011101110101110101111011101111111111111111111101110110100101111111
111111111111111111110011011101110101110101111011101111111111111111111101110110100101111111
000000000000000000000011011101110101110101111011101111111111111111111101110110100101111111
111111111111111111111101011101110101110101111011101111111111111111111101110110100101111111
111111111111111111111110011101110101110101111011101111111111111111111101110110100101111111
000000000000000000000000011101110101110101111011101111111111111111111101110110100101111111
111111111111111111111111101101110101110101111011101111111111111111111101110110100101111111
111111111111111111111111110101110101110101111011101111111111111111111101110110100101111111
111111111111111111111111111001110101110101111011101111111111111111111101110110100101111111
000000000000000000000000000001110101110101111011101111111111111111111101110110100101111111
111111111111111111111111111110110101110101111011101111111111111111111101110110100101111111
111111111111111111111111111111010101110101111011101111111111111111111101110110100101111111
111111111111111111111111111111100101110101111011101111111111111111111101110110100101111111
000000000000000000000000000000000101110101111011101111111111111111111101110110100101111111
111111111111111111111111111111111001110101111011101111111111111111111101110110100101111111
000000000000000000000000000000000001110101111011101111111111111111111101110110100101111111
111111111111111111111111111111111110110101111011101111111111111111111101110110100101111111
111111111111111111111111111111111111010101111011101111111111111111111101110110100101111111
111111111111111111111111111111111111100101111011101111111111111111111101110110100101111111
000000000000000000000000000000000000000101111011101111111111111111111101110110100101111111
111111111111111111111111111111111111111001111011101111111111111111111101110110100101111111
000000000000000000000000000000000000000001111011101111111111111111111101110110100101111111
111111111111111111111111111111111111111110111011101111111111111111111101110110100101111111
111111111111111111111111111111111111111111011011101111111111111111111101110110100101111111
111111111111111111111111111111111111111111101011101111111111111111111101110110100101111111
111111111111111111111111111111111111111111110011101111111111111111111101110110100101111111
000000000000000000000000000000000000000000000011101111111111111111111101110110100101111111
111111111111111111111111111111111111111111111101101111111111111111111101110110100101111111
111111111111111111111111111111111111111111111110101111111111111111111101110110100101111111
111111111111111111111111111111111111111111111111001111111111111111111101110110100101111111
000000000000000000000000000000000000000000000000001111111111111111111101110110100101111111
111111111111111111111111111111111111111111111111110111111111111111111101110110100101111111
111111111111111111111111111111111111111111111111111011111111111111111101110110100101111111
111111111111111111111111111111111111111111111111111101111111111111111101110110100101111111
111111111111111111111111111111111111111111111111111110111111111111111101110110100101111111
111111111111111111111111111111111111111111111111111111011111111111111101110110100101111111
111111111111111111111111111111111111111111111111111111101111111111111101110110100101111111
111111111111111111111111111111111111111111111111111111110111111111111101110110100101111111
111111111111111111111111111111111111111111111111111111111011111111111101110110100101111111
111111111111111111111111111111111111111111111111111111111101111111111101110110100101111111
111111111111111111111111111111111111111111111111111111111110111111111101110110100101111111
111111111111111111111111111111111111111111111111111111111111011111111101110110100101111111
111111111111111111111111111111111111111111111111111111111111101111111101110110100101111111
111111111111111111111111111111111111111111111111111111111111110111111101110110100101111111
111111111111111111111111111111111111111111111111111111111111111011111101110110100101111111
111111111111111111111111111111111111111111111111111111111111111101111101110110100101111111
111111111111111111111111111111111111111111111111111111111111111110111101110110100101111111
111111111111111111111111111111111111111111111111111111111111111111011101110110100101111111
111111111111111111111111111111111111111111111111111111111111111111101101110110100101111111
111111111111111111111111111111111111111111111111111111111111111111110101110110100101111111
111111111111111111111111111111111111111111111111111111111111111111111001110110100101111111
000000000000000000000000000000000000000000000000000000000000000000000001110110100101111111
111111111111111111111111111111111111111111111111111111111111111111111110110110100101111111
111111111111111111111111111111111111111111111111111111111111111111111111010110100101111111
111111111111111111111111111111111111111111111111111111111111111111111111100110100101111111
000000000000000000000000000000000000000000000000000000000000000000000000000110100101111111
111111111111111111111111111111111111111111111111111111111111111111111111111010100101111111
111111111111111111111111111111111111111111111111111111111111111111111111111100100101111111
000000000000000000000000000000000000000000000000000000000000000000000000000000100101111111
111111111111111111111111111111111111111111111111111111111111111111111111111111000101111111
000000000000000000000000000000000000000000000000000000000000000000000000000000000101111111
000000000000000000000000000000000000000000000000000000000000000000000000000000000101111111
111111111111111111111111111111111111111111111111111111111111111111111111111111111001111111
000000000000000000000000000000000000000000000000000000000000000000000000000000000001111111
111111111111111111111111111111111111111111111111111111111111111111111111111111111110111111
111111111111111111111111111111111111111111111111111111111111111111111111111111111111011111
111111111111111111111111111111111111111111111111111111111111111111111111111111111111101111
111111111111111111111111111111111111111111111111111111111111111111111111111111111111110111
111111111111111111111111111111111111111111111111111111111111111111111111111111111111111011
111111111111111111111111111111111111111111111111111111111111111111111111111111111111111101
111111111111111111111111111111111111111111111111111111111111111111111111111111111111111110
