01110011011111111101010011111001011101111110111101
10110011011111111101010011111001011101111110111101
11010011011111111101010011111001011101111110111101
11100011011111111101010011111001011101111110111101
00000011011111111101010011111001011101111110111101
00000011011111111101010011111001011101111110111101
11111101011111111101010011111001011101111110111101
11111110011111111101010011111001011101111110111101
00000000011111111101010011111001011101111110111101
11111111101111111101010011111001011101111110111101
11111111110111111101010011111001011101111110111101
11111111111011111101010011111001011101111110111101
11111111111101111101010011111001011101111110111101
11111111111110111101010011111001011101111110111101
11111111111111011101010011111001011101111110111101
11111111111111101101010011111001011101111110111101
11111111111111110101010011111001011101111110111101
11111111111111111001010011111001011101111110111101
00000000000000000001010011111001011101111110111101
11111111111111111110010011111001011101111110111101
00000000000000000000010011111001011101111110111101
11111111111111111111100011111001011101111110111101
00000000000000000000000011111001011101111110111101
00000000000000000000000011111001011101111110111101
11111111111111111111111101111001011101111110111101
11111111111111111111111110111001011101111110111101
11111111111111111111111111011001011101111110111101
11111111111111111111111111101001011101111110111101
11111111111111111111111111110001011101111110111101
00000000000000000000000000000001011101111110111101
00000000000000000000000000000001011101111110111101
11111111111111111111111111111110011101111110111101
00000000000000000000000000000000011101111110111101
11111111111111111111111111111111101101111110111101
11111111111111111111111111111111110101111110111101
11111111111111111111111111111111111001111110111101
00000000000000000000000000000000000001111110111101
11111111111111111111111111111111111110111110111101
11111111111111111111111111111111111111011110111101
11111111111111111111111111111111111111101110111101
11111111111111111111111111111111111111110110111101
11111111111111111111111111111111111111111010111101
11111111111111111111111111111111111111111100111101
00000000000000000000000000000000000000000000111101
11111111111111111111111111111111111111111111011101
11111111111111111111111111111111111111111111101101
11111111111111111111111111111111111111111111110101
11111111111111111111111111111111111111111111111001
00000000000000000000000000000000000000000000000001
11111111111111111111111111111111111111111111111110
