000110110001110111100101010110101100100111001001011010100100
000110110001110111100101010110101100100111001001011010100100
000110110001110111100101010110101100100111001001011010100100
111010110001110111100101010110101100100111001001011010100100
111100110001110111100101010110101100100111001001011010100100
000000110001110111100101010110101100100111001001011010100100
111111010001110111100101010110101100100111001001011010100100
111111100001110111100101010110101100100111001001011010100100
000000000001110111100101010110101100100111001001011010100100
000000000001110111100101010110101100100111001001011010100100
000000000001110111100101010110101100100111001001011010100100
111111111110110111100101010110101100100111001001011010100100
111111111111010111100101010110101100100111001001011010100100
111111111111100111100101010110101100100111001001011010100100
000000000000000111100101010110101100100111001001011010100100
111111111111111011100101010110101100100111001001011010100100
111111111111111101100101010110101100100111001001011010100100
111111111111111110100101010110101100100111001001011010100100
111111111111111111000101010110101100100111001001011010100100
000000000000000000000101010110101100100111001001011010100100
000000000000000000000101010110101100100111001001011010100100
111111111111111111111001010110101100100111001001011010100100
000000000000000000000001010110101100100111001001011010100100
111111111111111111111110010110101100100111001001011010100100
000000000000000000000000010110101100100111001001011010100100
111111111111111111111111100110101100100111001001011010100100
000000000000000000000000000110101100100111001001011010100100
111111111111111111111111111010101100100111001001011010100100
111111111111111111111111111100101100100111001001011010100100
000000000000000000000000000000101100100111001001011010100100
111111111111111111111111111111001100100111001001011010100100
000000000000000000000000000000001100100111001001011010100100
111111111111111111111111111111110100100111001001011010100100
111111111111111111111111111111111000100111001001011010100100
000000000000000000000000000000000000100111001001011010100100
000000000000000000000000000000000000100111001001011010100100
111111111111111111111111111111111111000111001001011010100100
000000000000000000000000000000000000000111001001011010100100
000000000000000000000000000000000000000111001001011010100100
111111111111111111111111111111111111111011001001011010100100
111111111111111111111111111111111111111101001001011010100100
111111111111111111111111111111111111111110001001011010100100
000000000000000000000000000000000000000000001001011010100100
000000000000000000000000000000000000000000001001011010100100
111111111111111111111111111111111111111111110001011010100100
000000000000000000000000000000000000000000000001011010100100
000000000000000000000000000000000000000000000001011010100100
111111111111111111111111111111111111111111111110011010100100
000000000000000000000000000000000000000000000000011010100100
111111111111111111111111111111111111111111111111101010100100
111111111111111111111111111111111111111111111111110010100100
000000000000000000000000000000000000000000000000000010100100
111111111111111111111111111111111111111111111111111100100100
000000000000000000000000000000000000000000000000000000100100
111111111111111111111111111111111111111111111111111111000100
000000000000000000000000000000000000000000000000000000000100
000000000000000000000000000000000000000000000000000000000100
111111111111111111111111111111111111111111111111111111111000
000000000000000000000000000000000000000000000000000000000000
000000000000000000000000000000000000000000000000000000000000
