001101101011111110111111110011110101111010011010111111111111
001101101011111110111111110011110101111010011010111111111111
110101101011111110111111110011110101111010011010111111111111
111001101011111110111111110011110101111010011010111111111111
000001101011111110111111110011110101111010011010111111111111
111110101011111110111111110011110101111010011010111111111111
111111001011111110111111110011110101111010011010111111111111
000000001011111110111111110011110101111010011010111111111111
111111110011111110111111110011110101111010011010111111111111
000000000011111110111111110011110101111010011010111111111111
111111111101111110111111110011110101111010011010111111111111
111111111110111110111111110011110101111010011010111111111111
111111111111011110111111110011110101111010011010111111111111
111111111111101110111111110011110101111010011010111111111111
111111111111110110111111110011110101111010011010111111111111
111111111111111010111111110011110101111010011010111111111111
111111111111111100111111110011110101111010011010111111111111
000000000000000000111111110011110101111010011010111111111111
111111111111111111011111110011110101111010011010111111111111
111111111111111111101111110011110101111010011010111111111111
111111111111111111110111110011110101111010011010111111111111
111111111111111111111011110011110101111010011010111111111111
111111111111111111111101110011110101111010011010111111111111
111111111111111111111110110011110101111010011010111111111111
111111111111111111111111010011110101111010011010111111111111
111111111111111111111111100011110101111010011010111111111111
000000000000000000000000000011110101111010011010111111111111
000000000000000000000000000011110101111010011010111111111111
111111111111111111111111111101110101111010011010111111111111
111111111111111111111111111110110101111010011010111111111111
111111111111111111111111111111010101111010011010111111111111
111111111111111111111111111111100101111010011010111111111111
000000000000000000000000000000000101111010011010111111111111
111111111111111111111111111111111001111010011010111111111111
000000000000000000000000000000000001111010011010111111111111
111111111111111111111111111111111110111010011010111111111111
111111111111111111111111111111111111011010011010111111111111
111111111111111111111111111111111111101010011010111111111111
111111111111111111111111111111111111110010011010111111111111
000000000000000000000000000000000000000010011010111111111111
111111111111111111111111111111111111111100011010111111111111
000000000000000000000000000000000000000000011010111111111111
000000000000000000000000000000000000000000011010111111111111
111111111111111111111111111111111111111111101010111111111111
111111111111111111111111111111111111111111110010111111111111
000000000000000000000000000000000000000000000010111111111111
111111111111111111111111111111111111111111111100111111111111
000000000000000000000000000000000000000000000000111111111111
111111111111111111111111111111111111111111111111011111111111
111111111111111111111111111111111111111111111111101111111111
111111111111111111111111111111111111111111111111110111111111
111111111111111111111111111111111111111111111111111011111111
111111111111111111111111111111111111111111111111111101111111
111111111111111111111111111111111111111111111111111110111111
111111111111111111111111111111111111111111111111111111011111
111111111111111111111111111111111111111111111111111111101111
111111111111111111111111111111111111111111111111111111110111
111111111111111111111111111111111111111111111111111111111011
111111111111111111111111111111111111111111111111111111111101
111111111111111111111111111111111111111111111111111111111110
