0111011101010111111111101111001101111101101001010010111010100001010111
1011011101010111111111101111001101111101101001010010111010100001010111
1101011101010111111111101111001101111101101001010010111010100001010111
1110011101010111111111101111001101111101101001010010111010100001010111
0000011101010111111111101111001101111101101001010010111010100001010111
1111101101010111111111101111001101111101101001010010111010100001010111
1111110101010111111111101111001101111101101001010010111010100001010111
1111111001010111111111101111001101111101101001010010111010100001010111
0000000001010111111111101111001101111101101001010010111010100001010111
1111111110010111111111101111001101111101101001010010111010100001010111
0000000000010111111111101111001101111101101001010010111010100001010111
1111111111100111111111101111001101111101101001010010111010100001010111
0000000000000111111111101111001101111101101001010010111010100001010111
1111111111111011111111101111001101111101101001010010111010100001010111
1111111111111101111111101111001101111101101001010010111010100001010111
1111111111111110111111101111001101111101101001010010111010100001010111
1111111111111111011111101111001101111101101001010010111010100001010111
1111111111111111101111101111001101111101101001010010111010100001010111
1111111111111111110111101111001101111101101001010010111010100001010111
1111111111111111111011101111001101111101101001010010111010100001010111
1111111111111111111101101111001101111101101001010010111010100001010111
1111111111111111111110101111001101111101101001010010111010100001010111
1111111111111111111111001111001101111101101001010010111010100001010111
0000000000000000000000001111001101111101101001010010111010100001010111
1111111111111111111111110111001101111101101001010010111010100001010111
1111111111111111111111111011001101111101101001010010111010100001010111
1111111111111111111111111101001101111101101001010010111010100001010111
1111111111111111111111111110001101111101101001010010111010100001010111
0000000000000000000000000000001101111101101001010010111010100001010111
0000000000000000000000000000001101111101101001010010111010100001010111
1111111111111111111111111111110101111101101001010010111010100001010111
1111111111111111111111111111111001111101101001010010111010100001010111
0000000000000000000000000000000001111101101001010010111010100001010111
1111111111111111111111111111111110111101101001010010111010100001010111
1111111111111111111111111111111111011101101001010010111010100001010111
1111111111111111111111111111111111101101101001010010111010100001010111
1111111111111111111111111111111111110101101001010010111010100001010111
1111111111111111111111111111111111111001101001010010111010100001010111
0000000000000000000000000000000000000001101001010010111010100001010111
1111111111111111111111111111111111111110101001010010111010100001010111
1111111111111111111111111111111111111111001001010010111010100001010111
0000000000000000000000000000000000000000001001010010111010100001010111
1111111111111111111111111111111111111111110001010010111010100001010111
0000000000000000000000000000000000000000000001010010111010100001010111
0000000000000000000000000000000000000000000001010010111010100001010111
1111111111111111111111111111111111111111111110010010111010100001010111
0000000000000000000000000000000000000000000000010010111010100001010111
1111111111111111111111111111111111111111111111100010111010100001010111
0000000000000000000000000000000000000000000000000010111010100001010111
0000000000000000000000000000000000000000000000000010111010100001010111
1111111111111111111111111111111111111111111111111100111010100001010111
0000000000000000000000000000000000000000000000000000111010100001010111
1111111111111111111111111111111111111111111111111111011010100001010111
1111111111111111111111111111111111111111111111111111101010100001010111
1111111111111111111111111111111111111111111111111111110010100001010111
0000000000000000000000000000000000000000000000000000000010100001010111
1111111111111111111111111111111111111111111111111111111100100001010111
0000000000000000000000000000000000000000000000000000000000100001010111
1111111111111111111111111111111111111111111111111111111111000001010111
0000000000000000000000000000000000000000000000000000000000000001010111
0000000000000000000000000000000000000000000000000000000000000001010111
0000000000000000000000000000000000000000000000000000000000000001010111
0000000000000000000000000000000000000000000000000000000000000001010111
1111111111111111111111111111111111111111111111111111111111111110010111
0000000000000000000000000000000000000000000000000000000000000000010111
1111111111111111111111111111111111111111111111111111111111111111100111
0000000000000000000000000000000000000000000000000000000000000000000111
1111111111111111111111111111111111111111111111111111111111111111111011
1111111111111111111111111111111111111111111111111111111111111111111101
1111111111111111111111111111111111111111111111111111111111111111111110
