01111110111101011010111100110101110110100111101110101111111011101110111010001010101110101011101101111111000110011111001111101010111100110111011111110110001111111110111110000101010111111111111110101110
10111110111101011010111100110101110110100111101110101111111011101110111010001010101110101011101101111111000110011111001111101010111100110111011111110110001111111110111110000101010111111111111110101110
11011110111101011010111100110101110110100111101110101111111011101110111010001010101110101011101101111111000110011111001111101010111100110111011111110110001111111110111110000101010111111111111110101110
11101110111101011010111100110101110110100111101110101111111011101110111010001010101110101011101101111111000110011111001111101010111100110111011111110110001111111110111110000101010111111111111110101110
11110110111101011010111100110101110110100111101110101111111011101110111010001010101110101011101101111111000110011111001111101010111100110111011111110110001111111110111110000101010111111111111110101110
11111010111101011010111100110101110110100111101110101111111011101110111010001010101110101011101101111111000110011111001111101010111100110111011111110110001111111110111110000101010111111111111110101110
11111100111101011010111100110101110110100111101110101111111011101110111010001010101110101011101101111111000110011111001111101010111100110111011111110110001111111110111110000101010111111111111110101110
00000000111101011010111100110101110110100111101110101111111011101110111010001010101110101011101101111111000110011111001111101010111100110111011111110110001111111110111110000101010111111111111110101110
11111111011101011010111100110101110110100111101110101111111011101110111010001010101110101011101101111111000110011111001111101010111100110111011111110110001111111110111110000101010111111111111110101110
11111111101101011010111100110101110110100111101110101111111011101110111010001010101110101011101101111111000110011111001111101010111100110111011111110110001111111110111110000101010111111111111110101110
11111111110101011010111100110101110110100111101110101111111011101110111010001010101110101011101101111111000110011111001111101010111100110111011111110110001111111110111110000101010111111111111110101110
11111111111001011010111100110101110110100111101110101111111011101110111010001010101110101011101101111111000110011111001111101010111100110111011111110110001111111110111110000101010111111111111110101110
00000000000001011010111100110101110110100111101110101111111011101110111010001010101110101011101101111111000110011111001111101010111100110111011111110110001111111110111110000101010111111111111110101110
11111111111110011010111100110101110110100111101110101111111011101110111010001010101110101011101101111111000110011111001111101010111100110111011111110110001111111110111110000101010111111111111110101110
00000000000000011010111100110101110110100111101110101111111011101110111010001010101110101011101101111111000110011111001111101010111100110111011111110110001111111110111110000101010111111111111110101110
11111111111111101010111100110101110110100111101110101111111011101110111010001010101110101011101101111111000110011111001111101010111100110111011111110110001111111110111110000101010111111111111110101110
11111111111111110010111100110101110110100111101110101111111011101110111010001010101110101011101101111111000110011111001111101010111100110111011111110110001111111110111110000101010111111111111110101110
00000000000000000010111100110101110110100111101110101111111011101110111010001010101110101011101101111111000110011111001111101010111100110111011111110110001111111110111110000101010111111111111110101110
11111111111111111100111100110101110110100111101110101111111011101110111010001010101110101011101101111111000110011111001111101010111100110111011111110110001111111110111110000101010111111111111110101110
00000000000000000000111100110101110110100111101110101111111011101110111010001010101110101011101101111111000110011111001111101010111100110111011111110110001111111110111110000101010111111111111110101110
11111111111111111111011100110101110110100111101110101111111011101110111010001010101110101011101101111111000110011111001111101010111100110111011111110110001111111110111110000101010111111111111110101110
11111111111111111111101100110101110110100111101110101111111011101110111010001010101110101011101101111111000110011111001111101010111100110111011111110110001111111110111110000101010111111111111110101110
11111111111111111111110100110101110110100111101110101111111011101110111010001010101110101011101101111111000110011111001111101010111100110111011111110110001111111110111110000101010111111111111110101110
11111111111111111111111000110101110110100111101110101111111011101110111010001010101110101011101101111111000110011111001111101010111100110111011111110110001111111110111110000101010111111111111110101110
00000000000000000000000000110101110110100111101110101111111011101110111010001010101110101011101101111111000110011111001111101010111100110111011111110110001111111110111110000101010111111111111110101110
00000000000000000000000000110101110110100111101110101111111011101110111010001010101110101011101101111111000110011111001111101010111100110111011111110110001111111110111110000101010111111111111110101110
11111111111111111111111111010101110110100111101110101111111011101110111010001010101110101011101101111111000110011111001111101010111100110111011111110110001111111110111110000101010111111111111110101110
11111111111111111111111111100101110110100111101110101111111011101110111010001010101110101011101101111111000110011111001111101010111100110111011111110110001111111110111110000101010111111111111110101110
00000000000000000000000000000101110110100111101110101111111011101110111010001010101110101011101101111111000110011111001111101010111100110111011111110110001111111110111110000101010111111111111110101110
11111111111111111111111111111001110110100111101110101111111011101110111010001010101110101011101101111111000110011111001111101010111100110111011111110110001111111110111110000101010111111111111110101110
00000000000000000000000000000001110110100111101110101111111011101110111010001010101110101011101101111111000110011111001111101010111100110111011111110110001111111110111110000101010111111111111110101110
11111111111111111111111111111110110110100111101110101111111011101110111010001010101110101011101101111111000110011111001111101010111100110111011111110110001111111110111110000101010111111111111110101110
11111111111111111111111111111111010110100111101110101111111011101110111010001010101110101011101101111111000110011111001111101010111100110111011111110110001111111110111110000101010111111111111110101110
11111111111111111111111111111111100110100111101110101111111011101110111010001010101110101011101101111111000110011111001111101010111100110111011111110110001111111110111110000101010111111111111110101110
00000000000000000000000000000000000110100111101110101111111011101110111010001010101110101011101101111111000110011111001111101010111100110111011111110110001111111110111110000101010111111111111110101110
11111111111111111111111111111111111010100111101110101111111011101110111010001010101110101011101101111111000110011111001111101010111100110111011111110110001111111110111110000101010111111111111110101110
11111111111111111111111111111111111100100111101110101111111011101110111010001010101110101011101101111111000110011111001111101010111100110111011111110110001111111110111110000101010111111111111110101110
00000000000000000000000000000000000000100111101110101111111011101110111010001010101110101011101101111111000110011111001111101010111100110111011111110110001111111110111110000101010111111111111110101110
11111111111111111111111111111111111111000111101110101111111011101110111010001010101110101011101101111111000110011111001111101010111100110111011111110110001111111110111110000101010111111111111110101110
00000000000000000000000000000000000000000111101110101111111011101110111010001010101110101011101101111111000110011111001111101010111100110111011111110110001111111110111110000101010111111111111110101110
00000000000000000000000000000000000000000111101110101111111011101110111010001010101110101011101101111111000110011111001111101010111100110111011111110110001111111110111110000101010111111111111110101110
11111111111111111111111111111111111111111011101110101111111011101110111010001010101110101011101101111111000110011111001111101010111100110111011111110110001111111110111110000101010111111111111110101110
11111111111111111111111111111111111111111101101110101111111011101110111010001010101110101011101101111111000110011111001111101010111100110111011111110110001111111110111110000101010111111111111110101110
11111111111111111111111111111111111111111110101110101111111011101110111010001010101110101011101101111111000110011111001111101010111100110111011111110110001111111110111110000101010111111111111110101110
11111111111111111111111111111111111111111111001110101111111011101110111010001010101110101011101101111111000110011111001111101010111100110111011111110110001111111110111110000101010111111111111110101110
00000000000000000000000000000000000000000000001110101111111011101110111010001010101110101011101101111111000110011111001111101010111100110111011111110110001111111110111110000101010111111111111110101110
11111111111111111111111111111111111111111111110110101111111011101110111010001010101110101011101101111111000110011111001111101010111100110111011111110110001111111110111110000101010111111111111110101110
11111111111111111111111111111111111111111111111010101111111011101110111010001010101110101011101101111111000110011111001111101010111100110111011111110110001111111110111110000101010111111111111110101110
11111111111111111111111111111111111111111111111100101111111011101110111010001010101110101011101101111111000110011111001111101010111100110111011111110110001111111110111110000101010111111111111110101110
00000000000000000000000000000000000000000000000000101111111011101110111010001010101110101011101101111111000110011111001111101010111100110111011111110110001111111110111110000101010111111111111110101110
11111111111111111111111111111111111111111111111111001111111011101110111010001010101110101011101101111111000110011111001111101010111100110111011111110110001111111110111110000101010111111111111110101110
00000000000000000000000000000000000000000000000000001111111011101110111010001010101110101011101101111111000110011111001111101010111100110111011111110110001111111110111110000101010111111111111110101110
11111111111111111111111111111111111111111111111111110111111011101110111010001010101110101011101101111111000110011111001111101010111100110111011111110110001111111110111110000101010111111111111110101110
11111111111111111111111111111111111111111111111111111011111011101110111010001010101110101011101101111111000110011111001111101010111100110111011111110110001111111110111110000101010111111111111110101110
11111111111111111111111111111111111111111111111111111101111011101110111010001010101110101011101101111111000110011111001111101010111100110111011111110110001111111110111110000101010111111111111110101110
11111111111111111111111111111111111111111111111111111110111011101110111010001010101110101011101101111111000110011111001111101010111100110111011111110110001111111110111110000101010111111111111110101110
11111111111111111111111111111111111111111111111111111111011011101110111010001010101110101011101101111111000110011111001111101010111100110111011111110110001111111110111110000101010111111111111110101110
11111111111111111111111111111111111111111111111111111111101011101110111010001010101110101011101101111111000110011111001111101010111100110111011111110110001111111110111110000101010111111111111110101110
11111111111111111111111111111111111111111111111111111111110011101110111010001010101110101011101101111111000110011111001111101010111100110111011111110110001111111110111110000101010111111111111110101110
00000000000000000000000000000000000000000000000000000000000011101110111010001010101110101011101101111111000110011111001111101010111100110111011111110110001111111110111110000101010111111111111110101110
11111111111111111111111111111111111111111111111111111111111101101110111010001010101110101011101101111111000110011111001111101010111100110111011111110110001111111110111110000101010111111111111110101110
11111111111111111111111111111111111111111111111111111111111110101110111010001010101110101011101101111111000110011111001111101010111100110111011111110110001111111110111110000101010111111111111110101110
11111111111111111111111111111111111111111111111111111111111111001110111010001010101110101011101101111111000110011111001111101010111100110111011111110110001111111110111110000101010111111111111110101110
00000000000000000000000000000000000000000000000000000000000000001110111010001010101110101011101101111111000110011111001111101010111100110111011111110110001111111110111110000101010111111111111110101110
11111111111111111111111111111111111111111111111111111111111111110110111010001010101110101011101101111111000110011111001111101010111100110111011111110110001111111110111110000101010111111111111110101110
11111111111111111111111111111111111111111111111111111111111111111010111010001010101110101011101101111111000110011111001111101010111100110111011111110110001111111110111110000101010111111111111110101110
11111111111111111111111111111111111111111111111111111111111111111100111010001010101110101011101101111111000110011111001111101010111100110111011111110110001111111110111110000101010111111111111110101110
00000000000000000000000000000000000000000000000000000000000000000000111010001010101110101011101101111111000110011111001111101010111100110111011111110110001111111110111110000101010111111111111110101110
11111111111111111111111111111111111111111111111111111111111111111111011010001010101110101011101101111111000110011111001111101010111100110111011111110110001111111110111110000101010111111111111110101110
11111111111111111111111111111111111111111111111111111111111111111111101010001010101110101011101101111111000110011111001111101010111100110111011111110110001111111110111110000101010111111111111110101110
11111111111111111111111111111111111111111111111111111111111111111111110010001010101110101011101101111111000110011111001111101010111100110111011111110110001111111110111110000101010111111111111110101110
00000000000000000000000000000000000000000000000000000000000000000000000010001010101110101011101101111111000110011111001111101010111100110111011111110110001111111110111110000101010111111111111110101110
11111111111111111111111111111111111111111111111111111111111111111111111100001010101110101011101101111111000110011111001111101010111100110111011111110110001111111110111110000101010111111111111110101110
00000000000000000000000000000000000000000000000000000000000000000000000000001010101110101011101101111111000110011111001111101010111100110111011111110110001111111110111110000101010111111111111110101110
00000000000000000000000000000000000000000000000000000000000000000000000000001010101110101011101101111111000110011111001111101010111100110111011111110110001111111110111110000101010111111111111110101110
00000000000000000000000000000000000000000000000000000000000000000000000000001010101110101011101101111111000110011111001111101010111100110111011111110110001111111110111110000101010111111111111110101110
11111111111111111111111111111111111111111111111111111111111111111111111111110010101110101011101101111111000110011111001111101010111100110111011111110110001111111110111110000101010111111111111110101110
00000000000000000000000000000000000000000000000000000000000000000000000000000010101110101011101101111111000110011111001111101010111100110111011111110110001111111110111110000101010111111111111110101110
11111111111111111111111111111111111111111111111111111111111111111111111111111100101110101011101101111111000110011111001111101010111100110111011111110110001111111110111110000101010111111111111110101110
00000000000000000000000000000000000000000000000000000000000000000000000000000000101110101011101101111111000110011111001111101010111100110111011111110110001111111110111110000101010111111111111110101110
11111111111111111111111111111111111111111111111111111111111111111111111111111111001110101011101101111111000110011111001111101010111100110111011111110110001111111110111110000101010111111111111110101110
00000000000000000000000000000000000000000000000000000000000000000000000000000000001110101011101101111111000110011111001111101010111100110111011111110110001111111110111110000101010111111111111110101110
11111111111111111111111111111111111111111111111111111111111111111111111111111111110110101011101101111111000110011111001111101010111100110111011111110110001111111110111110000101010111111111111110101110
11111111111111111111111111111111111111111111111111111111111111111111111111111111111010101011101101111111000110011111001111101010111100110111011111110110001111111110111110000101010111111111111110101110
11111111111111111111111111111111111111111111111111111111111111111111111111111111111100101011101101111111000110011111001111101010111100110111011111110110001111111110111110000101010111111111111110101110
00000000000000000000000000000000000000000000000000000000000000000000000000000000000000101011101101111111000110011111001111101010111100110111011111110110001111111110111110000101010111111111111110101110
11111111111111111111111111111111111111111111111111111111111111111111111111111111111111001011101101111111000110011111001111101010111100110111011111110110001111111110111110000101010111111111111110101110
00000000000000000000000000000000000000000000000000000000000000000000000000000000000000001011101101111111000110011111001111101010111100110111011111110110001111111110111110000101010111111111111110101110
11111111111111111111111111111111111111111111111111111111111111111111111111111111111111110011101101111111000110011111001111101010111100110111011111110110001111111110111110000101010111111111111110101110
00000000000000000000000000000000000000000000000000000000000000000000000000000000000000000011101101111111000110011111001111101010111100110111011111110110001111111110111110000101010111111111111110101110
11111111111111111111111111111111111111111111111111111111111111111111111111111111111111111101101101111111000110011111001111101010111100110111011111110110001111111110111110000101010111111111111110101110
11111111111111111111111111111111111111111111111111111111111111111111111111111111111111111110101101111111000110011111001111101010111100110111011111110110001111111110111110000101010111111111111110101110
11111111111111111111111111111111111111111111111111111111111111111111111111111111111111111111001101111111000110011111001111101010111100110111011111110110001111111110111110000101010111111111111110101110
00000000000000000000000000000000000000000000000000000000000000000000000000000000000000000000001101111111000110011111001111101010111100110111011111110110001111111110111110000101010111111111111110101110
11111111111111111111111111111111111111111111111111111111111111111111111111111111111111111111110101111111000110011111001111101010111100110111011111110110001111111110111110000101010111111111111110101110
11111111111111111111111111111111111111111111111111111111111111111111111111111111111111111111111001111111000110011111001111101010111100110111011111110110001111111110111110000101010111111111111110101110
00000000000000000000000000000000000000000000000000000000000000000000000000000000000000000000000001111111000110011111001111101010111100110111011111110110001111111110111110000101010111111111111110101110
11111111111111111111111111111111111111111111111111111111111111111111111111111111111111111111111110111111000110011111001111101010111100110111011111110110001111111110111110000101010111111111111110101110
11111111111111111111111111111111111111111111111111111111111111111111111111111111111111111111111111011111000110011111001111101010111100110111011111110110001111111110111110000101010111111111111110101110
11111111111111111111111111111111111111111111111111111111111111111111111111111111111111111111111111101111000110011111001111101010111100110111011111110110001111111110111110000101010111111111111110101110
11111111111111111111111111111111111111111111111111111111111111111111111111111111111111111111111111110111000110011111001111101010111100110111011111110110001111111110111110000101010111111111111110101110
11111111111111111111111111111111111111111111111111111111111111111111111111111111111111111111111111111011000110011111001111101010111100110111011111110110001111111110111110000101010111111111111110101110
11111111111111111111111111111111111111111111111111111111111111111111111111111111111111111111111111111101000110011111001111101010111100110111011111110110001111111110111110000101010111111111111110101110
11111111111111111111111111111111111111111111111111111111111111111111111111111111111111111111111111111110000110011111001111101010111100110111011111110110001111111110111110000101010111111111111110101110
00000000000000000000000000000000000000000000000000000000000000000000000000000000000000000000000000000000000110011111001111101010111100110111011111110110001111111110111110000101010111111111111110101110
00000000000000000000000000000000000000000000000000000000000000000000000000000000000000000000000000000000000110011111001111101010111100110111011111110110001111111110111110000101010111111111111110101110
00000000000000000000000000000000000000000000000000000000000000000000000000000000000000000000000000000000000110011111001111101010111100110111011111110110001111111110111110000101010111111111111110101110
11111111111111111111111111111111111111111111111111111111111111111111111111111111111111111111111111111111111010011111001111101010111100110111011111110110001111111110111110000101010111111111111110101110
11111111111111111111111111111111111111111111111111111111111111111111111111111111111111111111111111111111111100011111001111101010111100110111011111110110001111111110111110000101010111111111111110101110
00000000000000000000000000000000000000000000000000000000000000000000000000000000000000000000000000000000000000011111001111101010111100110111011111110110001111111110111110000101010111111111111110101110
00000000000000000000000000000000000000000000000000000000000000000000000000000000000000000000000000000000000000011111001111101010111100110111011111110110001111111110111110000101010111111111111110101110
11111111111111111111111111111111111111111111111111111111111111111111111111111111111111111111111111111111111111101111001111101010111100110111011111110110001111111110111110000101010111111111111110101110
11111111111111111111111111111111111111111111111111111111111111111111111111111111111111111111111111111111111111110111001111101010111100110111011111110110001111111110111110000101010111111111111110101110
11111111111111111111111111111111111111111111111111111111111111111111111111111111111111111111111111111111111111111011001111101010111100110111011111110110001111111110111110000101010111111111111110101110
11111111111111111111111111111111111111111111111111111111111111111111111111111111111111111111111111111111111111111101001111101010111100110111011111110110001111111110111110000101010111111111111110101110
11111111111111111111111111111111111111111111111111111111111111111111111111111111111111111111111111111111111111111110001111101010111100110111011111110110001111111110111110000101010111111111111110101110
00000000000000000000000000000000000000000000000000000000000000000000000000000000000000000000000000000000000000000000001111101010111100110111011111110110001111111110111110000101010111111111111110101110
00000000000000000000000000000000000000000000000000000000000000000000000000000000000000000000000000000000000000000000001111101010111100110111011111110110001111111110111110000101010111111111111110101110
11111111111111111111111111111111111111111111111111111111111111111111111111111111111111111111111111111111111111111111110111101010111100110111011111110110001111111110111110000101010111111111111110101110
11111111111111111111111111111111111111111111111111111111111111111111111111111111111111111111111111111111111111111111111011101010111100110111011111110110001111111110111110000101010111111111111110101110
11111111111111111111111111111111111111111111111111111111111111111111111111111111111111111111111111111111111111111111111101101010111100110111011111110110001111111110111110000101010111111111111110101110
11111111111111111111111111111111111111111111111111111111111111111111111111111111111111111111111111111111111111111111111110101010111100110111011111110110001111111110111110000101010111111111111110101110
11111111111111111111111111111111111111111111111111111111111111111111111111111111111111111111111111111111111111111111111111001010111100110111011111110110001111111110111110000101010111111111111110101110
00000000000000000000000000000000000000000000000000000000000000000000000000000000000000000000000000000000000000000000000000001010111100110111011111110110001111111110111110000101010111111111111110101110
11111111111111111111111111111111111111111111111111111111111111111111111111111111111111111111111111111111111111111111111111110010111100110111011111110110001111111110111110000101010111111111111110101110
00000000000000000000000000000000000000000000000000000000000000000000000000000000000000000000000000000000000000000000000000000010111100110111011111110110001111111110111110000101010111111111111110101110
11111111111111111111111111111111111111111111111111111111111111111111111111111111111111111111111111111111111111111111111111111100111100110111011111110110001111111110111110000101010111111111111110101110
00000000000000000000000000000000000000000000000000000000000000000000000000000000000000000000000000000000000000000000000000000000111100110111011111110110001111111110111110000101010111111111111110101110
11111111111111111111111111111111111111111111111111111111111111111111111111111111111111111111111111111111111111111111111111111111011100110111011111110110001111111110111110000101010111111111111110101110
11111111111111111111111111111111111111111111111111111111111111111111111111111111111111111111111111111111111111111111111111111111101100110111011111110110001111111110111110000101010111111111111110101110
11111111111111111111111111111111111111111111111111111111111111111111111111111111111111111111111111111111111111111111111111111111110100110111011111110110001111111110111110000101010111111111111110101110
11111111111111111111111111111111111111111111111111111111111111111111111111111111111111111111111111111111111111111111111111111111111000110111011111110110001111111110111110000101010111111111111110101110
00000000000000000000000000000000000000000000000000000000000000000000000000000000000000000000000000000000000000000000000000000000000000110111011111110110001111111110111110000101010111111111111110101110
00000000000000000000000000000000000000000000000000000000000000000000000000000000000000000000000000000000000000000000000000000000000000110111011111110110001111111110111110000101010111111111111110101110
11111111111111111111111111111111111111111111111111111111111111111111111111111111111111111111111111111111111111111111111111111111111111010111011111110110001111111110111110000101010111111111111110101110
11111111111111111111111111111111111111111111111111111111111111111111111111111111111111111111111111111111111111111111111111111111111111100111011111110110001111111110111110000101010111111111111110101110
00000000000000000000000000000000000000000000000000000000000000000000000000000000000000000000000000000000000000000000000000000000000000000111011111110110001111111110111110000101010111111111111110101110
11111111111111111111111111111111111111111111111111111111111111111111111111111111111111111111111111111111111111111111111111111111111111111011011111110110001111111110111110000101010111111111111110101110
11111111111111111111111111111111111111111111111111111111111111111111111111111111111111111111111111111111111111111111111111111111111111111101011111110110001111111110111110000101010111111111111110101110
11111111111111111111111111111111111111111111111111111111111111111111111111111111111111111111111111111111111111111111111111111111111111111110011111110110001111111110111110000101010111111111111110101110
00000000000000000000000000000000000000000000000000000000000000000000000000000000000000000000000000000000000000000000000000000000000000000000011111110110001111111110111110000101010111111111111110101110
11111111111111111111111111111111111111111111111111111111111111111111111111111111111111111111111111111111111111111111111111111111111111111111101111110110001111111110111110000101010111111111111110101110
11111111111111111111111111111111111111111111111111111111111111111111111111111111111111111111111111111111111111111111111111111111111111111111110111110110001111111110111110000101010111111111111110101110
11111111111111111111111111111111111111111111111111111111111111111111111111111111111111111111111111111111111111111111111111111111111111111111111011110110001111111110111110000101010111111111111110101110
11111111111111111111111111111111111111111111111111111111111111111111111111111111111111111111111111111111111111111111111111111111111111111111111101110110001111111110111110000101010111111111111110101110
11111111111111111111111111111111111111111111111111111111111111111111111111111111111111111111111111111111111111111111111111111111111111111111111110110110001111111110111110000101010111111111111110101110
11111111111111111111111111111111111111111111111111111111111111111111111111111111111111111111111111111111111111111111111111111111111111111111111111010110001111111110111110000101010111111111111110101110
11111111111111111111111111111111111111111111111111111111111111111111111111111111111111111111111111111111111111111111111111111111111111111111111111100110001111111110111110000101010111111111111110101110
00000000000000000000000000000000000000000000000000000000000000000000000000000000000000000000000000000000000000000000000000000000000000000000000000000110001111111110111110000101010111111111111110101110
11111111111111111111111111111111111111111111111111111111111111111111111111111111111111111111111111111111111111111111111111111111111111111111111111111010001111111110111110000101010111111111111110101110
11111111111111111111111111111111111111111111111111111111111111111111111111111111111111111111111111111111111111111111111111111111111111111111111111111100001111111110111110000101010111111111111110101110
00000000000000000000000000000000000000000000000000000000000000000000000000000000000000000000000000000000000000000000000000000000000000000000000000000000001111111110111110000101010111111111111110101110
00000000000000000000000000000000000000000000000000000000000000000000000000000000000000000000000000000000000000000000000000000000000000000000000000000000001111111110111110000101010111111111111110101110
00000000000000000000000000000000000000000000000000000000000000000000000000000000000000000000000000000000000000000000000000000000000000000000000000000000001111111110111110000101010111111111111110101110
11111111111111111111111111111111111111111111111111111111111111111111111111111111111111111111111111111111111111111111111111111111111111111111111111111111110111111110111110000101010111111111111110101110
11111111111111111111111111111111111111111111111111111111111111111111111111111111111111111111111111111111111111111111111111111111111111111111111111111111111011111110111110000101010111111111111110101110
11111111111111111111111111111111111111111111111111111111111111111111111111111111111111111111111111111111111111111111111111111111111111111111111111111111111101111110111110000101010111111111111110101110
11111111111111111111111111111111111111111111111111111111111111111111111111111111111111111111111111111111111111111111111111111111111111111111111111111111111110111110111110000101010111111111111110101110
11111111111111111111111111111111111111111111111111111111111111111111111111111111111111111111111111111111111111111111111111111111111111111111111111111111111111011110111110000101010111111111111110101110
11111111111111111111111111111111111111111111111111111111111111111111111111111111111111111111111111111111111111111111111111111111111111111111111111111111111111101110111110000101010111111111111110101110
11111111111111111111111111111111111111111111111111111111111111111111111111111111111111111111111111111111111111111111111111111111111111111111111111111111111111110110111110000101010111111111111110101110
11111111111111111111111111111111111111111111111111111111111111111111111111111111111111111111111111111111111111111111111111111111111111111111111111111111111111111010111110000101010111111111111110101110
11111111111111111111111111111111111111111111111111111111111111111111111111111111111111111111111111111111111111111111111111111111111111111111111111111111111111111100111110000101010111111111111110101110
00000000000000000000000000000000000000000000000000000000000000000000000000000000000000000000000000000000000000000000000000000000000000000000000000000000000000000000111110000101010111111111111110101110
11111111111111111111111111111111111111111111111111111111111111111111111111111111111111111111111111111111111111111111111111111111111111111111111111111111111111111111011110000101010111111111111110101110
11111111111111111111111111111111111111111111111111111111111111111111111111111111111111111111111111111111111111111111111111111111111111111111111111111111111111111111101110000101010111111111111110101110
11111111111111111111111111111111111111111111111111111111111111111111111111111111111111111111111111111111111111111111111111111111111111111111111111111111111111111111110110000101010111111111111110101110
11111111111111111111111111111111111111111111111111111111111111111111111111111111111111111111111111111111111111111111111111111111111111111111111111111111111111111111111010000101010111111111111110101110
11111111111111111111111111111111111111111111111111111111111111111111111111111111111111111111111111111111111111111111111111111111111111111111111111111111111111111111111100000101010111111111111110101110
00000000000000000000000000000000000000000000000000000000000000000000000000000000000000000000000000000000000000000000000000000000000000000000000000000000000000000000000000000101010111111111111110101110
00000000000000000000000000000000000000000000000000000000000000000000000000000000000000000000000000000000000000000000000000000000000000000000000000000000000000000000000000000101010111111111111110101110
00000000000000000000000000000000000000000000000000000000000000000000000000000000000000000000000000000000000000000000000000000000000000000000000000000000000000000000000000000101010111111111111110101110
00000000000000000000000000000000000000000000000000000000000000000000000000000000000000000000000000000000000000000000000000000000000000000000000000000000000000000000000000000101010111111111111110101110
11111111111111111111111111111111111111111111111111111111111111111111111111111111111111111111111111111111111111111111111111111111111111111111111111111111111111111111111111111001010111111111111110101110
00000000000000000000000000000000000000000000000000000000000000000000000000000000000000000000000000000000000000000000000000000000000000000000000000000000000000000000000000000001010111111111111110101110
11111111111111111111111111111111111111111111111111111111111111111111111111111111111111111111111111111111111111111111111111111111111111111111111111111111111111111111111111111110010111111111111110101110
00000000000000000000000000000000000000000000000000000000000000000000000000000000000000000000000000000000000000000000000000000000000000000000000000000000000000000000000000000000010111111111111110101110
11111111111111111111111111111111111111111111111111111111111111111111111111111111111111111111111111111111111111111111111111111111111111111111111111111111111111111111111111111111100111111111111110101110
00000000000000000000000000000000000000000000000000000000000000000000000000000000000000000000000000000000000000000000000000000000000000000000000000000000000000000000000000000000000111111111111110101110
11111111111111111111111111111111111111111111111111111111111111111111111111111111111111111111111111111111111111111111111111111111111111111111111111111111111111111111111111111111111011111111111110101110
11111111111111111111111111111111111111111111111111111111111111111111111111111111111111111111111111111111111111111111111111111111111111111111111111111111111111111111111111111111111101111111111110101110
11111111111111111111111111111111111111111111111111111111111111111111111111111111111111111111111111111111111111111111111111111111111111111111111111111111111111111111111111111111111110111111111110101110
11111111111111111111111111111111111111111111111111111111111111111111111111111111111111111111111111111111111111111111111111111111111111111111111111111111111111111111111111111111111111011111111110101110
11111111111111111111111111111111111111111111111111111111111111111111111111111111111111111111111111111111111111111111111111111111111111111111111111111111111111111111111111111111111111101111111110101110
11111111111111111111111111111111111111111111111111111111111111111111111111111111111111111111111111111111111111111111111111111111111111111111111111111111111111111111111111111111111111110111111110101110
11111111111111111111111111111111111111111111111111111111111111111111111111111111111111111111111111111111111111111111111111111111111111111111111111111111111111111111111111111111111111111011111110101110
11111111111111111111111111111111111111111111111111111111111111111111111111111111111111111111111111111111111111111111111111111111111111111111111111111111111111111111111111111111111111111101111110101110
11111111111111111111111111111111111111111111111111111111111111111111111111111111111111111111111111111111111111111111111111111111111111111111111111111111111111111111111111111111111111111110111110101110
11111111111111111111111111111111111111111111111111111111111111111111111111111111111111111111111111111111111111111111111111111111111111111111111111111111111111111111111111111111111111111111011110101110
11111111111111111111111111111111111111111111111111111111111111111111111111111111111111111111111111111111111111111111111111111111111111111111111111111111111111111111111111111111111111111111101110101110
11111111111111111111111111111111111111111111111111111111111111111111111111111111111111111111111111111111111111111111111111111111111111111111111111111111111111111111111111111111111111111111110110101110
11111111111111111111111111111111111111111111111111111111111111111111111111111111111111111111111111111111111111111111111111111111111111111111111111111111111111111111111111111111111111111111111010101110
11111111111111111111111111111111111111111111111111111111111111111111111111111111111111111111111111111111111111111111111111111111111111111111111111111111111111111111111111111111111111111111111100101110
00000000000000000000000000000000000000000000000000000000000000000000000000000000000000000000000000000000000000000000000000000000000000000000000000000000000000000000000000000000000000000000000000101110
11111111111111111111111111111111111111111111111111111111111111111111111111111111111111111111111111111111111111111111111111111111111111111111111111111111111111111111111111111111111111111111111111001110
00000000000000000000000000000000000000000000000000000000000000000000000000000000000000000000000000000000000000000000000000000000000000000000000000000000000000000000000000000000000000000000000000001110
11111111111111111111111111111111111111111111111111111111111111111111111111111111111111111111111111111111111111111111111111111111111111111111111111111111111111111111111111111111111111111111111111110110
11111111111111111111111111111111111111111111111111111111111111111111111111111111111111111111111111111111111111111111111111111111111111111111111111111111111111111111111111111111111111111111111111111010
11111111111111111111111111111111111111111111111111111111111111111111111111111111111111111111111111111111111111111111111111111111111111111111111111111111111111111111111111111111111111111111111111111100
00000000000000000000000000000000000000000000000000000000000000000000000000000000000000000000000000000000000000000000000000000000000000000000000000000000000000000000000000000000000000000000000000000000
