01000100100000011100000000010001010000100001001010001010010010000000000010001001100000010000010000001001000000000100100000000010000011000001000001110100010000111100000000101000010001000101000000010010
10000100100000011100000000010001010000100001001010001010010010000000000010001001100000010000010000001001000000000100100000000010000011000001000001110100010000111100000000101000010001000101000000010010
00000100100000011100000000010001010000100001001010001010010010000000000010001001100000010000010000001001000000000100100000000010000011000001000001110100010000111100000000101000010001000101000000010010
00000100100000011100000000010001010000100001001010001010010010000000000010001001100000010000010000001001000000000100100000000010000011000001000001110100010000111100000000101000010001000101000000010010
00000100100000011100000000010001010000100001001010001010010010000000000010001001100000010000010000001001000000000100100000000010000011000001000001110100010000111100000000101000010001000101000000010010
11111000100000011100000000010001010000100001001010001010010010000000000010001001100000010000010000001001000000000100100000000010000011000001000001110100010000111100000000101000010001000101000000010010
00000000100000011100000000010001010000100001001010001010010010000000000010001001100000010000010000001001000000000100100000000010000011000001000001110100010000111100000000101000010001000101000000010010
00000000100000011100000000010001010000100001001010001010010010000000000010001001100000010000010000001001000000000100100000000010000011000001000001110100010000111100000000101000010001000101000000010010
11111111000000011100000000010001010000100001001010001010010010000000000010001001100000010000010000001001000000000100100000000010000011000001000001110100010000111100000000101000010001000101000000010010
00000000000000011100000000010001010000100001001010001010010010000000000010001001100000010000010000001001000000000100100000000010000011000001000001110100010000111100000000101000010001000101000000010010
00000000000000011100000000010001010000100001001010001010010010000000000010001001100000010000010000001001000000000100100000000010000011000001000001110100010000111100000000101000010001000101000000010010
00000000000000011100000000010001010000100001001010001010010010000000000010001001100000010000010000001001000000000100100000000010000011000001000001110100010000111100000000101000010001000101000000010010
00000000000000011100000000010001010000100001001010001010010010000000000010001001100000010000010000001001000000000100100000000010000011000001000001110100010000111100000000101000010001000101000000010010
00000000000000011100000000010001010000100001001010001010010010000000000010001001100000010000010000001001000000000100100000000010000011000001000001110100010000111100000000101000010001000101000000010010
00000000000000011100000000010001010000100001001010001010010010000000000010001001100000010000010000001001000000000100100000000010000011000001000001110100010000111100000000101000010001000101000000010010
11111111111111101100000000010001010000100001001010001010010010000000000010001001100000010000010000001001000000000100100000000010000011000001000001110100010000111100000000101000010001000101000000010010
11111111111111110100000000010001010000100001001010001010010010000000000010001001100000010000010000001001000000000100100000000010000011000001000001110100010000111100000000101000010001000101000000010010
11111111111111111000000000010001010000100001001010001010010010000000000010001001100000010000010000001001000000000100100000000010000011000001000001110100010000111100000000101000010001000101000000010010
00000000000000000000000000010001010000100001001010001010010010000000000010001001100000010000010000001001000000000100100000000010000011000001000001110100010000111100000000101000010001000101000000010010
00000000000000000000000000010001010000100001001010001010010010000000000010001001100000010000010000001001000000000100100000000010000011000001000001110100010000111100000000101000010001000101000000010010
00000000000000000000000000010001010000100001001010001010010010000000000010001001100000010000010000001001000000000100100000000010000011000001000001110100010000111100000000101000010001000101000000010010
00000000000000000000000000010001010000100001001010001010010010000000000010001001100000010000010000001001000000000100100000000010000011000001000001110100010000111100000000101000010001000101000000010010
00000000000000000000000000010001010000100001001010001010010010000000000010001001100000010000010000001001000000000100100000000010000011000001000001110100010000111100000000101000010001000101000000010010
00000000000000000000000000010001010000100001001010001010010010000000000010001001100000010000010000001001000000000100100000000010000011000001000001110100010000111100000000101000010001000101000000010010
00000000000000000000000000010001010000100001001010001010010010000000000010001001100000010000010000001001000000000100100000000010000011000001000001110100010000111100000000101000010001000101000000010010
00000000000000000000000000010001010000100001001010001010010010000000000010001001100000010000010000001001000000000100100000000010000011000001000001110100010000111100000000101000010001000101000000010010
00000000000000000000000000010001010000100001001010001010010010000000000010001001100000010000010000001001000000000100100000000010000011000001000001110100010000111100000000101000010001000101000000010010
11111111111111111111111111100001010000100001001010001010010010000000000010001001100000010000010000001001000000000100100000000010000011000001000001110100010000111100000000101000010001000101000000010010
00000000000000000000000000000001010000100001001010001010010010000000000010001001100000010000010000001001000000000100100000000010000011000001000001110100010000111100000000101000010001000101000000010010
00000000000000000000000000000001010000100001001010001010010010000000000010001001100000010000010000001001000000000100100000000010000011000001000001110100010000111100000000101000010001000101000000010010
00000000000000000000000000000001010000100001001010001010010010000000000010001001100000010000010000001001000000000100100000000010000011000001000001110100010000111100000000101000010001000101000000010010
11111111111111111111111111111110010000100001001010001010010010000000000010001001100000010000010000001001000000000100100000000010000011000001000001110100010000111100000000101000010001000101000000010010
00000000000000000000000000000000010000100001001010001010010010000000000010001001100000010000010000001001000000000100100000000010000011000001000001110100010000111100000000101000010001000101000000010010
11111111111111111111111111111111100000100001001010001010010010000000000010001001100000010000010000001001000000000100100000000010000011000001000001110100010000111100000000101000010001000101000000010010
00000000000000000000000000000000000000100001001010001010010010000000000010001001100000010000010000001001000000000100100000000010000011000001000001110100010000111100000000101000010001000101000000010010
00000000000000000000000000000000000000100001001010001010010010000000000010001001100000010000010000001001000000000100100000000010000011000001000001110100010000111100000000101000010001000101000000010010
00000000000000000000000000000000000000100001001010001010010010000000000010001001100000010000010000001001000000000100100000000010000011000001000001110100010000111100000000101000010001000101000000010010
00000000000000000000000000000000000000100001001010001010010010000000000010001001100000010000010000001001000000000100100000000010000011000001000001110100010000111100000000101000010001000101000000010010
11111111111111111111111111111111111111000001001010001010010010000000000010001001100000010000010000001001000000000100100000000010000011000001000001110100010000111100000000101000010001000101000000010010
00000000000000000000000000000000000000000001001010001010010010000000000010001001100000010000010000001001000000000100100000000010000011000001000001110100010000111100000000101000010001000101000000010010
00000000000000000000000000000000000000000001001010001010010010000000000010001001100000010000010000001001000000000100100000000010000011000001000001110100010000111100000000101000010001000101000000010010
00000000000000000000000000000000000000000001001010001010010010000000000010001001100000010000010000001001000000000100100000000010000011000001000001110100010000111100000000101000010001000101000000010010
00000000000000000000000000000000000000000001001010001010010010000000000010001001100000010000010000001001000000000100100000000010000011000001000001110100010000111100000000101000010001000101000000010010
11111111111111111111111111111111111111111110001010001010010010000000000010001001100000010000010000001001000000000100100000000010000011000001000001110100010000111100000000101000010001000101000000010010
00000000000000000000000000000000000000000000001010001010010010000000000010001001100000010000010000001001000000000100100000000010000011000001000001110100010000111100000000101000010001000101000000010010
00000000000000000000000000000000000000000000001010001010010010000000000010001001100000010000010000001001000000000100100000000010000011000001000001110100010000111100000000101000010001000101000000010010
11111111111111111111111111111111111111111111110010001010010010000000000010001001100000010000010000001001000000000100100000000010000011000001000001110100010000111100000000101000010001000101000000010010
00000000000000000000000000000000000000000000000010001010010010000000000010001001100000010000010000001001000000000100100000000010000011000001000001110100010000111100000000101000010001000101000000010010
11111111111111111111111111111111111111111111111100001010010010000000000010001001100000010000010000001001000000000100100000000010000011000001000001110100010000111100000000101000010001000101000000010010
00000000000000000000000000000000000000000000000000001010010010000000000010001001100000010000010000001001000000000100100000000010000011000001000001110100010000111100000000101000010001000101000000010010
00000000000000000000000000000000000000000000000000001010010010000000000010001001100000010000010000001001000000000100100000000010000011000001000001110100010000111100000000101000010001000101000000010010
00000000000000000000000000000000000000000000000000001010010010000000000010001001100000010000010000001001000000000100100000000010000011000001000001110100010000111100000000101000010001000101000000010010
11111111111111111111111111111111111111111111111111110010010010000000000010001001100000010000010000001001000000000100100000000010000011000001000001110100010000111100000000101000010001000101000000010010
00000000000000000000000000000000000000000000000000000010010010000000000010001001100000010000010000001001000000000100100000000010000011000001000001110100010000111100000000101000010001000101000000010010
11111111111111111111111111111111111111111111111111111100010010000000000010001001100000010000010000001001000000000100100000000010000011000001000001110100010000111100000000101000010001000101000000010010
00000000000000000000000000000000000000000000000000000000010010000000000010001001100000010000010000001001000000000100100000000010000011000001000001110100010000111100000000101000010001000101000000010010
00000000000000000000000000000000000000000000000000000000010010000000000010001001100000010000010000001001000000000100100000000010000011000001000001110100010000111100000000101000010001000101000000010010
11111111111111111111111111111111111111111111111111111111100010000000000010001001100000010000010000001001000000000100100000000010000011000001000001110100010000111100000000101000010001000101000000010010
00000000000000000000000000000000000000000000000000000000000010000000000010001001100000010000010000001001000000000100100000000010000011000001000001110100010000111100000000101000010001000101000000010010
00000000000000000000000000000000000000000000000000000000000010000000000010001001100000010000010000001001000000000100100000000010000011000001000001110100010000111100000000101000010001000101000000010010
11111111111111111111111111111111111111111111111111111111111100000000000010001001100000010000010000001001000000000100100000000010000011000001000001110100010000111100000000101000010001000101000000010010
00000000000000000000000000000000000000000000000000000000000000000000000010001001100000010000010000001001000000000100100000000010000011000001000001110100010000111100000000101000010001000101000000010010
00000000000000000000000000000000000000000000000000000000000000000000000010001001100000010000010000001001000000000100100000000010000011000001000001110100010000111100000000101000010001000101000000010010
00000000000000000000000000000000000000000000000000000000000000000000000010001001100000010000010000001001000000000100100000000010000011000001000001110100010000111100000000101000010001000101000000010010
00000000000000000000000000000000000000000000000000000000000000000000000010001001100000010000010000001001000000000100100000000010000011000001000001110100010000111100000000101000010001000101000000010010
00000000000000000000000000000000000000000000000000000000000000000000000010001001100000010000010000001001000000000100100000000010000011000001000001110100010000111100000000101000010001000101000000010010
00000000000000000000000000000000000000000000000000000000000000000000000010001001100000010000010000001001000000000100100000000010000011000001000001110100010000111100000000101000010001000101000000010010
00000000000000000000000000000000000000000000000000000000000000000000000010001001100000010000010000001001000000000100100000000010000011000001000001110100010000111100000000101000010001000101000000010010
00000000000000000000000000000000000000000000000000000000000000000000000010001001100000010000010000001001000000000100100000000010000011000001000001110100010000111100000000101000010001000101000000010010
00000000000000000000000000000000000000000000000000000000000000000000000010001001100000010000010000001001000000000100100000000010000011000001000001110100010000111100000000101000010001000101000000010010
00000000000000000000000000000000000000000000000000000000000000000000000010001001100000010000010000001001000000000100100000000010000011000001000001110100010000111100000000101000010001000101000000010010
00000000000000000000000000000000000000000000000000000000000000000000000010001001100000010000010000001001000000000100100000000010000011000001000001110100010000111100000000101000010001000101000000010010
11111111111111111111111111111111111111111111111111111111111111111111111100001001100000010000010000001001000000000100100000000010000011000001000001110100010000111100000000101000010001000101000000010010
00000000000000000000000000000000000000000000000000000000000000000000000000001001100000010000010000001001000000000100100000000010000011000001000001110100010000111100000000101000010001000101000000010010
00000000000000000000000000000000000000000000000000000000000000000000000000001001100000010000010000001001000000000100100000000010000011000001000001110100010000111100000000101000010001000101000000010010
00000000000000000000000000000000000000000000000000000000000000000000000000001001100000010000010000001001000000000100100000000010000011000001000001110100010000111100000000101000010001000101000000010010
11111111111111111111111111111111111111111111111111111111111111111111111111110001100000010000010000001001000000000100100000000010000011000001000001110100010000111100000000101000010001000101000000010010
00000000000000000000000000000000000000000000000000000000000000000000000000000001100000010000010000001001000000000100100000000010000011000001000001110100010000111100000000101000010001000101000000010010
00000000000000000000000000000000000000000000000000000000000000000000000000000001100000010000010000001001000000000100100000000010000011000001000001110100010000111100000000101000010001000101000000010010
11111111111111111111111111111111111111111111111111111111111111111111111111111110100000010000010000001001000000000100100000000010000011000001000001110100010000111100000000101000010001000101000000010010
11111111111111111111111111111111111111111111111111111111111111111111111111111111000000010000010000001001000000000100100000000010000011000001000001110100010000111100000000101000010001000101000000010010
00000000000000000000000000000000000000000000000000000000000000000000000000000000000000010000010000001001000000000100100000000010000011000001000001110100010000111100000000101000010001000101000000010010
00000000000000000000000000000000000000000000000000000000000000000000000000000000000000010000010000001001000000000100100000000010000011000001000001110100010000111100000000101000010001000101000000010010
00000000000000000000000000000000000000000000000000000000000000000000000000000000000000010000010000001001000000000100100000000010000011000001000001110100010000111100000000101000010001000101000000010010
00000000000000000000000000000000000000000000000000000000000000000000000000000000000000010000010000001001000000000100100000000010000011000001000001110100010000111100000000101000010001000101000000010010
00000000000000000000000000000000000000000000000000000000000000000000000000000000000000010000010000001001000000000100100000000010000011000001000001110100010000111100000000101000010001000101000000010010
00000000000000000000000000000000000000000000000000000000000000000000000000000000000000010000010000001001000000000100100000000010000011000001000001110100010000111100000000101000010001000101000000010010
11111111111111111111111111111111111111111111111111111111111111111111111111111111111111100000010000001001000000000100100000000010000011000001000001110100010000111100000000101000010001000101000000010010
00000000000000000000000000000000000000000000000000000000000000000000000000000000000000000000010000001001000000000100100000000010000011000001000001110100010000111100000000101000010001000101000000010010
00000000000000000000000000000000000000000000000000000000000000000000000000000000000000000000010000001001000000000100100000000010000011000001000001110100010000111100000000101000010001000101000000010010
00000000000000000000000000000000000000000000000000000000000000000000000000000000000000000000010000001001000000000100100000000010000011000001000001110100010000111100000000101000010001000101000000010010
00000000000000000000000000000000000000000000000000000000000000000000000000000000000000000000010000001001000000000100100000000010000011000001000001110100010000111100000000101000010001000101000000010010
00000000000000000000000000000000000000000000000000000000000000000000000000000000000000000000010000001001000000000100100000000010000011000001000001110100010000111100000000101000010001000101000000010010
11111111111111111111111111111111111111111111111111111111111111111111111111111111111111111111100000001001000000000100100000000010000011000001000001110100010000111100000000101000010001000101000000010010
00000000000000000000000000000000000000000000000000000000000000000000000000000000000000000000000000001001000000000100100000000010000011000001000001110100010000111100000000101000010001000101000000010010
00000000000000000000000000000000000000000000000000000000000000000000000000000000000000000000000000001001000000000100100000000010000011000001000001110100010000111100000000101000010001000101000000010010
00000000000000000000000000000000000000000000000000000000000000000000000000000000000000000000000000001001000000000100100000000010000011000001000001110100010000111100000000101000010001000101000000010010
00000000000000000000000000000000000000000000000000000000000000000000000000000000000000000000000000001001000000000100100000000010000011000001000001110100010000111100000000101000010001000101000000010010
00000000000000000000000000000000000000000000000000000000000000000000000000000000000000000000000000001001000000000100100000000010000011000001000001110100010000111100000000101000010001000101000000010010
00000000000000000000000000000000000000000000000000000000000000000000000000000000000000000000000000001001000000000100100000000010000011000001000001110100010000111100000000101000010001000101000000010010
11111111111111111111111111111111111111111111111111111111111111111111111111111111111111111111111111110001000000000100100000000010000011000001000001110100010000111100000000101000010001000101000000010010
00000000000000000000000000000000000000000000000000000000000000000000000000000000000000000000000000000001000000000100100000000010000011000001000001110100010000111100000000101000010001000101000000010010
00000000000000000000000000000000000000000000000000000000000000000000000000000000000000000000000000000001000000000100100000000010000011000001000001110100010000111100000000101000010001000101000000010010
11111111111111111111111111111111111111111111111111111111111111111111111111111111111111111111111111111110000000000100100000000010000011000001000001110100010000111100000000101000010001000101000000010010
00000000000000000000000000000000000000000000000000000000000000000000000000000000000000000000000000000000000000000100100000000010000011000001000001110100010000111100000000101000010001000101000000010010
00000000000000000000000000000000000000000000000000000000000000000000000000000000000000000000000000000000000000000100100000000010000011000001000001110100010000111100000000101000010001000101000000010010
00000000000000000000000000000000000000000000000000000000000000000000000000000000000000000000000000000000000000000100100000000010000011000001000001110100010000111100000000101000010001000101000000010010
00000000000000000000000000000000000000000000000000000000000000000000000000000000000000000000000000000000000000000100100000000010000011000001000001110100010000111100000000101000010001000101000000010010
00000000000000000000000000000000000000000000000000000000000000000000000000000000000000000000000000000000000000000100100000000010000011000001000001110100010000111100000000101000010001000101000000010010
00000000000000000000000000000000000000000000000000000000000000000000000000000000000000000000000000000000000000000100100000000010000011000001000001110100010000111100000000101000010001000101000000010010
00000000000000000000000000000000000000000000000000000000000000000000000000000000000000000000000000000000000000000100100000000010000011000001000001110100010000111100000000101000010001000101000000010010
00000000000000000000000000000000000000000000000000000000000000000000000000000000000000000000000000000000000000000100100000000010000011000001000001110100010000111100000000101000010001000101000000010010
00000000000000000000000000000000000000000000000000000000000000000000000000000000000000000000000000000000000000000100100000000010000011000001000001110100010000111100000000101000010001000101000000010010
11111111111111111111111111111111111111111111111111111111111111111111111111111111111111111111111111111111111111111000100000000010000011000001000001110100010000111100000000101000010001000101000000010010
00000000000000000000000000000000000000000000000000000000000000000000000000000000000000000000000000000000000000000000100000000010000011000001000001110100010000111100000000101000010001000101000000010010
00000000000000000000000000000000000000000000000000000000000000000000000000000000000000000000000000000000000000000000100000000010000011000001000001110100010000111100000000101000010001000101000000010010
11111111111111111111111111111111111111111111111111111111111111111111111111111111111111111111111111111111111111111111000000000010000011000001000001110100010000111100000000101000010001000101000000010010
00000000000000000000000000000000000000000000000000000000000000000000000000000000000000000000000000000000000000000000000000000010000011000001000001110100010000111100000000101000010001000101000000010010
00000000000000000000000000000000000000000000000000000000000000000000000000000000000000000000000000000000000000000000000000000010000011000001000001110100010000111100000000101000010001000101000000010010
00000000000000000000000000000000000000000000000000000000000000000000000000000000000000000000000000000000000000000000000000000010000011000001000001110100010000111100000000101000010001000101000000010010
00000000000000000000000000000000000000000000000000000000000000000000000000000000000000000000000000000000000000000000000000000010000011000001000001110100010000111100000000101000010001000101000000010010
00000000000000000000000000000000000000000000000000000000000000000000000000000000000000000000000000000000000000000000000000000010000011000001000001110100010000111100000000101000010001000101000000010010
00000000000000000000000000000000000000000000000000000000000000000000000000000000000000000000000000000000000000000000000000000010000011000001000001110100010000111100000000101000010001000101000000010010
00000000000000000000000000000000000000000000000000000000000000000000000000000000000000000000000000000000000000000000000000000010000011000001000001110100010000111100000000101000010001000101000000010010
00000000000000000000000000000000000000000000000000000000000000000000000000000000000000000000000000000000000000000000000000000010000011000001000001110100010000111100000000101000010001000101000000010010
00000000000000000000000000000000000000000000000000000000000000000000000000000000000000000000000000000000000000000000000000000010000011000001000001110100010000111100000000101000010001000101000000010010
11111111111111111111111111111111111111111111111111111111111111111111111111111111111111111111111111111111111111111111111111111100000011000001000001110100010000111100000000101000010001000101000000010010
00000000000000000000000000000000000000000000000000000000000000000000000000000000000000000000000000000000000000000000000000000000000011000001000001110100010000111100000000101000010001000101000000010010
00000000000000000000000000000000000000000000000000000000000000000000000000000000000000000000000000000000000000000000000000000000000011000001000001110100010000111100000000101000010001000101000000010010
00000000000000000000000000000000000000000000000000000000000000000000000000000000000000000000000000000000000000000000000000000000000011000001000001110100010000111100000000101000010001000101000000010010
00000000000000000000000000000000000000000000000000000000000000000000000000000000000000000000000000000000000000000000000000000000000011000001000001110100010000111100000000101000010001000101000000010010
00000000000000000000000000000000000000000000000000000000000000000000000000000000000000000000000000000000000000000000000000000000000011000001000001110100010000111100000000101000010001000101000000010010
11111111111111111111111111111111111111111111111111111111111111111111111111111111111111111111111111111111111111111111111111111111111101000001000001110100010000111100000000101000010001000101000000010010
11111111111111111111111111111111111111111111111111111111111111111111111111111111111111111111111111111111111111111111111111111111111110000001000001110100010000111100000000101000010001000101000000010010
00000000000000000000000000000000000000000000000000000000000000000000000000000000000000000000000000000000000000000000000000000000000000000001000001110100010000111100000000101000010001000101000000010010
00000000000000000000000000000000000000000000000000000000000000000000000000000000000000000000000000000000000000000000000000000000000000000001000001110100010000111100000000101000010001000101000000010010
00000000000000000000000000000000000000000000000000000000000000000000000000000000000000000000000000000000000000000000000000000000000000000001000001110100010000111100000000101000010001000101000000010010
00000000000000000000000000000000000000000000000000000000000000000000000000000000000000000000000000000000000000000000000000000000000000000001000001110100010000111100000000101000010001000101000000010010
00000000000000000000000000000000000000000000000000000000000000000000000000000000000000000000000000000000000000000000000000000000000000000001000001110100010000111100000000101000010001000101000000010010
11111111111111111111111111111111111111111111111111111111111111111111111111111111111111111111111111111111111111111111111111111111111111111110000001110100010000111100000000101000010001000101000000010010
00000000000000000000000000000000000000000000000000000000000000000000000000000000000000000000000000000000000000000000000000000000000000000000000001110100010000111100000000101000010001000101000000010010
00000000000000000000000000000000000000000000000000000000000000000000000000000000000000000000000000000000000000000000000000000000000000000000000001110100010000111100000000101000010001000101000000010010
00000000000000000000000000000000000000000000000000000000000000000000000000000000000000000000000000000000000000000000000000000000000000000000000001110100010000111100000000101000010001000101000000010010
00000000000000000000000000000000000000000000000000000000000000000000000000000000000000000000000000000000000000000000000000000000000000000000000001110100010000111100000000101000010001000101000000010010
00000000000000000000000000000000000000000000000000000000000000000000000000000000000000000000000000000000000000000000000000000000000000000000000001110100010000111100000000101000010001000101000000010010
11111111111111111111111111111111111111111111111111111111111111111111111111111111111111111111111111111111111111111111111111111111111111111111111110110100010000111100000000101000010001000101000000010010
11111111111111111111111111111111111111111111111111111111111111111111111111111111111111111111111111111111111111111111111111111111111111111111111111010100010000111100000000101000010001000101000000010010
11111111111111111111111111111111111111111111111111111111111111111111111111111111111111111111111111111111111111111111111111111111111111111111111111100100010000111100000000101000010001000101000000010010
00000000000000000000000000000000000000000000000000000000000000000000000000000000000000000000000000000000000000000000000000000000000000000000000000000100010000111100000000101000010001000101000000010010
11111111111111111111111111111111111111111111111111111111111111111111111111111111111111111111111111111111111111111111111111111111111111111111111111111000010000111100000000101000010001000101000000010010
00000000000000000000000000000000000000000000000000000000000000000000000000000000000000000000000000000000000000000000000000000000000000000000000000000000010000111100000000101000010001000101000000010010
00000000000000000000000000000000000000000000000000000000000000000000000000000000000000000000000000000000000000000000000000000000000000000000000000000000010000111100000000101000010001000101000000010010
00000000000000000000000000000000000000000000000000000000000000000000000000000000000000000000000000000000000000000000000000000000000000000000000000000000010000111100000000101000010001000101000000010010
11111111111111111111111111111111111111111111111111111111111111111111111111111111111111111111111111111111111111111111111111111111111111111111111111111111100000111100000000101000010001000101000000010010
00000000000000000000000000000000000000000000000000000000000000000000000000000000000000000000000000000000000000000000000000000000000000000000000000000000000000111100000000101000010001000101000000010010
00000000000000000000000000000000000000000000000000000000000000000000000000000000000000000000000000000000000000000000000000000000000000000000000000000000000000111100000000101000010001000101000000010010
00000000000000000000000000000000000000000000000000000000000000000000000000000000000000000000000000000000000000000000000000000000000000000000000000000000000000111100000000101000010001000101000000010010
00000000000000000000000000000000000000000000000000000000000000000000000000000000000000000000000000000000000000000000000000000000000000000000000000000000000000111100000000101000010001000101000000010010
11111111111111111111111111111111111111111111111111111111111111111111111111111111111111111111111111111111111111111111111111111111111111111111111111111111111111011100000000101000010001000101000000010010
11111111111111111111111111111111111111111111111111111111111111111111111111111111111111111111111111111111111111111111111111111111111111111111111111111111111111101100000000101000010001000101000000010010
11111111111111111111111111111111111111111111111111111111111111111111111111111111111111111111111111111111111111111111111111111111111111111111111111111111111111110100000000101000010001000101000000010010
11111111111111111111111111111111111111111111111111111111111111111111111111111111111111111111111111111111111111111111111111111111111111111111111111111111111111111000000000101000010001000101000000010010
00000000000000000000000000000000000000000000000000000000000000000000000000000000000000000000000000000000000000000000000000000000000000000000000000000000000000000000000000101000010001000101000000010010
00000000000000000000000000000000000000000000000000000000000000000000000000000000000000000000000000000000000000000000000000000000000000000000000000000000000000000000000000101000010001000101000000010010
00000000000000000000000000000000000000000000000000000000000000000000000000000000000000000000000000000000000000000000000000000000000000000000000000000000000000000000000000101000010001000101000000010010
00000000000000000000000000000000000000000000000000000000000000000000000000000000000000000000000000000000000000000000000000000000000000000000000000000000000000000000000000101000010001000101000000010010
00000000000000000000000000000000000000000000000000000000000000000000000000000000000000000000000000000000000000000000000000000000000000000000000000000000000000000000000000101000010001000101000000010010
00000000000000000000000000000000000000000000000000000000000000000000000000000000000000000000000000000000000000000000000000000000000000000000000000000000000000000000000000101000010001000101000000010010
00000000000000000000000000000000000000000000000000000000000000000000000000000000000000000000000000000000000000000000000000000000000000000000000000000000000000000000000000101000010001000101000000010010
00000000000000000000000000000000000000000000000000000000000000000000000000000000000000000000000000000000000000000000000000000000000000000000000000000000000000000000000000101000010001000101000000010010
11111111111111111111111111111111111111111111111111111111111111111111111111111111111111111111111111111111111111111111111111111111111111111111111111111111111111111111111111001000010001000101000000010010
00000000000000000000000000000000000000000000000000000000000000000000000000000000000000000000000000000000000000000000000000000000000000000000000000000000000000000000000000001000010001000101000000010010
11111111111111111111111111111111111111111111111111111111111111111111111111111111111111111111111111111111111111111111111111111111111111111111111111111111111111111111111111110000010001000101000000010010
00000000000000000000000000000000000000000000000000000000000000000000000000000000000000000000000000000000000000000000000000000000000000000000000000000000000000000000000000000000010001000101000000010010
00000000000000000000000000000000000000000000000000000000000000000000000000000000000000000000000000000000000000000000000000000000000000000000000000000000000000000000000000000000010001000101000000010010
00000000000000000000000000000000000000000000000000000000000000000000000000000000000000000000000000000000000000000000000000000000000000000000000000000000000000000000000000000000010001000101000000010010
00000000000000000000000000000000000000000000000000000000000000000000000000000000000000000000000000000000000000000000000000000000000000000000000000000000000000000000000000000000010001000101000000010010
11111111111111111111111111111111111111111111111111111111111111111111111111111111111111111111111111111111111111111111111111111111111111111111111111111111111111111111111111111111100001000101000000010010
00000000000000000000000000000000000000000000000000000000000000000000000000000000000000000000000000000000000000000000000000000000000000000000000000000000000000000000000000000000000001000101000000010010
00000000000000000000000000000000000000000000000000000000000000000000000000000000000000000000000000000000000000000000000000000000000000000000000000000000000000000000000000000000000001000101000000010010
00000000000000000000000000000000000000000000000000000000000000000000000000000000000000000000000000000000000000000000000000000000000000000000000000000000000000000000000000000000000001000101000000010010
11111111111111111111111111111111111111111111111111111111111111111111111111111111111111111111111111111111111111111111111111111111111111111111111111111111111111111111111111111111111110000101000000010010
00000000000000000000000000000000000000000000000000000000000000000000000000000000000000000000000000000000000000000000000000000000000000000000000000000000000000000000000000000000000000000101000000010010
00000000000000000000000000000000000000000000000000000000000000000000000000000000000000000000000000000000000000000000000000000000000000000000000000000000000000000000000000000000000000000101000000010010
00000000000000000000000000000000000000000000000000000000000000000000000000000000000000000000000000000000000000000000000000000000000000000000000000000000000000000000000000000000000000000101000000010010
11111111111111111111111111111111111111111111111111111111111111111111111111111111111111111111111111111111111111111111111111111111111111111111111111111111111111111111111111111111111111111001000000010010
00000000000000000000000000000000000000000000000000000000000000000000000000000000000000000000000000000000000000000000000000000000000000000000000000000000000000000000000000000000000000000001000000010010
11111111111111111111111111111111111111111111111111111111111111111111111111111111111111111111111111111111111111111111111111111111111111111111111111111111111111111111111111111111111111111110000000010010
00000000000000000000000000000000000000000000000000000000000000000000000000000000000000000000000000000000000000000000000000000000000000000000000000000000000000000000000000000000000000000000000000010010
00000000000000000000000000000000000000000000000000000000000000000000000000000000000000000000000000000000000000000000000000000000000000000000000000000000000000000000000000000000000000000000000000010010
00000000000000000000000000000000000000000000000000000000000000000000000000000000000000000000000000000000000000000000000000000000000000000000000000000000000000000000000000000000000000000000000000010010
00000000000000000000000000000000000000000000000000000000000000000000000000000000000000000000000000000000000000000000000000000000000000000000000000000000000000000000000000000000000000000000000000010010
00000000000000000000000000000000000000000000000000000000000000000000000000000000000000000000000000000000000000000000000000000000000000000000000000000000000000000000000000000000000000000000000000010010
00000000000000000000000000000000000000000000000000000000000000000000000000000000000000000000000000000000000000000000000000000000000000000000000000000000000000000000000000000000000000000000000000010010
00000000000000000000000000000000000000000000000000000000000000000000000000000000000000000000000000000000000000000000000000000000000000000000000000000000000000000000000000000000000000000000000000010010
11111111111111111111111111111111111111111111111111111111111111111111111111111111111111111111111111111111111111111111111111111111111111111111111111111111111111111111111111111111111111111111111111100010
00000000000000000000000000000000000000000000000000000000000000000000000000000000000000000000000000000000000000000000000000000000000000000000000000000000000000000000000000000000000000000000000000000010
00000000000000000000000000000000000000000000000000000000000000000000000000000000000000000000000000000000000000000000000000000000000000000000000000000000000000000000000000000000000000000000000000000010
11111111111111111111111111111111111111111111111111111111111111111111111111111111111111111111111111111111111111111111111111111111111111111111111111111111111111111111111111111111111111111111111111111100
00000000000000000000000000000000000000000000000000000000000000000000000000000000000000000000000000000000000000000000000000000000000000000000000000000000000000000000000000000000000000000000000000000000
