010101011011011010001100001001110111010010000011011000001011011100010111100100100001101110000100011000111001110000011001111000010110000100111111001101
100101011011011010001100001001110111010010000011011000001011011100010111100100100001101110000100011000111001110000011001111000010110000100111111001101
000101011011011010001100001001110111010010000011011000001011011100010111100100100001101110000100011000111001110000011001111000010110000100111111001101
111001011011011010001100001001110111010010000011011000001011011100010111100100100001101110000100011000111001110000011001111000010110000100111111001101
000001011011011010001100001001110111010010000011011000001011011100010111100100100001101110000100011000111001110000011001111000010110000100111111001101
111110011011011010001100001001110111010010000011011000001011011100010111100100100001101110000100011000111001110000011001111000010110000100111111001101
000000011011011010001100001001110111010010000011011000001011011100010111100100100001101110000100011000111001110000011001111000010110000100111111001101
111111101011011010001100001001110111010010000011011000001011011100010111100100100001101110000100011000111001110000011001111000010110000100111111001101
111111110011011010001100001001110111010010000011011000001011011100010111100100100001101110000100011000111001110000011001111000010110000100111111001101
000000000011011010001100001001110111010010000011011000001011011100010111100100100001101110000100011000111001110000011001111000010110000100111111001101
111111111101011010001100001001110111010010000011011000001011011100010111100100100001101110000100011000111001110000011001111000010110000100111111001101
111111111110011010001100001001110111010010000011011000001011011100010111100100100001101110000100011000111001110000011001111000010110000100111111001101
000000000000011010001100001001110111010010000011011000001011011100010111100100100001101110000100011000111001110000011001111000010110000100111111001101
111111111111101010001100001001110111010010000011011000001011011100010111100100100001101110000100011000111001110000011001111000010110000100111111001101
111111111111110010001100001001110111010010000011011000001011011100010111100100100001101110000100011000111001110000011001111000010110000100111111001101
000000000000000010001100001001110111010010000011011000001011011100010111100100100001101110000100011000111001110000011001111000010110000100111111001101
111111111111111100001100001001110111010010000011011000001011011100010111100100100001101110000100011000111001110000011001111000010110000100111111001101
000000000000000000001100001001110111010010000011011000001011011100010111100100100001101110000100011000111001110000011001111000010110000100111111001101
000000000000000000001100001001110111010010000011011000001011011100010111100100100001101110000100011000111001110000011001111000010110000100111111001101
000000000000000000001100001001110111010010000011011000001011011100010111100100100001101110000100011000111001110000011001111000010110000100111111001101
111111111111111111110100001001110111010010000011011000001011011100010111100100100001101110000100011000111001110000011001111000010110000100111111001101
111111111111111111111000001001110111010010000011011000001011011100010111100100100001101110000100011000111001110000011001111000010110000100111111001101
000000000000000000000000001001110111010010000011011000001011011100010111100100100001101110000100011000111001110000011001111000010110000100111111001101
000000000000000000000000001001110111010010000011011000001011011100010111100100100001101110000100011000111001110000011001111000010110000100111111001101
000000000000000000000000001001110111010010000011011000001011011100010111100100100001101110000100011000111001110000011001111000010110000100111111001101
000000000000000000000000001001110111010010000011011000001011011100010111100100100001101110000100011000111001110000011001111000010110000100111111001101
111111111111111111111111110001110111010010000011011000001011011100010111100100100001101110000100011000111001110000011001111000010110000100111111001101
000000000000000000000000000001110111010010000011011000001011011100010111100100100001101110000100011000111001110000011001111000010110000100111111001101
000000000000000000000000000001110111010010000011011000001011011100010111100100100001101110000100011000111001110000011001111000010110000100111111001101
111111111111111111111111111110110111010010000011011000001011011100010111100100100001101110000100011000111001110000011001111000010110000100111111001101
111111111111111111111111111111010111010010000011011000001011011100010111100100100001101110000100011000111001110000011001111000010110000100111111001101
111111111111111111111111111111100111010010000011011000001011011100010111100100100001101110000100011000111001110000011001111000010110000100111111001101
000000000000000000000000000000000111010010000011011000001011011100010111100100100001101110000100011000111001110000011001111000010110000100111111001101
111111111111111111111111111111111011010010000011011000001011011100010111100100100001101110000100011000111001110000011001111000010110000100111111001101
111111111111111111111111111111111101010010000011011000001011011100010111100100100001101110000100011000111001110000011001111000010110000100111111001101
111111111111111111111111111111111110010010000011011000001011011100010111100100100001101110000100011000111001110000011001111000010110000100111111001101
000000000000000000000000000000000000010010000011011000001011011100010111100100100001101110000100011000111001110000011001111000010110000100111111001101
111111111111111111111111111111111111100010000011011000001011011100010111100100100001101110000100011000111001110000011001111000010110000100111111001101
000000000000000000000000000000000000000010000011011000001011011100010111100100100001101110000100011000111001110000011001111000010110000100111111001101
000000000000000000000000000000000000000010000011011000001011011100010111100100100001101110000100011000111001110000011001111000010110000100111111001101
111111111111111111111111111111111111111100000011011000001011011100010111100100100001101110000100011000111001110000011001111000010110000100111111001101
000000000000000000000000000000000000000000000011011000001011011100010111100100100001101110000100011000111001110000011001111000010110000100111111001101
000000000000000000000000000000000000000000000011011000001011011100010111100100100001101110000100011000111001110000011001111000010110000100111111001101
000000000000000000000000000000000000000000000011011000001011011100010111100100100001101110000100011000111001110000011001111000010110000100111111001101
000000000000000000000000000000000000000000000011011000001011011100010111100100100001101110000100011000111001110000011001111000010110000100111111001101
000000000000000000000000000000000000000000000011011000001011011100010111100100100001101110000100011000111001110000011001111000010110000100111111001101
111111111111111111111111111111111111111111111101011000001011011100010111100100100001101110000100011000111001110000011001111000010110000100111111001101
111111111111111111111111111111111111111111111110011000001011011100010111100100100001101110000100011000111001110000011001111000010110000100111111001101
000000000000000000000000000000000000000000000000011000001011011100010111100100100001101110000100011000111001110000011001111000010110000100111111001101
111111111111111111111111111111111111111111111111101000001011011100010111100100100001101110000100011000111001110000011001111000010110000100111111001101
111111111111111111111111111111111111111111111111110000001011011100010111100100100001101110000100011000111001110000011001111000010110000100111111001101
000000000000000000000000000000000000000000000000000000001011011100010111100100100001101110000100011000111001110000011001111000010110000100111111001101
000000000000000000000000000000000000000000000000000000001011011100010111100100100001101110000100011000111001110000011001111000010110000100111111001101
000000000000000000000000000000000000000000000000000000001011011100010111100100100001101110000100011000111001110000011001111000010110000100111111001101
000000000000000000000000000000000000000000000000000000001011011100010111100100100001101110000100011000111001110000011001111000010110000100111111001101
000000000000000000000000000000000000000000000000000000001011011100010111100100100001101110000100011000111001110000011001111000010110000100111111001101
111111111111111111111111111111111111111111111111111111110011011100010111100100100001101110000100011000111001110000011001111000010110000100111111001101
000000000000000000000000000000000000000000000000000000000011011100010111100100100001101110000100011000111001110000011001111000010110000100111111001101
111111111111111111111111111111111111111111111111111111111101011100010111100100100001101110000100011000111001110000011001111000010110000100111111001101
111111111111111111111111111111111111111111111111111111111110011100010111100100100001101110000100011000111001110000011001111000010110000100111111001101
000000000000000000000000000000000000000000000000000000000000011100010111100100100001101110000100011000111001110000011001111000010110000100111111001101
111111111111111111111111111111111111111111111111111111111111101100010111100100100001101110000100011000111001110000011001111000010110000100111111001101
111111111111111111111111111111111111111111111111111111111111110100010111100100100001101110000100011000111001110000011001111000010110000100111111001101
111111111111111111111111111111111111111111111111111111111111111000010111100100100001101110000100011000111001110000011001111000010110000100111111001101
000000000000000000000000000000000000000000000000000000000000000000010111100100100001101110000100011000111001110000011001111000010110000100111111001101
000000000000000000000000000000000000000000000000000000000000000000010111100100100001101110000100011000111001110000011001111000010110000100111111001101
000000000000000000000000000000000000000000000000000000000000000000010111100100100001101110000100011000111001110000011001111000010110000100111111001101
111111111111111111111111111111111111111111111111111111111111111111100111100100100001101110000100011000111001110000011001111000010110000100111111001101
000000000000000000000000000000000000000000000000000000000000000000000111100100100001101110000100011000111001110000011001111000010110000100111111001101
111111111111111111111111111111111111111111111111111111111111111111111011100100100001101110000100011000111001110000011001111000010110000100111111001101
111111111111111111111111111111111111111111111111111111111111111111111101100100100001101110000100011000111001110000011001111000010110000100111111001101
111111111111111111111111111111111111111111111111111111111111111111111110100100100001101110000100011000111001110000011001111000010110000100111111001101
111111111111111111111111111111111111111111111111111111111111111111111111000100100001101110000100011000111001110000011001111000010110000100111111001101
000000000000000000000000000000000000000000000000000000000000000000000000000100100001101110000100011000111001110000011001111000010110000100111111001101
000000000000000000000000000000000000000000000000000000000000000000000000000100100001101110000100011000111001110000011001111000010110000100111111001101
111111111111111111111111111111111111111111111111111111111111111111111111111000100001101110000100011000111001110000011001111000010110000100111111001101
000000000000000000000000000000000000000000000000000000000000000000000000000000100001101110000100011000111001110000011001111000010110000100111111001101
000000000000000000000000000000000000000000000000000000000000000000000000000000100001101110000100011000111001110000011001111000010110000100111111001101
111111111111111111111111111111111111111111111111111111111111111111111111111111000001101110000100011000111001110000011001111000010110000100111111001101
000000000000000000000000000000000000000000000000000000000000000000000000000000000001101110000100011000111001110000011001111000010110000100111111001101
000000000000000000000000000000000000000000000000000000000000000000000000000000000001101110000100011000111001110000011001111000010110000100111111001101
000000000000000000000000000000000000000000000000000000000000000000000000000000000001101110000100011000111001110000011001111000010110000100111111001101
000000000000000000000000000000000000000000000000000000000000000000000000000000000001101110000100011000111001110000011001111000010110000100111111001101
111111111111111111111111111111111111111111111111111111111111111111111111111111111110101110000100011000111001110000011001111000010110000100111111001101
111111111111111111111111111111111111111111111111111111111111111111111111111111111111001110000100011000111001110000011001111000010110000100111111001101
000000000000000000000000000000000000000000000000000000000000000000000000000000000000001110000100011000111001110000011001111000010110000100111111001101
111111111111111111111111111111111111111111111111111111111111111111111111111111111111110110000100011000111001110000011001111000010110000100111111001101
111111111111111111111111111111111111111111111111111111111111111111111111111111111111111010000100011000111001110000011001111000010110000100111111001101
111111111111111111111111111111111111111111111111111111111111111111111111111111111111111100000100011000111001110000011001111000010110000100111111001101
000000000000000000000000000000000000000000000000000000000000000000000000000000000000000000000100011000111001110000011001111000010110000100111111001101
000000000000000000000000000000000000000000000000000000000000000000000000000000000000000000000100011000111001110000011001111000010110000100111111001101
000000000000000000000000000000000000000000000000000000000000000000000000000000000000000000000100011000111001110000011001111000010110000100111111001101
000000000000000000000000000000000000000000000000000000000000000000000000000000000000000000000100011000111001110000011001111000010110000100111111001101
111111111111111111111111111111111111111111111111111111111111111111111111111111111111111111111000011000111001110000011001111000010110000100111111001101
000000000000000000000000000000000000000000000000000000000000000000000000000000000000000000000000011000111001110000011001111000010110000100111111001101
000000000000000000000000000000000000000000000000000000000000000000000000000000000000000000000000011000111001110000011001111000010110000100111111001101
000000000000000000000000000000000000000000000000000000000000000000000000000000000000000000000000011000111001110000011001111000010110000100111111001101
111111111111111111111111111111111111111111111111111111111111111111111111111111111111111111111111101000111001110000011001111000010110000100111111001101
111111111111111111111111111111111111111111111111111111111111111111111111111111111111111111111111110000111001110000011001111000010110000100111111001101
000000000000000000000000000000000000000000000000000000000000000000000000000000000000000000000000000000111001110000011001111000010110000100111111001101
000000000000000000000000000000000000000000000000000000000000000000000000000000000000000000000000000000111001110000011001111000010110000100111111001101
000000000000000000000000000000000000000000000000000000000000000000000000000000000000000000000000000000111001110000011001111000010110000100111111001101
111111111111111111111111111111111111111111111111111111111111111111111111111111111111111111111111111111011001110000011001111000010110000100111111001101
111111111111111111111111111111111111111111111111111111111111111111111111111111111111111111111111111111101001110000011001111000010110000100111111001101
111111111111111111111111111111111111111111111111111111111111111111111111111111111111111111111111111111110001110000011001111000010110000100111111001101
000000000000000000000000000000000000000000000000000000000000000000000000000000000000000000000000000000000001110000011001111000010110000100111111001101
000000000000000000000000000000000000000000000000000000000000000000000000000000000000000000000000000000000001110000011001111000010110000100111111001101
111111111111111111111111111111111111111111111111111111111111111111111111111111111111111111111111111111111110110000011001111000010110000100111111001101
111111111111111111111111111111111111111111111111111111111111111111111111111111111111111111111111111111111111010000011001111000010110000100111111001101
111111111111111111111111111111111111111111111111111111111111111111111111111111111111111111111111111111111111100000011001111000010110000100111111001101
000000000000000000000000000000000000000000000000000000000000000000000000000000000000000000000000000000000000000000011001111000010110000100111111001101
000000000000000000000000000000000000000000000000000000000000000000000000000000000000000000000000000000000000000000011001111000010110000100111111001101
000000000000000000000000000000000000000000000000000000000000000000000000000000000000000000000000000000000000000000011001111000010110000100111111001101
000000000000000000000000000000000000000000000000000000000000000000000000000000000000000000000000000000000000000000011001111000010110000100111111001101
000000000000000000000000000000000000000000000000000000000000000000000000000000000000000000000000000000000000000000011001111000010110000100111111001101
111111111111111111111111111111111111111111111111111111111111111111111111111111111111111111111111111111111111111111101001111000010110000100111111001101
111111111111111111111111111111111111111111111111111111111111111111111111111111111111111111111111111111111111111111110001111000010110000100111111001101
000000000000000000000000000000000000000000000000000000000000000000000000000000000000000000000000000000000000000000000001111000010110000100111111001101
000000000000000000000000000000000000000000000000000000000000000000000000000000000000000000000000000000000000000000000001111000010110000100111111001101
111111111111111111111111111111111111111111111111111111111111111111111111111111111111111111111111111111111111111111111110111000010110000100111111001101
111111111111111111111111111111111111111111111111111111111111111111111111111111111111111111111111111111111111111111111111011000010110000100111111001101
111111111111111111111111111111111111111111111111111111111111111111111111111111111111111111111111111111111111111111111111101000010110000100111111001101
111111111111111111111111111111111111111111111111111111111111111111111111111111111111111111111111111111111111111111111111110000010110000100111111001101
000000000000000000000000000000000000000000000000000000000000000000000000000000000000000000000000000000000000000000000000000000010110000100111111001101
000000000000000000000000000000000000000000000000000000000000000000000000000000000000000000000000000000000000000000000000000000010110000100111111001101
000000000000000000000000000000000000000000000000000000000000000000000000000000000000000000000000000000000000000000000000000000010110000100111111001101
000000000000000000000000000000000000000000000000000000000000000000000000000000000000000000000000000000000000000000000000000000010110000100111111001101
111111111111111111111111111111111111111111111111111111111111111111111111111111111111111111111111111111111111111111111111111111100110000100111111001101
000000000000000000000000000000000000000000000000000000000000000000000000000000000000000000000000000000000000000000000000000000000110000100111111001101
111111111111111111111111111111111111111111111111111111111111111111111111111111111111111111111111111111111111111111111111111111111010000100111111001101
111111111111111111111111111111111111111111111111111111111111111111111111111111111111111111111111111111111111111111111111111111111100000100111111001101
000000000000000000000000000000000000000000000000000000000000000000000000000000000000000000000000000000000000000000000000000000000000000100111111001101
000000000000000000000000000000000000000000000000000000000000000000000000000000000000000000000000000000000000000000000000000000000000000100111111001101
000000000000000000000000000000000000000000000000000000000000000000000000000000000000000000000000000000000000000000000000000000000000000100111111001101
000000000000000000000000000000000000000000000000000000000000000000000000000000000000000000000000000000000000000000000000000000000000000100111111001101
111111111111111111111111111111111111111111111111111111111111111111111111111111111111111111111111111111111111111111111111111111111111111000111111001101
000000000000000000000000000000000000000000000000000000000000000000000000000000000000000000000000000000000000000000000000000000000000000000111111001101
000000000000000000000000000000000000000000000000000000000000000000000000000000000000000000000000000000000000000000000000000000000000000000111111001101
111111111111111111111111111111111111111111111111111111111111111111111111111111111111111111111111111111111111111111111111111111111111111111011111001101
111111111111111111111111111111111111111111111111111111111111111111111111111111111111111111111111111111111111111111111111111111111111111111101111001101
111111111111111111111111111111111111111111111111111111111111111111111111111111111111111111111111111111111111111111111111111111111111111111110111001101
111111111111111111111111111111111111111111111111111111111111111111111111111111111111111111111111111111111111111111111111111111111111111111111011001101
111111111111111111111111111111111111111111111111111111111111111111111111111111111111111111111111111111111111111111111111111111111111111111111101001101
111111111111111111111111111111111111111111111111111111111111111111111111111111111111111111111111111111111111111111111111111111111111111111111110001101
000000000000000000000000000000000000000000000000000000000000000000000000000000000000000000000000000000000000000000000000000000000000000000000000001101
000000000000000000000000000000000000000000000000000000000000000000000000000000000000000000000000000000000000000000000000000000000000000000000000001101
111111111111111111111111111111111111111111111111111111111111111111111111111111111111111111111111111111111111111111111111111111111111111111111111110101
111111111111111111111111111111111111111111111111111111111111111111111111111111111111111111111111111111111111111111111111111111111111111111111111111001
000000000000000000000000000000000000000000000000000000000000000000000000000000000000000000000000000000000000000000000000000000000000000000000000000001
111111111111111111111111111111111111111111111111111111111111111111111111111111111111111111111111111111111111111111111111111111111111111111111111111110
