01011101101111111110011111101101111111111011111101010111111101000101110011111111
10011101101111111110011111101101111111111011111101010111111101000101110011111111
00011101101111111110011111101101111111111011111101010111111101000101110011111111
11101101101111111110011111101101111111111011111101010111111101000101110011111111
11110101101111111110011111101101111111111011111101010111111101000101110011111111
11111001101111111110011111101101111111111011111101010111111101000101110011111111
00000001101111111110011111101101111111111011111101010111111101000101110011111111
11111110101111111110011111101101111111111011111101010111111101000101110011111111
11111111001111111110011111101101111111111011111101010111111101000101110011111111
00000000001111111110011111101101111111111011111101010111111101000101110011111111
11111111110111111110011111101101111111111011111101010111111101000101110011111111
11111111111011111110011111101101111111111011111101010111111101000101110011111111
11111111111101111110011111101101111111111011111101010111111101000101110011111111
11111111111110111110011111101101111111111011111101010111111101000101110011111111
11111111111111011110011111101101111111111011111101010111111101000101110011111111
11111111111111101110011111101101111111111011111101010111111101000101110011111111
11111111111111110110011111101101111111111011111101010111111101000101110011111111
11111111111111111010011111101101111111111011111101010111111101000101110011111111
11111111111111111100011111101101111111111011111101010111111101000101110011111111
00000000000000000000011111101101111111111011111101010111111101000101110011111111
00000000000000000000011111101101111111111011111101010111111101000101110011111111
11111111111111111111101111101101111111111011111101010111111101000101110011111111
11111111111111111111110111101101111111111011111101010111111101000101110011111111
11111111111111111111111011101101111111111011111101010111111101000101110011111111
11111111111111111111111101101101111111111011111101010111111101000101110011111111
11111111111111111111111110101101111111111011111101010111111101000101110011111111
11111111111111111111111111001101111111111011111101010111111101000101110011111111
00000000000000000000000000001101111111111011111101010111111101000101110011111111
11111111111111111111111111110101111111111011111101010111111101000101110011111111
11111111111111111111111111111001111111111011111101010111111101000101110011111111
00000000000000000000000000000001111111111011111101010111111101000101110011111111
11111111111111111111111111111110111111111011111101010111111101000101110011111111
11111111111111111111111111111111011111111011111101010111111101000101110011111111
11111111111111111111111111111111101111111011111101010111111101000101110011111111
11111111111111111111111111111111110111111011111101010111111101000101110011111111
11111111111111111111111111111111111011111011111101010111111101000101110011111111
11111111111111111111111111111111111101111011111101010111111101000101110011111111
11111111111111111111111111111111111110111011111101010111111101000101110011111111
11111111111111111111111111111111111111011011111101010111111101000101110011111111
11111111111111111111111111111111111111101011111101010111111101000101110011111111
11111111111111111111111111111111111111110011111101010111111101000101110011111111
00000000000000000000000000000000000000000011111101010111111101000101110011111111
11111111111111111111111111111111111111111101111101010111111101000101110011111111
11111111111111111111111111111111111111111110111101010111111101000101110011111111
11111111111111111111111111111111111111111111011101010111111101000101110011111111
11111111111111111111111111111111111111111111101101010111111101000101110011111111
11111111111111111111111111111111111111111111110101010111111101000101110011111111
11111111111111111111111111111111111111111111111001010111111101000101110011111111
00000000000000000000000000000000000000000000000001010111111101000101110011111111
11111111111111111111111111111111111111111111111110010111111101000101110011111111
00000000000000000000000000000000000000000000000000010111111101000101110011111111
11111111111111111111111111111111111111111111111111100111111101000101110011111111
00000000000000000000000000000000000000000000000000000111111101000101110011111111
11111111111111111111111111111111111111111111111111111011111101000101110011111111
11111111111111111111111111111111111111111111111111111101111101000101110011111111
11111111111111111111111111111111111111111111111111111110111101000101110011111111
11111111111111111111111111111111111111111111111111111111011101000101110011111111
11111111111111111111111111111111111111111111111111111111101101000101110011111111
11111111111111111111111111111111111111111111111111111111110101000101110011111111
11111111111111111111111111111111111111111111111111111111111001000101110011111111
00000000000000000000000000000000000000000000000000000000000001000101110011111111
11111111111111111111111111111111111111111111111111111111111110000101110011111111
00000000000000000000000000000000000000000000000000000000000000000101110011111111
00000000000000000000000000000000000000000000000000000000000000000101110011111111
00000000000000000000000000000000000000000000000000000000000000000101110011111111
11111111111111111111111111111111111111111111111111111111111111111001110011111111
00000000000000000000000000000000000000000000000000000000000000000001110011111111
11111111111111111111111111111111111111111111111111111111111111111110110011111111
11111111111111111111111111111111111111111111111111111111111111111111010011111111
11111111111111111111111111111111111111111111111111111111111111111111100011111111
00000000000000000000000000000000000000000000000000000000000000000000000011111111
00000000000000000000000000000000000000000000000000000000000000000000000011111111
11111111111111111111111111111111111111111111111111111111111111111111111101111111
11111111111111111111111111111111111111111111111111111111111111111111111110111111
11111111111111111111111111111111111111111111111111111111111111111111111111011111
11111111111111111111111111111111111111111111111111111111111111111111111111101111
11111111111111111111111111111111111111111111111111111111111111111111111111110111
11111111111111111111111111111111111111111111111111111111111111111111111111111011
11111111111111111111111111111111111111111111111111111111111111111111111111111101
11111111111111111111111111111111111111111111111111111111111111111111111111111110
