0111001001110010010101001010001011000101011101111001000101101010001100
1011001001110010010101001010001011000101011101111001000101101010001100
1101001001110010010101001010001011000101011101111001000101101010001100
1110001001110010010101001010001011000101011101111001000101101010001100
0000001001110010010101001010001011000101011101111001000101101010001100
0000001001110010010101001010001011000101011101111001000101101010001100
1111110001110010010101001010001011000101011101111001000101101010001100
0000000001110010010101001010001011000101011101111001000101101010001100
0000000001110010010101001010001011000101011101111001000101101010001100
1111111110110010010101001010001011000101011101111001000101101010001100
1111111111010010010101001010001011000101011101111001000101101010001100
1111111111100010010101001010001011000101011101111001000101101010001100
0000000000000010010101001010001011000101011101111001000101101010001100
0000000000000010010101001010001011000101011101111001000101101010001100
1111111111111100010101001010001011000101011101111001000101101010001100
0000000000000000010101001010001011000101011101111001000101101010001100
0000000000000000010101001010001011000101011101111001000101101010001100
1111111111111111100101001010001011000101011101111001000101101010001100
0000000000000000000101001010001011000101011101111001000101101010001100
1111111111111111111001001010001011000101011101111001000101101010001100
0000000000000000000001001010001011000101011101111001000101101010001100
1111111111111111111110001010001011000101011101111001000101101010001100
0000000000000000000000001010001011000101011101111001000101101010001100
0000000000000000000000001010001011000101011101111001000101101010001100
1111111111111111111111110010001011000101011101111001000101101010001100
0000000000000000000000000010001011000101011101111001000101101010001100
1111111111111111111111111100001011000101011101111001000101101010001100
0000000000000000000000000000001011000101011101111001000101101010001100
0000000000000000000000000000001011000101011101111001000101101010001100
0000000000000000000000000000001011000101011101111001000101101010001100
1111111111111111111111111111110011000101011101111001000101101010001100
0000000000000000000000000000000011000101011101111001000101101010001100
1111111111111111111111111111111101000101011101111001000101101010001100
1111111111111111111111111111111110000101011101111001000101101010001100
0000000000000000000000000000000000000101011101111001000101101010001100
0000000000000000000000000000000000000101011101111001000101101010001100
0000000000000000000000000000000000000101011101111001000101101010001100
1111111111111111111111111111111111111001011101111001000101101010001100
0000000000000000000000000000000000000001011101111001000101101010001100
1111111111111111111111111111111111111110011101111001000101101010001100
0000000000000000000000000000000000000000011101111001000101101010001100
1111111111111111111111111111111111111111101101111001000101101010001100
1111111111111111111111111111111111111111110101111001000101101010001100
1111111111111111111111111111111111111111111001111001000101101010001100
0000000000000000000000000000000000000000000001111001000101101010001100
1111111111111111111111111111111111111111111110111001000101101010001100
1111111111111111111111111111111111111111111111011001000101101010001100
1111111111111111111111111111111111111111111111101001000101101010001100
1111111111111111111111111111111111111111111111110001000101101010001100
0000000000000000000000000000000000000000000000000001000101101010001100
0000000000000000000000000000000000000000000000000001000101101010001100
1111111111111111111111111111111111111111111111111110000101101010001100
0000000000000000000000000000000000000000000000000000000101101010001100
0000000000000000000000000000000000000000000000000000000101101010001100
0000000000000000000000000000000000000000000000000000000101101010001100
1111111111111111111111111111111111111111111111111111111001101010001100
0000000000000000000000000000000000000000000000000000000001101010001100
1111111111111111111111111111111111111111111111111111111110101010001100
1111111111111111111111111111111111111111111111111111111111001010001100
0000000000000000000000000000000000000000000000000000000000001010001100
1111111111111111111111111111111111111111111111111111111111110010001100
0000000000000000000000000000000000000000000000000000000000000010001100
1111111111111111111111111111111111111111111111111111111111111100001100
0000000000000000000000000000000000000000000000000000000000000000001100
0000000000000000000000000000000000000000000000000000000000000000001100
0000000000000000000000000000000000000000000000000000000000000000001100
1111111111111111111111111111111111111111111111111111111111111111110100
1111111111111111111111111111111111111111111111111111111111111111111000
0000000000000000000000000000000000000000000000000000000000000000000000
0000000000000000000000000000000000000000000000000000000000000000000000
