010011101011110111110011100101
100011101011110111110011100101
000011101011110111110011100101
000011101011110111110011100101
111101101011110111110011100101
111110101011110111110011100101
111111001011110111110011100101
000000001011110111110011100101
111111110011110111110011100101
000000000011110111110011100101
111111111101110111110011100101
111111111110110111110011100101
111111111111010111110011100101
111111111111100111110011100101
000000000000000111110011100101
111111111111111011110011100101
111111111111111101110011100101
111111111111111110110011100101
111111111111111111010011100101
111111111111111111100011100101
000000000000000000000011100101
000000000000000000000011100101
111111111111111111111101100101
111111111111111111111110100101
111111111111111111111111000101
000000000000000000000000000101
000000000000000000000000000101
111111111111111111111111111001
000000000000000000000000000001
111111111111111111111111111110
