0011100001000000010010000000001101010000
0011100001000000010010000000001101010000
1101100001000000010010000000001101010000
1110100001000000010010000000001101010000
1111000001000000010010000000001101010000
0000000001000000010010000000001101010000
0000000001000000010010000000001101010000
0000000001000000010010000000001101010000
0000000001000000010010000000001101010000
1111111110000000010010000000001101010000
0000000000000000010010000000001101010000
0000000000000000010010000000001101010000
0000000000000000010010000000001101010000
0000000000000000010010000000001101010000
0000000000000000010010000000001101010000
0000000000000000010010000000001101010000
0000000000000000010010000000001101010000
1111111111111111100010000000001101010000
0000000000000000000010000000001101010000
0000000000000000000010000000001101010000
1111111111111111111100000000001101010000
0000000000000000000000000000001101010000
0000000000000000000000000000001101010000
0000000000000000000000000000001101010000
0000000000000000000000000000001101010000
0000000000000000000000000000001101010000
0000000000000000000000000000001101010000
0000000000000000000000000000001101010000
0000000000000000000000000000001101010000
0000000000000000000000000000001101010000
1111111111111111111111111111110101010000
1111111111111111111111111111111001010000
0000000000000000000000000000000001010000
1111111111111111111111111111111110010000
0000000000000000000000000000000000010000
1111111111111111111111111111111111100000
0000000000000000000000000000000000000000
0000000000000000000000000000000000000000
0000000000000000000000000000000000000000
0000000000000000000000000000000000000000
