001000000111000010010000010001110010011110000001010011010001
001000000111000010010000010001110010011110000001010011010001
110000000111000010010000010001110010011110000001010011010001
000000000111000010010000010001110010011110000001010011010001
000000000111000010010000010001110010011110000001010011010001
000000000111000010010000010001110010011110000001010011010001
000000000111000010010000010001110010011110000001010011010001
000000000111000010010000010001110010011110000001010011010001
000000000111000010010000010001110010011110000001010011010001
111111111011000010010000010001110010011110000001010011010001
111111111101000010010000010001110010011110000001010011010001
111111111110000010010000010001110010011110000001010011010001
000000000000000010010000010001110010011110000001010011010001
000000000000000010010000010001110010011110000001010011010001
000000000000000010010000010001110010011110000001010011010001
000000000000000010010000010001110010011110000001010011010001
111111111111111100010000010001110010011110000001010011010001
000000000000000000010000010001110010011110000001010011010001
000000000000000000010000010001110010011110000001010011010001
111111111111111111100000010001110010011110000001010011010001
000000000000000000000000010001110010011110000001010011010001
000000000000000000000000010001110010011110000001010011010001
000000000000000000000000010001110010011110000001010011010001
000000000000000000000000010001110010011110000001010011010001
000000000000000000000000010001110010011110000001010011010001
111111111111111111111111100001110010011110000001010011010001
000000000000000000000000000001110010011110000001010011010001
000000000000000000000000000001110010011110000001010011010001
000000000000000000000000000001110010011110000001010011010001
111111111111111111111111111110110010011110000001010011010001
111111111111111111111111111111010010011110000001010011010001
111111111111111111111111111111100010011110000001010011010001
000000000000000000000000000000000010011110000001010011010001
000000000000000000000000000000000010011110000001010011010001
111111111111111111111111111111111100011110000001010011010001
000000000000000000000000000000000000011110000001010011010001
000000000000000000000000000000000000011110000001010011010001
111111111111111111111111111111111111101110000001010011010001
111111111111111111111111111111111111110110000001010011010001
111111111111111111111111111111111111111010000001010011010001
111111111111111111111111111111111111111100000001010011010001
000000000000000000000000000000000000000000000001010011010001
000000000000000000000000000000000000000000000001010011010001
000000000000000000000000000000000000000000000001010011010001
000000000000000000000000000000000000000000000001010011010001
000000000000000000000000000000000000000000000001010011010001
000000000000000000000000000000000000000000000001010011010001
111111111111111111111111111111111111111111111110010011010001
000000000000000000000000000000000000000000000000010011010001
111111111111111111111111111111111111111111111111100011010001
000000000000000000000000000000000000000000000000000011010001
000000000000000000000000000000000000000000000000000011010001
111111111111111111111111111111111111111111111111111101010001
111111111111111111111111111111111111111111111111111110010001
000000000000000000000000000000000000000000000000000000010001
111111111111111111111111111111111111111111111111111111100001
000000000000000000000000000000000000000000000000000000000001
000000000000000000000000000000000000000000000000000000000001
000000000000000000000000000000000000000000000000000000000001
111111111111111111111111111111111111111111111111111111111110
