001000010000000001010000000000000001110000001010100110000000100000001000000000101010010000
001000010000000001010000000000000001110000001010100110000000100000001000000000101010010000
110000010000000001010000000000000001110000001010100110000000100000001000000000101010010000
000000010000000001010000000000000001110000001010100110000000100000001000000000101010010000
000000010000000001010000000000000001110000001010100110000000100000001000000000101010010000
000000010000000001010000000000000001110000001010100110000000100000001000000000101010010000
000000010000000001010000000000000001110000001010100110000000100000001000000000101010010000
111111100000000001010000000000000001110000001010100110000000100000001000000000101010010000
000000000000000001010000000000000001110000001010100110000000100000001000000000101010010000
000000000000000001010000000000000001110000001010100110000000100000001000000000101010010000
000000000000000001010000000000000001110000001010100110000000100000001000000000101010010000
000000000000000001010000000000000001110000001010100110000000100000001000000000101010010000
000000000000000001010000000000000001110000001010100110000000100000001000000000101010010000
000000000000000001010000000000000001110000001010100110000000100000001000000000101010010000
000000000000000001010000000000000001110000001010100110000000100000001000000000101010010000
000000000000000001010000000000000001110000001010100110000000100000001000000000101010010000
000000000000000001010000000000000001110000001010100110000000100000001000000000101010010000
111111111111111110010000000000000001110000001010100110000000100000001000000000101010010000
000000000000000000010000000000000001110000001010100110000000100000001000000000101010010000
111111111111111111100000000000000001110000001010100110000000100000001000000000101010010000
000000000000000000000000000000000001110000001010100110000000100000001000000000101010010000
000000000000000000000000000000000001110000001010100110000000100000001000000000101010010000
000000000000000000000000000000000001110000001010100110000000100000001000000000101010010000
000000000000000000000000000000000001110000001010100110000000100000001000000000101010010000
000000000000000000000000000000000001110000001010100110000000100000001000000000101010010000
000000000000000000000000000000000001110000001010100110000000100000001000000000101010010000
000000000000000000000000000000000001110000001010100110000000100000001000000000101010010000
000000000000000000000000000000000001110000001010100110000000100000001000000000101010010000
000000000000000000000000000000000001110000001010100110000000100000001000000000101010010000
000000000000000000000000000000000001110000001010100110000000100000001000000000101010010000
000000000000000000000000000000000001110000001010100110000000100000001000000000101010010000
000000000000000000000000000000000001110000001010100110000000100000001000000000101010010000
000000000000000000000000000000000001110000001010100110000000100000001000000000101010010000
000000000000000000000000000000000001110000001010100110000000100000001000000000101010010000
000000000000000000000000000000000001110000001010100110000000100000001000000000101010010000
111111111111111111111111111111111110110000001010100110000000100000001000000000101010010000
111111111111111111111111111111111111010000001010100110000000100000001000000000101010010000
111111111111111111111111111111111111100000001010100110000000100000001000000000101010010000
000000000000000000000000000000000000000000001010100110000000100000001000000000101010010000
000000000000000000000000000000000000000000001010100110000000100000001000000000101010010000
000000000000000000000000000000000000000000001010100110000000100000001000000000101010010000
000000000000000000000000000000000000000000001010100110000000100000001000000000101010010000
000000000000000000000000000000000000000000001010100110000000100000001000000000101010010000
000000000000000000000000000000000000000000001010100110000000100000001000000000101010010000
111111111111111111111111111111111111111111110010100110000000100000001000000000101010010000
000000000000000000000000000000000000000000000010100110000000100000001000000000101010010000
111111111111111111111111111111111111111111111100100110000000100000001000000000101010010000
000000000000000000000000000000000000000000000000100110000000100000001000000000101010010000
111111111111111111111111111111111111111111111111000110000000100000001000000000101010010000
000000000000000000000000000000000000000000000000000110000000100000001000000000101010010000
000000000000000000000000000000000000000000000000000110000000100000001000000000101010010000
111111111111111111111111111111111111111111111111111010000000100000001000000000101010010000
111111111111111111111111111111111111111111111111111100000000100000001000000000101010010000
000000000000000000000000000000000000000000000000000000000000100000001000000000101010010000
000000000000000000000000000000000000000000000000000000000000100000001000000000101010010000
000000000000000000000000000000000000000000000000000000000000100000001000000000101010010000
000000000000000000000000000000000000000000000000000000000000100000001000000000101010010000
000000000000000000000000000000000000000000000000000000000000100000001000000000101010010000
000000000000000000000000000000000000000000000000000000000000100000001000000000101010010000
000000000000000000000000000000000000000000000000000000000000100000001000000000101010010000
111111111111111111111111111111111111111111111111111111111111000000001000000000101010010000
000000000000000000000000000000000000000000000000000000000000000000001000000000101010010000
000000000000000000000000000000000000000000000000000000000000000000001000000000101010010000
000000000000000000000000000000000000000000000000000000000000000000001000000000101010010000
000000000000000000000000000000000000000000000000000000000000000000001000000000101010010000
000000000000000000000000000000000000000000000000000000000000000000001000000000101010010000
000000000000000000000000000000000000000000000000000000000000000000001000000000101010010000
000000000000000000000000000000000000000000000000000000000000000000001000000000101010010000
111111111111111111111111111111111111111111111111111111111111111111110000000000101010010000
000000000000000000000000000000000000000000000000000000000000000000000000000000101010010000
000000000000000000000000000000000000000000000000000000000000000000000000000000101010010000
000000000000000000000000000000000000000000000000000000000000000000000000000000101010010000
000000000000000000000000000000000000000000000000000000000000000000000000000000101010010000
000000000000000000000000000000000000000000000000000000000000000000000000000000101010010000
000000000000000000000000000000000000000000000000000000000000000000000000000000101010010000
000000000000000000000000000000000000000000000000000000000000000000000000000000101010010000
000000000000000000000000000000000000000000000000000000000000000000000000000000101010010000
000000000000000000000000000000000000000000000000000000000000000000000000000000101010010000
111111111111111111111111111111111111111111111111111111111111111111111111111111001010010000
000000000000000000000000000000000000000000000000000000000000000000000000000000001010010000
111111111111111111111111111111111111111111111111111111111111111111111111111111110010010000
000000000000000000000000000000000000000000000000000000000000000000000000000000000010010000
111111111111111111111111111111111111111111111111111111111111111111111111111111111100010000
000000000000000000000000000000000000000000000000000000000000000000000000000000000000010000
000000000000000000000000000000000000000000000000000000000000000000000000000000000000010000
111111111111111111111111111111111111111111111111111111111111111111111111111111111111100000
000000000000000000000000000000000000000000000000000000000000000000000000000000000000000000
000000000000000000000000000000000000000000000000000000000000000000000000000000000000000000
000000000000000000000000000000000000000000000000000000000000000000000000000000000000000000
000000000000000000000000000000000000000000000000000000000000000000000000000000000000000000
