00000000110100000010101110000000000010110000010110100110011000001000000000100000
00000000110100000010101110000000000010110000010110100110011000001000000000100000
00000000110100000010101110000000000010110000010110100110011000001000000000100000
00000000110100000010101110000000000010110000010110100110011000001000000000100000
00000000110100000010101110000000000010110000010110100110011000001000000000100000
00000000110100000010101110000000000010110000010110100110011000001000000000100000
00000000110100000010101110000000000010110000010110100110011000001000000000100000
00000000110100000010101110000000000010110000010110100110011000001000000000100000
11111111010100000010101110000000000010110000010110100110011000001000000000100000
11111111100100000010101110000000000010110000010110100110011000001000000000100000
00000000000100000010101110000000000010110000010110100110011000001000000000100000
11111111111000000010101110000000000010110000010110100110011000001000000000100000
00000000000000000010101110000000000010110000010110100110011000001000000000100000
00000000000000000010101110000000000010110000010110100110011000001000000000100000
00000000000000000010101110000000000010110000010110100110011000001000000000100000
00000000000000000010101110000000000010110000010110100110011000001000000000100000
00000000000000000010101110000000000010110000010110100110011000001000000000100000
00000000000000000010101110000000000010110000010110100110011000001000000000100000
11111111111111111100101110000000000010110000010110100110011000001000000000100000
00000000000000000000101110000000000010110000010110100110011000001000000000100000
11111111111111111111001110000000000010110000010110100110011000001000000000100000
00000000000000000000001110000000000010110000010110100110011000001000000000100000
11111111111111111111110110000000000010110000010110100110011000001000000000100000
11111111111111111111111010000000000010110000010110100110011000001000000000100000
11111111111111111111111100000000000010110000010110100110011000001000000000100000
00000000000000000000000000000000000010110000010110100110011000001000000000100000
00000000000000000000000000000000000010110000010110100110011000001000000000100000
00000000000000000000000000000000000010110000010110100110011000001000000000100000
00000000000000000000000000000000000010110000010110100110011000001000000000100000
00000000000000000000000000000000000010110000010110100110011000001000000000100000
00000000000000000000000000000000000010110000010110100110011000001000000000100000
00000000000000000000000000000000000010110000010110100110011000001000000000100000
00000000000000000000000000000000000010110000010110100110011000001000000000100000
00000000000000000000000000000000000010110000010110100110011000001000000000100000
00000000000000000000000000000000000010110000010110100110011000001000000000100000
00000000000000000000000000000000000010110000010110100110011000001000000000100000
11111111111111111111111111111111111100110000010110100110011000001000000000100000
00000000000000000000000000000000000000110000010110100110011000001000000000100000
11111111111111111111111111111111111111010000010110100110011000001000000000100000
11111111111111111111111111111111111111100000010110100110011000001000000000100000
00000000000000000000000000000000000000000000010110100110011000001000000000100000
00000000000000000000000000000000000000000000010110100110011000001000000000100000
00000000000000000000000000000000000000000000010110100110011000001000000000100000
00000000000000000000000000000000000000000000010110100110011000001000000000100000
00000000000000000000000000000000000000000000010110100110011000001000000000100000
11111111111111111111111111111111111111111111100110100110011000001000000000100000
00000000000000000000000000000000000000000000000110100110011000001000000000100000
11111111111111111111111111111111111111111111111010100110011000001000000000100000
11111111111111111111111111111111111111111111111100100110011000001000000000100000
00000000000000000000000000000000000000000000000000100110011000001000000000100000
11111111111111111111111111111111111111111111111111000110011000001000000000100000
00000000000000000000000000000000000000000000000000000110011000001000000000100000
00000000000000000000000000000000000000000000000000000110011000001000000000100000
11111111111111111111111111111111111111111111111111111010011000001000000000100000
11111111111111111111111111111111111111111111111111111100011000001000000000100000
00000000000000000000000000000000000000000000000000000000011000001000000000100000
00000000000000000000000000000000000000000000000000000000011000001000000000100000
11111111111111111111111111111111111111111111111111111111101000001000000000100000
11111111111111111111111111111111111111111111111111111111110000001000000000100000
00000000000000000000000000000000000000000000000000000000000000001000000000100000
00000000000000000000000000000000000000000000000000000000000000001000000000100000
00000000000000000000000000000000000000000000000000000000000000001000000000100000
00000000000000000000000000000000000000000000000000000000000000001000000000100000
00000000000000000000000000000000000000000000000000000000000000001000000000100000
11111111111111111111111111111111111111111111111111111111111111110000000000100000
00000000000000000000000000000000000000000000000000000000000000000000000000100000
00000000000000000000000000000000000000000000000000000000000000000000000000100000
00000000000000000000000000000000000000000000000000000000000000000000000000100000
00000000000000000000000000000000000000000000000000000000000000000000000000100000
00000000000000000000000000000000000000000000000000000000000000000000000000100000
00000000000000000000000000000000000000000000000000000000000000000000000000100000
00000000000000000000000000000000000000000000000000000000000000000000000000100000
00000000000000000000000000000000000000000000000000000000000000000000000000100000
00000000000000000000000000000000000000000000000000000000000000000000000000100000
11111111111111111111111111111111111111111111111111111111111111111111111111000000
00000000000000000000000000000000000000000000000000000000000000000000000000000000
00000000000000000000000000000000000000000000000000000000000000000000000000000000
00000000000000000000000000000000000000000000000000000000000000000000000000000000
00000000000000000000000000000000000000000000000000000000000000000000000000000000
00000000000000000000000000000000000000000000000000000000000000000000000000000000
