011010000000010000001001000000000001001000000010000110010010000001000001001000001001011000
101010000000010000001001000000000001001000000010000110010010000001000001001000001001011000
110010000000010000001001000000000001001000000010000110010010000001000001001000001001011000
000010000000010000001001000000000001001000000010000110010010000001000001001000001001011000
111100000000010000001001000000000001001000000010000110010010000001000001001000001001011000
000000000000010000001001000000000001001000000010000110010010000001000001001000001001011000
000000000000010000001001000000000001001000000010000110010010000001000001001000001001011000
000000000000010000001001000000000001001000000010000110010010000001000001001000001001011000
000000000000010000001001000000000001001000000010000110010010000001000001001000001001011000
000000000000010000001001000000000001001000000010000110010010000001000001001000001001011000
000000000000010000001001000000000001001000000010000110010010000001000001001000001001011000
000000000000010000001001000000000001001000000010000110010010000001000001001000001001011000
000000000000010000001001000000000001001000000010000110010010000001000001001000001001011000
111111111111100000001001000000000001001000000010000110010010000001000001001000001001011000
000000000000000000001001000000000001001000000010000110010010000001000001001000001001011000
000000000000000000001001000000000001001000000010000110010010000001000001001000001001011000
000000000000000000001001000000000001001000000010000110010010000001000001001000001001011000
000000000000000000001001000000000001001000000010000110010010000001000001001000001001011000
000000000000000000001001000000000001001000000010000110010010000001000001001000001001011000
000000000000000000001001000000000001001000000010000110010010000001000001001000001001011000
111111111111111111110001000000000001001000000010000110010010000001000001001000001001011000
000000000000000000000001000000000001001000000010000110010010000001000001001000001001011000
000000000000000000000001000000000001001000000010000110010010000001000001001000001001011000
111111111111111111111110000000000001001000000010000110010010000001000001001000001001011000
000000000000000000000000000000000001001000000010000110010010000001000001001000001001011000
000000000000000000000000000000000001001000000010000110010010000001000001001000001001011000
000000000000000000000000000000000001001000000010000110010010000001000001001000001001011000
000000000000000000000000000000000001001000000010000110010010000001000001001000001001011000
000000000000000000000000000000000001001000000010000110010010000001000001001000001001011000
000000000000000000000000000000000001001000000010000110010010000001000001001000001001011000
000000000000000000000000000000000001001000000010000110010010000001000001001000001001011000
000000000000000000000000000000000001001000000010000110010010000001000001001000001001011000
000000000000000000000000000000000001001000000010000110010010000001000001001000001001011000
000000000000000000000000000000000001001000000010000110010010000001000001001000001001011000
000000000000000000000000000000000001001000000010000110010010000001000001001000001001011000
111111111111111111111111111111111110001000000010000110010010000001000001001000001001011000
000000000000000000000000000000000000001000000010000110010010000001000001001000001001011000
000000000000000000000000000000000000001000000010000110010010000001000001001000001001011000
111111111111111111111111111111111111110000000010000110010010000001000001001000001001011000
000000000000000000000000000000000000000000000010000110010010000001000001001000001001011000
000000000000000000000000000000000000000000000010000110010010000001000001001000001001011000
000000000000000000000000000000000000000000000010000110010010000001000001001000001001011000
000000000000000000000000000000000000000000000010000110010010000001000001001000001001011000
000000000000000000000000000000000000000000000010000110010010000001000001001000001001011000
000000000000000000000000000000000000000000000010000110010010000001000001001000001001011000
000000000000000000000000000000000000000000000010000110010010000001000001001000001001011000
111111111111111111111111111111111111111111111100000110010010000001000001001000001001011000
000000000000000000000000000000000000000000000000000110010010000001000001001000001001011000
000000000000000000000000000000000000000000000000000110010010000001000001001000001001011000
000000000000000000000000000000000000000000000000000110010010000001000001001000001001011000
000000000000000000000000000000000000000000000000000110010010000001000001001000001001011000
111111111111111111111111111111111111111111111111111010010010000001000001001000001001011000
111111111111111111111111111111111111111111111111111100010010000001000001001000001001011000
000000000000000000000000000000000000000000000000000000010010000001000001001000001001011000
000000000000000000000000000000000000000000000000000000010010000001000001001000001001011000
111111111111111111111111111111111111111111111111111111100010000001000001001000001001011000
000000000000000000000000000000000000000000000000000000000010000001000001001000001001011000
000000000000000000000000000000000000000000000000000000000010000001000001001000001001011000
111111111111111111111111111111111111111111111111111111111100000001000001001000001001011000
000000000000000000000000000000000000000000000000000000000000000001000001001000001001011000
000000000000000000000000000000000000000000000000000000000000000001000001001000001001011000
000000000000000000000000000000000000000000000000000000000000000001000001001000001001011000
000000000000000000000000000000000000000000000000000000000000000001000001001000001001011000
000000000000000000000000000000000000000000000000000000000000000001000001001000001001011000
000000000000000000000000000000000000000000000000000000000000000001000001001000001001011000
111111111111111111111111111111111111111111111111111111111111111110000001001000001001011000
000000000000000000000000000000000000000000000000000000000000000000000001001000001001011000
000000000000000000000000000000000000000000000000000000000000000000000001001000001001011000
000000000000000000000000000000000000000000000000000000000000000000000001001000001001011000
000000000000000000000000000000000000000000000000000000000000000000000001001000001001011000
000000000000000000000000000000000000000000000000000000000000000000000001001000001001011000
111111111111111111111111111111111111111111111111111111111111111111111110001000001001011000
000000000000000000000000000000000000000000000000000000000000000000000000001000001001011000
000000000000000000000000000000000000000000000000000000000000000000000000001000001001011000
111111111111111111111111111111111111111111111111111111111111111111111111110000001001011000
000000000000000000000000000000000000000000000000000000000000000000000000000000001001011000
000000000000000000000000000000000000000000000000000000000000000000000000000000001001011000
000000000000000000000000000000000000000000000000000000000000000000000000000000001001011000
000000000000000000000000000000000000000000000000000000000000000000000000000000001001011000
000000000000000000000000000000000000000000000000000000000000000000000000000000001001011000
111111111111111111111111111111111111111111111111111111111111111111111111111111110001011000
000000000000000000000000000000000000000000000000000000000000000000000000000000000001011000
000000000000000000000000000000000000000000000000000000000000000000000000000000000001011000
111111111111111111111111111111111111111111111111111111111111111111111111111111111110011000
000000000000000000000000000000000000000000000000000000000000000000000000000000000000011000
111111111111111111111111111111111111111111111111111111111111111111111111111111111111101000
111111111111111111111111111111111111111111111111111111111111111111111111111111111111110000
000000000000000000000000000000000000000000000000000000000000000000000000000000000000000000
000000000000000000000000000000000000000000000000000000000000000000000000000000000000000000
000000000000000000000000000000000000000000000000000000000000000000000000000000000000000000
