0111011011101001110001111111001111101101110111110110111101010111001111
1011011011101001110001111111001111101101110111110110111101010111001111
1101011011101001110001111111001111101101110111110110111101010111001111
1110011011101001110001111111001111101101110111110110111101010111001111
0000011011101001110001111111001111101101110111110110111101010111001111
1111101011101001110001111111001111101101110111110110111101010111001111
1111110011101001110001111111001111101101110111110110111101010111001111
0000000011101001110001111111001111101101110111110110111101010111001111
1111111101101001110001111111001111101101110111110110111101010111001111
1111111110101001110001111111001111101101110111110110111101010111001111
1111111111001001110001111111001111101101110111110110111101010111001111
0000000000001001110001111111001111101101110111110110111101010111001111
1111111111110001110001111111001111101101110111110110111101010111001111
0000000000000001110001111111001111101101110111110110111101010111001111
0000000000000001110001111111001111101101110111110110111101010111001111
1111111111111110110001111111001111101101110111110110111101010111001111
1111111111111111010001111111001111101101110111110110111101010111001111
1111111111111111100001111111001111101101110111110110111101010111001111
0000000000000000000001111111001111101101110111110110111101010111001111
0000000000000000000001111111001111101101110111110110111101010111001111
0000000000000000000001111111001111101101110111110110111101010111001111
1111111111111111111110111111001111101101110111110110111101010111001111
1111111111111111111111011111001111101101110111110110111101010111001111
1111111111111111111111101111001111101101110111110110111101010111001111
1111111111111111111111110111001111101101110111110110111101010111001111
1111111111111111111111111011001111101101110111110110111101010111001111
1111111111111111111111111101001111101101110111110110111101010111001111
1111111111111111111111111110001111101101110111110110111101010111001111
0000000000000000000000000000001111101101110111110110111101010111001111
0000000000000000000000000000001111101101110111110110111101010111001111
1111111111111111111111111111110111101101110111110110111101010111001111
1111111111111111111111111111111011101101110111110110111101010111001111
1111111111111111111111111111111101101101110111110110111101010111001111
1111111111111111111111111111111110101101110111110110111101010111001111
1111111111111111111111111111111111001101110111110110111101010111001111
0000000000000000000000000000000000001101110111110110111101010111001111
1111111111111111111111111111111111110101110111110110111101010111001111
1111111111111111111111111111111111111001110111110110111101010111001111
0000000000000000000000000000000000000001110111110110111101010111001111
1111111111111111111111111111111111111110110111110110111101010111001111
1111111111111111111111111111111111111111010111110110111101010111001111
1111111111111111111111111111111111111111100111110110111101010111001111
0000000000000000000000000000000000000000000111110110111101010111001111
1111111111111111111111111111111111111111111011110110111101010111001111
1111111111111111111111111111111111111111111101110110111101010111001111
1111111111111111111111111111111111111111111110110110111101010111001111
1111111111111111111111111111111111111111111111010110111101010111001111
1111111111111111111111111111111111111111111111100110111101010111001111
0000000000000000000000000000000000000000000000000110111101010111001111
1111111111111111111111111111111111111111111111111010111101010111001111
1111111111111111111111111111111111111111111111111100111101010111001111
0000000000000000000000000000000000000000000000000000111101010111001111
1111111111111111111111111111111111111111111111111111011101010111001111
1111111111111111111111111111111111111111111111111111101101010111001111
1111111111111111111111111111111111111111111111111111110101010111001111
1111111111111111111111111111111111111111111111111111111001010111001111
0000000000000000000000000000000000000000000000000000000001010111001111
1111111111111111111111111111111111111111111111111111111110010111001111
0000000000000000000000000000000000000000000000000000000000010111001111
1111111111111111111111111111111111111111111111111111111111100111001111
0000000000000000000000000000000000000000000000000000000000000111001111
1111111111111111111111111111111111111111111111111111111111111011001111
1111111111111111111111111111111111111111111111111111111111111101001111
1111111111111111111111111111111111111111111111111111111111111110001111
0000000000000000000000000000000000000000000000000000000000000000001111
0000000000000000000000000000000000000000000000000000000000000000001111
1111111111111111111111111111111111111111111111111111111111111111110111
1111111111111111111111111111111111111111111111111111111111111111111011
1111111111111111111111111111111111111111111111111111111111111111111101
1111111111111111111111111111111111111111111111111111111111111111111110
