010110010000100001001100101111101111010011111110010011111110
100110010000100001001100101111101111010011111110010011111110
000110010000100001001100101111101111010011111110010011111110
111010010000100001001100101111101111010011111110010011111110
111100010000100001001100101111101111010011111110010011111110
000000010000100001001100101111101111010011111110010011111110
000000010000100001001100101111101111010011111110010011111110
111111100000100001001100101111101111010011111110010011111110
000000000000100001001100101111101111010011111110010011111110
000000000000100001001100101111101111010011111110010011111110
000000000000100001001100101111101111010011111110010011111110
000000000000100001001100101111101111010011111110010011111110
111111111111000001001100101111101111010011111110010011111110
000000000000000001001100101111101111010011111110010011111110
000000000000000001001100101111101111010011111110010011111110
000000000000000001001100101111101111010011111110010011111110
000000000000000001001100101111101111010011111110010011111110
111111111111111110001100101111101111010011111110010011111110
000000000000000000001100101111101111010011111110010011111110
000000000000000000001100101111101111010011111110010011111110
111111111111111111110100101111101111010011111110010011111110
111111111111111111111000101111101111010011111110010011111110
000000000000000000000000101111101111010011111110010011111110
000000000000000000000000101111101111010011111110010011111110
111111111111111111111111001111101111010011111110010011111110
000000000000000000000000001111101111010011111110010011111110
111111111111111111111111110111101111010011111110010011111110
111111111111111111111111111011101111010011111110010011111110
111111111111111111111111111101101111010011111110010011111110
111111111111111111111111111110101111010011111110010011111110
111111111111111111111111111111001111010011111110010011111110
000000000000000000000000000000001111010011111110010011111110
111111111111111111111111111111110111010011111110010011111110
111111111111111111111111111111111011010011111110010011111110
111111111111111111111111111111111101010011111110010011111110
111111111111111111111111111111111110010011111110010011111110
000000000000000000000000000000000000010011111110010011111110
111111111111111111111111111111111111100011111110010011111110
000000000000000000000000000000000000000011111110010011111110
000000000000000000000000000000000000000011111110010011111110
111111111111111111111111111111111111111101111110010011111110
111111111111111111111111111111111111111110111110010011111110
111111111111111111111111111111111111111111011110010011111110
111111111111111111111111111111111111111111101110010011111110
111111111111111111111111111111111111111111110110010011111110
111111111111111111111111111111111111111111111010010011111110
111111111111111111111111111111111111111111111100010011111110
000000000000000000000000000000000000000000000000010011111110
000000000000000000000000000000000000000000000000010011111110
111111111111111111111111111111111111111111111111100011111110
000000000000000000000000000000000000000000000000000011111110
000000000000000000000000000000000000000000000000000011111110
111111111111111111111111111111111111111111111111111101111110
111111111111111111111111111111111111111111111111111110111110
111111111111111111111111111111111111111111111111111111011110
111111111111111111111111111111111111111111111111111111101110
111111111111111111111111111111111111111111111111111111110110
111111111111111111111111111111111111111111111111111111111010
111111111111111111111111111111111111111111111111111111111100
000000000000000000000000000000000000000000000000000000000000
