0001101000001000100100000110001000001100011000111100110100001000110001
0001101000001000100100000110001000001100011000111100110100001000110001
0001101000001000100100000110001000001100011000111100110100001000110001
1110101000001000100100000110001000001100011000111100110100001000110001
1111001000001000100100000110001000001100011000111100110100001000110001
0000001000001000100100000110001000001100011000111100110100001000110001
1111110000001000100100000110001000001100011000111100110100001000110001
0000000000001000100100000110001000001100011000111100110100001000110001
0000000000001000100100000110001000001100011000111100110100001000110001
0000000000001000100100000110001000001100011000111100110100001000110001
0000000000001000100100000110001000001100011000111100110100001000110001
0000000000001000100100000110001000001100011000111100110100001000110001
1111111111110000100100000110001000001100011000111100110100001000110001
0000000000000000100100000110001000001100011000111100110100001000110001
0000000000000000100100000110001000001100011000111100110100001000110001
0000000000000000100100000110001000001100011000111100110100001000110001
1111111111111111000100000110001000001100011000111100110100001000110001
0000000000000000000100000110001000001100011000111100110100001000110001
0000000000000000000100000110001000001100011000111100110100001000110001
1111111111111111111000000110001000001100011000111100110100001000110001
0000000000000000000000000110001000001100011000111100110100001000110001
0000000000000000000000000110001000001100011000111100110100001000110001
0000000000000000000000000110001000001100011000111100110100001000110001
0000000000000000000000000110001000001100011000111100110100001000110001
0000000000000000000000000110001000001100011000111100110100001000110001
1111111111111111111111111010001000001100011000111100110100001000110001
1111111111111111111111111100001000001100011000111100110100001000110001
0000000000000000000000000000001000001100011000111100110100001000110001
0000000000000000000000000000001000001100011000111100110100001000110001
0000000000000000000000000000001000001100011000111100110100001000110001
1111111111111111111111111111110000001100011000111100110100001000110001
0000000000000000000000000000000000001100011000111100110100001000110001
0000000000000000000000000000000000001100011000111100110100001000110001
0000000000000000000000000000000000001100011000111100110100001000110001
0000000000000000000000000000000000001100011000111100110100001000110001
0000000000000000000000000000000000001100011000111100110100001000110001
1111111111111111111111111111111111110100011000111100110100001000110001
1111111111111111111111111111111111111000011000111100110100001000110001
0000000000000000000000000000000000000000011000111100110100001000110001
0000000000000000000000000000000000000000011000111100110100001000110001
0000000000000000000000000000000000000000011000111100110100001000110001
1111111111111111111111111111111111111111101000111100110100001000110001
1111111111111111111111111111111111111111110000111100110100001000110001
0000000000000000000000000000000000000000000000111100110100001000110001
0000000000000000000000000000000000000000000000111100110100001000110001
0000000000000000000000000000000000000000000000111100110100001000110001
1111111111111111111111111111111111111111111111011100110100001000110001
1111111111111111111111111111111111111111111111101100110100001000110001
1111111111111111111111111111111111111111111111110100110100001000110001
1111111111111111111111111111111111111111111111111000110100001000110001
0000000000000000000000000000000000000000000000000000110100001000110001
0000000000000000000000000000000000000000000000000000110100001000110001
1111111111111111111111111111111111111111111111111111010100001000110001
1111111111111111111111111111111111111111111111111111100100001000110001
0000000000000000000000000000000000000000000000000000000100001000110001
1111111111111111111111111111111111111111111111111111111000001000110001
0000000000000000000000000000000000000000000000000000000000001000110001
0000000000000000000000000000000000000000000000000000000000001000110001
0000000000000000000000000000000000000000000000000000000000001000110001
0000000000000000000000000000000000000000000000000000000000001000110001
1111111111111111111111111111111111111111111111111111111111110000110001
0000000000000000000000000000000000000000000000000000000000000000110001
0000000000000000000000000000000000000000000000000000000000000000110001
0000000000000000000000000000000000000000000000000000000000000000110001
1111111111111111111111111111111111111111111111111111111111111111010001
1111111111111111111111111111111111111111111111111111111111111111100001
0000000000000000000000000000000000000000000000000000000000000000000001
0000000000000000000000000000000000000000000000000000000000000000000001
0000000000000000000000000000000000000000000000000000000000000000000001
1111111111111111111111111111111111111111111111111111111111111111111110
