01010110101000101010000101000110110111010011100110101000000101111010011010111010
10010110101000101010000101000110110111010011100110101000000101111010011010111010
00010110101000101010000101000110110111010011100110101000000101111010011010111010
11100110101000101010000101000110110111010011100110101000000101111010011010111010
00000110101000101010000101000110110111010011100110101000000101111010011010111010
11111010101000101010000101000110110111010011100110101000000101111010011010111010
11111100101000101010000101000110110111010011100110101000000101111010011010111010
00000000101000101010000101000110110111010011100110101000000101111010011010111010
11111111001000101010000101000110110111010011100110101000000101111010011010111010
00000000001000101010000101000110110111010011100110101000000101111010011010111010
11111111110000101010000101000110110111010011100110101000000101111010011010111010
00000000000000101010000101000110110111010011100110101000000101111010011010111010
00000000000000101010000101000110110111010011100110101000000101111010011010111010
00000000000000101010000101000110110111010011100110101000000101111010011010111010
11111111111111001010000101000110110111010011100110101000000101111010011010111010
00000000000000001010000101000110110111010011100110101000000101111010011010111010
11111111111111110010000101000110110111010011100110101000000101111010011010111010
00000000000000000010000101000110110111010011100110101000000101111010011010111010
11111111111111111100000101000110110111010011100110101000000101111010011010111010
00000000000000000000000101000110110111010011100110101000000101111010011010111010
00000000000000000000000101000110110111010011100110101000000101111010011010111010
00000000000000000000000101000110110111010011100110101000000101111010011010111010
00000000000000000000000101000110110111010011100110101000000101111010011010111010
11111111111111111111111001000110110111010011100110101000000101111010011010111010
00000000000000000000000001000110110111010011100110101000000101111010011010111010
11111111111111111111111110000110110111010011100110101000000101111010011010111010
00000000000000000000000000000110110111010011100110101000000101111010011010111010
00000000000000000000000000000110110111010011100110101000000101111010011010111010
00000000000000000000000000000110110111010011100110101000000101111010011010111010
11111111111111111111111111111010110111010011100110101000000101111010011010111010
11111111111111111111111111111100110111010011100110101000000101111010011010111010
00000000000000000000000000000000110111010011100110101000000101111010011010111010
11111111111111111111111111111111010111010011100110101000000101111010011010111010
11111111111111111111111111111111100111010011100110101000000101111010011010111010
00000000000000000000000000000000000111010011100110101000000101111010011010111010
11111111111111111111111111111111111011010011100110101000000101111010011010111010
11111111111111111111111111111111111101010011100110101000000101111010011010111010
11111111111111111111111111111111111110010011100110101000000101111010011010111010
00000000000000000000000000000000000000010011100110101000000101111010011010111010
11111111111111111111111111111111111111100011100110101000000101111010011010111010
00000000000000000000000000000000000000000011100110101000000101111010011010111010
00000000000000000000000000000000000000000011100110101000000101111010011010111010
11111111111111111111111111111111111111111101100110101000000101111010011010111010
11111111111111111111111111111111111111111110100110101000000101111010011010111010
11111111111111111111111111111111111111111111000110101000000101111010011010111010
00000000000000000000000000000000000000000000000110101000000101111010011010111010
00000000000000000000000000000000000000000000000110101000000101111010011010111010
11111111111111111111111111111111111111111111111010101000000101111010011010111010
11111111111111111111111111111111111111111111111100101000000101111010011010111010
00000000000000000000000000000000000000000000000000101000000101111010011010111010
11111111111111111111111111111111111111111111111111001000000101111010011010111010
00000000000000000000000000000000000000000000000000001000000101111010011010111010
11111111111111111111111111111111111111111111111111110000000101111010011010111010
00000000000000000000000000000000000000000000000000000000000101111010011010111010
00000000000000000000000000000000000000000000000000000000000101111010011010111010
00000000000000000000000000000000000000000000000000000000000101111010011010111010
00000000000000000000000000000000000000000000000000000000000101111010011010111010
00000000000000000000000000000000000000000000000000000000000101111010011010111010
00000000000000000000000000000000000000000000000000000000000101111010011010111010
11111111111111111111111111111111111111111111111111111111111001111010011010111010
00000000000000000000000000000000000000000000000000000000000001111010011010111010
11111111111111111111111111111111111111111111111111111111111110111010011010111010
11111111111111111111111111111111111111111111111111111111111111011010011010111010
11111111111111111111111111111111111111111111111111111111111111101010011010111010
11111111111111111111111111111111111111111111111111111111111111110010011010111010
00000000000000000000000000000000000000000000000000000000000000000010011010111010
11111111111111111111111111111111111111111111111111111111111111111100011010111010
00000000000000000000000000000000000000000000000000000000000000000000011010111010
00000000000000000000000000000000000000000000000000000000000000000000011010111010
11111111111111111111111111111111111111111111111111111111111111111111101010111010
11111111111111111111111111111111111111111111111111111111111111111111110010111010
00000000000000000000000000000000000000000000000000000000000000000000000010111010
11111111111111111111111111111111111111111111111111111111111111111111111100111010
00000000000000000000000000000000000000000000000000000000000000000000000000111010
11111111111111111111111111111111111111111111111111111111111111111111111111011010
11111111111111111111111111111111111111111111111111111111111111111111111111101010
11111111111111111111111111111111111111111111111111111111111111111111111111110010
00000000000000000000000000000000000000000000000000000000000000000000000000000010
11111111111111111111111111111111111111111111111111111111111111111111111111111100
00000000000000000000000000000000000000000000000000000000000000000000000000000000
