00000100101011000000110000010001101100101011010111000011110101001100001001000010101010010111010011000111101110000111110001001101111011010101000000110100111001000111001010111010011001110010101011011110
00000100101011000000110000010001101100101011010111000011110101001100001001000010101010010111010011000111101110000111110001001101111011010101000000110100111001000111001010111010011001110010101011011110
00000100101011000000110000010001101100101011010111000011110101001100001001000010101010010111010011000111101110000111110001001101111011010101000000110100111001000111001010111010011001110010101011011110
00000100101011000000110000010001101100101011010111000011110101001100001001000010101010010111010011000111101110000111110001001101111011010101000000110100111001000111001010111010011001110010101011011110
00000100101011000000110000010001101100101011010111000011110101001100001001000010101010010111010011000111101110000111110001001101111011010101000000110100111001000111001010111010011001110010101011011110
11111000101011000000110000010001101100101011010111000011110101001100001001000010101010010111010011000111101110000111110001001101111011010101000000110100111001000111001010111010011001110010101011011110
00000000101011000000110000010001101100101011010111000011110101001100001001000010101010010111010011000111101110000111110001001101111011010101000000110100111001000111001010111010011001110010101011011110
00000000101011000000110000010001101100101011010111000011110101001100001001000010101010010111010011000111101110000111110001001101111011010101000000110100111001000111001010111010011001110010101011011110
11111111001011000000110000010001101100101011010111000011110101001100001001000010101010010111010011000111101110000111110001001101111011010101000000110100111001000111001010111010011001110010101011011110
00000000001011000000110000010001101100101011010111000011110101001100001001000010101010010111010011000111101110000111110001001101111011010101000000110100111001000111001010111010011001110010101011011110
11111111110011000000110000010001101100101011010111000011110101001100001001000010101010010111010011000111101110000111110001001101111011010101000000110100111001000111001010111010011001110010101011011110
00000000000011000000110000010001101100101011010111000011110101001100001001000010101010010111010011000111101110000111110001001101111011010101000000110100111001000111001010111010011001110010101011011110
11111111111101000000110000010001101100101011010111000011110101001100001001000010101010010111010011000111101110000111110001001101111011010101000000110100111001000111001010111010011001110010101011011110
11111111111110000000110000010001101100101011010111000011110101001100001001000010101010010111010011000111101110000111110001001101111011010101000000110100111001000111001010111010011001110010101011011110
00000000000000000000110000010001101100101011010111000011110101001100001001000010101010010111010011000111101110000111110001001101111011010101000000110100111001000111001010111010011001110010101011011110
00000000000000000000110000010001101100101011010111000011110101001100001001000010101010010111010011000111101110000111110001001101111011010101000000110100111001000111001010111010011001110010101011011110
00000000000000000000110000010001101100101011010111000011110101001100001001000010101010010111010011000111101110000111110001001101111011010101000000110100111001000111001010111010011001110010101011011110
00000000000000000000110000010001101100101011010111000011110101001100001001000010101010010111010011000111101110000111110001001101111011010101000000110100111001000111001010111010011001110010101011011110
00000000000000000000110000010001101100101011010111000011110101001100001001000010101010010111010011000111101110000111110001001101111011010101000000110100111001000111001010111010011001110010101011011110
00000000000000000000110000010001101100101011010111000011110101001100001001000010101010010111010011000111101110000111110001001101111011010101000000110100111001000111001010111010011001110010101011011110
11111111111111111111010000010001101100101011010111000011110101001100001001000010101010010111010011000111101110000111110001001101111011010101000000110100111001000111001010111010011001110010101011011110
11111111111111111111100000010001101100101011010111000011110101001100001001000010101010010111010011000111101110000111110001001101111011010101000000110100111001000111001010111010011001110010101011011110
00000000000000000000000000010001101100101011010111000011110101001100001001000010101010010111010011000111101110000111110001001101111011010101000000110100111001000111001010111010011001110010101011011110
00000000000000000000000000010001101100101011010111000011110101001100001001000010101010010111010011000111101110000111110001001101111011010101000000110100111001000111001010111010011001110010101011011110
00000000000000000000000000010001101100101011010111000011110101001100001001000010101010010111010011000111101110000111110001001101111011010101000000110100111001000111001010111010011001110010101011011110
00000000000000000000000000010001101100101011010111000011110101001100001001000010101010010111010011000111101110000111110001001101111011010101000000110100111001000111001010111010011001110010101011011110
00000000000000000000000000010001101100101011010111000011110101001100001001000010101010010111010011000111101110000111110001001101111011010101000000110100111001000111001010111010011001110010101011011110
11111111111111111111111111100001101100101011010111000011110101001100001001000010101010010111010011000111101110000111110001001101111011010101000000110100111001000111001010111010011001110010101011011110
00000000000000000000000000000001101100101011010111000011110101001100001001000010101010010111010011000111101110000111110001001101111011010101000000110100111001000111001010111010011001110010101011011110
00000000000000000000000000000001101100101011010111000011110101001100001001000010101010010111010011000111101110000111110001001101111011010101000000110100111001000111001010111010011001110010101011011110
00000000000000000000000000000001101100101011010111000011110101001100001001000010101010010111010011000111101110000111110001001101111011010101000000110100111001000111001010111010011001110010101011011110
11111111111111111111111111111110101100101011010111000011110101001100001001000010101010010111010011000111101110000111110001001101111011010101000000110100111001000111001010111010011001110010101011011110
11111111111111111111111111111111001100101011010111000011110101001100001001000010101010010111010011000111101110000111110001001101111011010101000000110100111001000111001010111010011001110010101011011110
00000000000000000000000000000000001100101011010111000011110101001100001001000010101010010111010011000111101110000111110001001101111011010101000000110100111001000111001010111010011001110010101011011110
11111111111111111111111111111111110100101011010111000011110101001100001001000010101010010111010011000111101110000111110001001101111011010101000000110100111001000111001010111010011001110010101011011110
11111111111111111111111111111111111000101011010111000011110101001100001001000010101010010111010011000111101110000111110001001101111011010101000000110100111001000111001010111010011001110010101011011110
00000000000000000000000000000000000000101011010111000011110101001100001001000010101010010111010011000111101110000111110001001101111011010101000000110100111001000111001010111010011001110010101011011110
00000000000000000000000000000000000000101011010111000011110101001100001001000010101010010111010011000111101110000111110001001101111011010101000000110100111001000111001010111010011001110010101011011110
11111111111111111111111111111111111111001011010111000011110101001100001001000010101010010111010011000111101110000111110001001101111011010101000000110100111001000111001010111010011001110010101011011110
00000000000000000000000000000000000000001011010111000011110101001100001001000010101010010111010011000111101110000111110001001101111011010101000000110100111001000111001010111010011001110010101011011110
11111111111111111111111111111111111111110011010111000011110101001100001001000010101010010111010011000111101110000111110001001101111011010101000000110100111001000111001010111010011001110010101011011110
00000000000000000000000000000000000000000011010111000011110101001100001001000010101010010111010011000111101110000111110001001101111011010101000000110100111001000111001010111010011001110010101011011110
11111111111111111111111111111111111111111101010111000011110101001100001001000010101010010111010011000111101110000111110001001101111011010101000000110100111001000111001010111010011001110010101011011110
11111111111111111111111111111111111111111110010111000011110101001100001001000010101010010111010011000111101110000111110001001101111011010101000000110100111001000111001010111010011001110010101011011110
00000000000000000000000000000000000000000000010111000011110101001100001001000010101010010111010011000111101110000111110001001101111011010101000000110100111001000111001010111010011001110010101011011110
11111111111111111111111111111111111111111111100111000011110101001100001001000010101010010111010011000111101110000111110001001101111011010101000000110100111001000111001010111010011001110010101011011110
00000000000000000000000000000000000000000000000111000011110101001100001001000010101010010111010011000111101110000111110001001101111011010101000000110100111001000111001010111010011001110010101011011110
11111111111111111111111111111111111111111111111011000011110101001100001001000010101010010111010011000111101110000111110001001101111011010101000000110100111001000111001010111010011001110010101011011110
11111111111111111111111111111111111111111111111101000011110101001100001001000010101010010111010011000111101110000111110001001101111011010101000000110100111001000111001010111010011001110010101011011110
11111111111111111111111111111111111111111111111110000011110101001100001001000010101010010111010011000111101110000111110001001101111011010101000000110100111001000111001010111010011001110010101011011110
00000000000000000000000000000000000000000000000000000011110101001100001001000010101010010111010011000111101110000111110001001101111011010101000000110100111001000111001010111010011001110010101011011110
00000000000000000000000000000000000000000000000000000011110101001100001001000010101010010111010011000111101110000111110001001101111011010101000000110100111001000111001010111010011001110010101011011110
00000000000000000000000000000000000000000000000000000011110101001100001001000010101010010111010011000111101110000111110001001101111011010101000000110100111001000111001010111010011001110010101011011110
00000000000000000000000000000000000000000000000000000011110101001100001001000010101010010111010011000111101110000111110001001101111011010101000000110100111001000111001010111010011001110010101011011110
11111111111111111111111111111111111111111111111111111101110101001100001001000010101010010111010011000111101110000111110001001101111011010101000000110100111001000111001010111010011001110010101011011110
11111111111111111111111111111111111111111111111111111110110101001100001001000010101010010111010011000111101110000111110001001101111011010101000000110100111001000111001010111010011001110010101011011110
11111111111111111111111111111111111111111111111111111111010101001100001001000010101010010111010011000111101110000111110001001101111011010101000000110100111001000111001010111010011001110010101011011110
11111111111111111111111111111111111111111111111111111111100101001100001001000010101010010111010011000111101110000111110001001101111011010101000000110100111001000111001010111010011001110010101011011110
00000000000000000000000000000000000000000000000000000000000101001100001001000010101010010111010011000111101110000111110001001101111011010101000000110100111001000111001010111010011001110010101011011110
11111111111111111111111111111111111111111111111111111111111001001100001001000010101010010111010011000111101110000111110001001101111011010101000000110100111001000111001010111010011001110010101011011110
00000000000000000000000000000000000000000000000000000000000001001100001001000010101010010111010011000111101110000111110001001101111011010101000000110100111001000111001010111010011001110010101011011110
11111111111111111111111111111111111111111111111111111111111110001100001001000010101010010111010011000111101110000111110001001101111011010101000000110100111001000111001010111010011001110010101011011110
00000000000000000000000000000000000000000000000000000000000000001100001001000010101010010111010011000111101110000111110001001101111011010101000000110100111001000111001010111010011001110010101011011110
00000000000000000000000000000000000000000000000000000000000000001100001001000010101010010111010011000111101110000111110001001101111011010101000000110100111001000111001010111010011001110010101011011110
11111111111111111111111111111111111111111111111111111111111111110100001001000010101010010111010011000111101110000111110001001101111011010101000000110100111001000111001010111010011001110010101011011110
11111111111111111111111111111111111111111111111111111111111111111000001001000010101010010111010011000111101110000111110001001101111011010101000000110100111001000111001010111010011001110010101011011110
00000000000000000000000000000000000000000000000000000000000000000000001001000010101010010111010011000111101110000111110001001101111011010101000000110100111001000111001010111010011001110010101011011110
00000000000000000000000000000000000000000000000000000000000000000000001001000010101010010111010011000111101110000111110001001101111011010101000000110100111001000111001010111010011001110010101011011110
00000000000000000000000000000000000000000000000000000000000000000000001001000010101010010111010011000111101110000111110001001101111011010101000000110100111001000111001010111010011001110010101011011110
00000000000000000000000000000000000000000000000000000000000000000000001001000010101010010111010011000111101110000111110001001101111011010101000000110100111001000111001010111010011001110010101011011110
11111111111111111111111111111111111111111111111111111111111111111111110001000010101010010111010011000111101110000111110001001101111011010101000000110100111001000111001010111010011001110010101011011110
00000000000000000000000000000000000000000000000000000000000000000000000001000010101010010111010011000111101110000111110001001101111011010101000000110100111001000111001010111010011001110010101011011110
00000000000000000000000000000000000000000000000000000000000000000000000001000010101010010111010011000111101110000111110001001101111011010101000000110100111001000111001010111010011001110010101011011110
11111111111111111111111111111111111111111111111111111111111111111111111110000010101010010111010011000111101110000111110001001101111011010101000000110100111001000111001010111010011001110010101011011110
00000000000000000000000000000000000000000000000000000000000000000000000000000010101010010111010011000111101110000111110001001101111011010101000000110100111001000111001010111010011001110010101011011110
00000000000000000000000000000000000000000000000000000000000000000000000000000010101010010111010011000111101110000111110001001101111011010101000000110100111001000111001010111010011001110010101011011110
00000000000000000000000000000000000000000000000000000000000000000000000000000010101010010111010011000111101110000111110001001101111011010101000000110100111001000111001010111010011001110010101011011110
00000000000000000000000000000000000000000000000000000000000000000000000000000010101010010111010011000111101110000111110001001101111011010101000000110100111001000111001010111010011001110010101011011110
11111111111111111111111111111111111111111111111111111111111111111111111111111100101010010111010011000111101110000111110001001101111011010101000000110100111001000111001010111010011001110010101011011110
00000000000000000000000000000000000000000000000000000000000000000000000000000000101010010111010011000111101110000111110001001101111011010101000000110100111001000111001010111010011001110010101011011110
11111111111111111111111111111111111111111111111111111111111111111111111111111111001010010111010011000111101110000111110001001101111011010101000000110100111001000111001010111010011001110010101011011110
00000000000000000000000000000000000000000000000000000000000000000000000000000000001010010111010011000111101110000111110001001101111011010101000000110100111001000111001010111010011001110010101011011110
11111111111111111111111111111111111111111111111111111111111111111111111111111111110010010111010011000111101110000111110001001101111011010101000000110100111001000111001010111010011001110010101011011110
00000000000000000000000000000000000000000000000000000000000000000000000000000000000010010111010011000111101110000111110001001101111011010101000000110100111001000111001010111010011001110010101011011110
11111111111111111111111111111111111111111111111111111111111111111111111111111111111100010111010011000111101110000111110001001101111011010101000000110100111001000111001010111010011001110010101011011110
00000000000000000000000000000000000000000000000000000000000000000000000000000000000000010111010011000111101110000111110001001101111011010101000000110100111001000111001010111010011001110010101011011110
00000000000000000000000000000000000000000000000000000000000000000000000000000000000000010111010011000111101110000111110001001101111011010101000000110100111001000111001010111010011001110010101011011110
11111111111111111111111111111111111111111111111111111111111111111111111111111111111111100111010011000111101110000111110001001101111011010101000000110100111001000111001010111010011001110010101011011110
00000000000000000000000000000000000000000000000000000000000000000000000000000000000000000111010011000111101110000111110001001101111011010101000000110100111001000111001010111010011001110010101011011110
11111111111111111111111111111111111111111111111111111111111111111111111111111111111111111011010011000111101110000111110001001101111011010101000000110100111001000111001010111010011001110010101011011110
11111111111111111111111111111111111111111111111111111111111111111111111111111111111111111101010011000111101110000111110001001101111011010101000000110100111001000111001010111010011001110010101011011110
11111111111111111111111111111111111111111111111111111111111111111111111111111111111111111110010011000111101110000111110001001101111011010101000000110100111001000111001010111010011001110010101011011110
00000000000000000000000000000000000000000000000000000000000000000000000000000000000000000000010011000111101110000111110001001101111011010101000000110100111001000111001010111010011001110010101011011110
11111111111111111111111111111111111111111111111111111111111111111111111111111111111111111111100011000111101110000111110001001101111011010101000000110100111001000111001010111010011001110010101011011110
00000000000000000000000000000000000000000000000000000000000000000000000000000000000000000000000011000111101110000111110001001101111011010101000000110100111001000111001010111010011001110010101011011110
00000000000000000000000000000000000000000000000000000000000000000000000000000000000000000000000011000111101110000111110001001101111011010101000000110100111001000111001010111010011001110010101011011110
11111111111111111111111111111111111111111111111111111111111111111111111111111111111111111111111101000111101110000111110001001101111011010101000000110100111001000111001010111010011001110010101011011110
11111111111111111111111111111111111111111111111111111111111111111111111111111111111111111111111110000111101110000111110001001101111011010101000000110100111001000111001010111010011001110010101011011110
00000000000000000000000000000000000000000000000000000000000000000000000000000000000000000000000000000111101110000111110001001101111011010101000000110100111001000111001010111010011001110010101011011110
00000000000000000000000000000000000000000000000000000000000000000000000000000000000000000000000000000111101110000111110001001101111011010101000000110100111001000111001010111010011001110010101011011110
00000000000000000000000000000000000000000000000000000000000000000000000000000000000000000000000000000111101110000111110001001101111011010101000000110100111001000111001010111010011001110010101011011110
11111111111111111111111111111111111111111111111111111111111111111111111111111111111111111111111111111011101110000111110001001101111011010101000000110100111001000111001010111010011001110010101011011110
11111111111111111111111111111111111111111111111111111111111111111111111111111111111111111111111111111101101110000111110001001101111011010101000000110100111001000111001010111010011001110010101011011110
11111111111111111111111111111111111111111111111111111111111111111111111111111111111111111111111111111110101110000111110001001101111011010101000000110100111001000111001010111010011001110010101011011110
11111111111111111111111111111111111111111111111111111111111111111111111111111111111111111111111111111111001110000111110001001101111011010101000000110100111001000111001010111010011001110010101011011110
00000000000000000000000000000000000000000000000000000000000000000000000000000000000000000000000000000000001110000111110001001101111011010101000000110100111001000111001010111010011001110010101011011110
11111111111111111111111111111111111111111111111111111111111111111111111111111111111111111111111111111111110110000111110001001101111011010101000000110100111001000111001010111010011001110010101011011110
11111111111111111111111111111111111111111111111111111111111111111111111111111111111111111111111111111111111010000111110001001101111011010101000000110100111001000111001010111010011001110010101011011110
11111111111111111111111111111111111111111111111111111111111111111111111111111111111111111111111111111111111100000111110001001101111011010101000000110100111001000111001010111010011001110010101011011110
00000000000000000000000000000000000000000000000000000000000000000000000000000000000000000000000000000000000000000111110001001101111011010101000000110100111001000111001010111010011001110010101011011110
00000000000000000000000000000000000000000000000000000000000000000000000000000000000000000000000000000000000000000111110001001101111011010101000000110100111001000111001010111010011001110010101011011110
00000000000000000000000000000000000000000000000000000000000000000000000000000000000000000000000000000000000000000111110001001101111011010101000000110100111001000111001010111010011001110010101011011110
00000000000000000000000000000000000000000000000000000000000000000000000000000000000000000000000000000000000000000111110001001101111011010101000000110100111001000111001010111010011001110010101011011110
11111111111111111111111111111111111111111111111111111111111111111111111111111111111111111111111111111111111111111011110001001101111011010101000000110100111001000111001010111010011001110010101011011110
11111111111111111111111111111111111111111111111111111111111111111111111111111111111111111111111111111111111111111101110001001101111011010101000000110100111001000111001010111010011001110010101011011110
11111111111111111111111111111111111111111111111111111111111111111111111111111111111111111111111111111111111111111110110001001101111011010101000000110100111001000111001010111010011001110010101011011110
11111111111111111111111111111111111111111111111111111111111111111111111111111111111111111111111111111111111111111111010001001101111011010101000000110100111001000111001010111010011001110010101011011110
11111111111111111111111111111111111111111111111111111111111111111111111111111111111111111111111111111111111111111111100001001101111011010101000000110100111001000111001010111010011001110010101011011110
00000000000000000000000000000000000000000000000000000000000000000000000000000000000000000000000000000000000000000000000001001101111011010101000000110100111001000111001010111010011001110010101011011110
00000000000000000000000000000000000000000000000000000000000000000000000000000000000000000000000000000000000000000000000001001101111011010101000000110100111001000111001010111010011001110010101011011110
00000000000000000000000000000000000000000000000000000000000000000000000000000000000000000000000000000000000000000000000001001101111011010101000000110100111001000111001010111010011001110010101011011110
11111111111111111111111111111111111111111111111111111111111111111111111111111111111111111111111111111111111111111111111110001101111011010101000000110100111001000111001010111010011001110010101011011110
00000000000000000000000000000000000000000000000000000000000000000000000000000000000000000000000000000000000000000000000000001101111011010101000000110100111001000111001010111010011001110010101011011110
00000000000000000000000000000000000000000000000000000000000000000000000000000000000000000000000000000000000000000000000000001101111011010101000000110100111001000111001010111010011001110010101011011110
11111111111111111111111111111111111111111111111111111111111111111111111111111111111111111111111111111111111111111111111111110101111011010101000000110100111001000111001010111010011001110010101011011110
11111111111111111111111111111111111111111111111111111111111111111111111111111111111111111111111111111111111111111111111111111001111011010101000000110100111001000111001010111010011001110010101011011110
00000000000000000000000000000000000000000000000000000000000000000000000000000000000000000000000000000000000000000000000000000001111011010101000000110100111001000111001010111010011001110010101011011110
11111111111111111111111111111111111111111111111111111111111111111111111111111111111111111111111111111111111111111111111111111110111011010101000000110100111001000111001010111010011001110010101011011110
11111111111111111111111111111111111111111111111111111111111111111111111111111111111111111111111111111111111111111111111111111111011011010101000000110100111001000111001010111010011001110010101011011110
11111111111111111111111111111111111111111111111111111111111111111111111111111111111111111111111111111111111111111111111111111111101011010101000000110100111001000111001010111010011001110010101011011110
11111111111111111111111111111111111111111111111111111111111111111111111111111111111111111111111111111111111111111111111111111111110011010101000000110100111001000111001010111010011001110010101011011110
00000000000000000000000000000000000000000000000000000000000000000000000000000000000000000000000000000000000000000000000000000000000011010101000000110100111001000111001010111010011001110010101011011110
11111111111111111111111111111111111111111111111111111111111111111111111111111111111111111111111111111111111111111111111111111111111101010101000000110100111001000111001010111010011001110010101011011110
11111111111111111111111111111111111111111111111111111111111111111111111111111111111111111111111111111111111111111111111111111111111110010101000000110100111001000111001010111010011001110010101011011110
00000000000000000000000000000000000000000000000000000000000000000000000000000000000000000000000000000000000000000000000000000000000000010101000000110100111001000111001010111010011001110010101011011110
11111111111111111111111111111111111111111111111111111111111111111111111111111111111111111111111111111111111111111111111111111111111111100101000000110100111001000111001010111010011001110010101011011110
00000000000000000000000000000000000000000000000000000000000000000000000000000000000000000000000000000000000000000000000000000000000000000101000000110100111001000111001010111010011001110010101011011110
11111111111111111111111111111111111111111111111111111111111111111111111111111111111111111111111111111111111111111111111111111111111111111001000000110100111001000111001010111010011001110010101011011110
00000000000000000000000000000000000000000000000000000000000000000000000000000000000000000000000000000000000000000000000000000000000000000001000000110100111001000111001010111010011001110010101011011110
11111111111111111111111111111111111111111111111111111111111111111111111111111111111111111111111111111111111111111111111111111111111111111110000000110100111001000111001010111010011001110010101011011110
00000000000000000000000000000000000000000000000000000000000000000000000000000000000000000000000000000000000000000000000000000000000000000000000000110100111001000111001010111010011001110010101011011110
00000000000000000000000000000000000000000000000000000000000000000000000000000000000000000000000000000000000000000000000000000000000000000000000000110100111001000111001010111010011001110010101011011110
00000000000000000000000000000000000000000000000000000000000000000000000000000000000000000000000000000000000000000000000000000000000000000000000000110100111001000111001010111010011001110010101011011110
00000000000000000000000000000000000000000000000000000000000000000000000000000000000000000000000000000000000000000000000000000000000000000000000000110100111001000111001010111010011001110010101011011110
00000000000000000000000000000000000000000000000000000000000000000000000000000000000000000000000000000000000000000000000000000000000000000000000000110100111001000111001010111010011001110010101011011110
00000000000000000000000000000000000000000000000000000000000000000000000000000000000000000000000000000000000000000000000000000000000000000000000000110100111001000111001010111010011001110010101011011110
11111111111111111111111111111111111111111111111111111111111111111111111111111111111111111111111111111111111111111111111111111111111111111111111111010100111001000111001010111010011001110010101011011110
11111111111111111111111111111111111111111111111111111111111111111111111111111111111111111111111111111111111111111111111111111111111111111111111111100100111001000111001010111010011001110010101011011110
00000000000000000000000000000000000000000000000000000000000000000000000000000000000000000000000000000000000000000000000000000000000000000000000000000100111001000111001010111010011001110010101011011110
11111111111111111111111111111111111111111111111111111111111111111111111111111111111111111111111111111111111111111111111111111111111111111111111111111000111001000111001010111010011001110010101011011110
00000000000000000000000000000000000000000000000000000000000000000000000000000000000000000000000000000000000000000000000000000000000000000000000000000000111001000111001010111010011001110010101011011110
00000000000000000000000000000000000000000000000000000000000000000000000000000000000000000000000000000000000000000000000000000000000000000000000000000000111001000111001010111010011001110010101011011110
11111111111111111111111111111111111111111111111111111111111111111111111111111111111111111111111111111111111111111111111111111111111111111111111111111111011001000111001010111010011001110010101011011110
11111111111111111111111111111111111111111111111111111111111111111111111111111111111111111111111111111111111111111111111111111111111111111111111111111111101001000111001010111010011001110010101011011110
11111111111111111111111111111111111111111111111111111111111111111111111111111111111111111111111111111111111111111111111111111111111111111111111111111111110001000111001010111010011001110010101011011110
00000000000000000000000000000000000000000000000000000000000000000000000000000000000000000000000000000000000000000000000000000000000000000000000000000000000001000111001010111010011001110010101011011110
00000000000000000000000000000000000000000000000000000000000000000000000000000000000000000000000000000000000000000000000000000000000000000000000000000000000001000111001010111010011001110010101011011110
11111111111111111111111111111111111111111111111111111111111111111111111111111111111111111111111111111111111111111111111111111111111111111111111111111111111110000111001010111010011001110010101011011110
00000000000000000000000000000000000000000000000000000000000000000000000000000000000000000000000000000000000000000000000000000000000000000000000000000000000000000111001010111010011001110010101011011110
00000000000000000000000000000000000000000000000000000000000000000000000000000000000000000000000000000000000000000000000000000000000000000000000000000000000000000111001010111010011001110010101011011110
00000000000000000000000000000000000000000000000000000000000000000000000000000000000000000000000000000000000000000000000000000000000000000000000000000000000000000111001010111010011001110010101011011110
11111111111111111111111111111111111111111111111111111111111111111111111111111111111111111111111111111111111111111111111111111111111111111111111111111111111111111011001010111010011001110010101011011110
11111111111111111111111111111111111111111111111111111111111111111111111111111111111111111111111111111111111111111111111111111111111111111111111111111111111111111101001010111010011001110010101011011110
11111111111111111111111111111111111111111111111111111111111111111111111111111111111111111111111111111111111111111111111111111111111111111111111111111111111111111110001010111010011001110010101011011110
00000000000000000000000000000000000000000000000000000000000000000000000000000000000000000000000000000000000000000000000000000000000000000000000000000000000000000000001010111010011001110010101011011110
00000000000000000000000000000000000000000000000000000000000000000000000000000000000000000000000000000000000000000000000000000000000000000000000000000000000000000000001010111010011001110010101011011110
11111111111111111111111111111111111111111111111111111111111111111111111111111111111111111111111111111111111111111111111111111111111111111111111111111111111111111111110010111010011001110010101011011110
00000000000000000000000000000000000000000000000000000000000000000000000000000000000000000000000000000000000000000000000000000000000000000000000000000000000000000000000010111010011001110010101011011110
11111111111111111111111111111111111111111111111111111111111111111111111111111111111111111111111111111111111111111111111111111111111111111111111111111111111111111111111100111010011001110010101011011110
00000000000000000000000000000000000000000000000000000000000000000000000000000000000000000000000000000000000000000000000000000000000000000000000000000000000000000000000000111010011001110010101011011110
11111111111111111111111111111111111111111111111111111111111111111111111111111111111111111111111111111111111111111111111111111111111111111111111111111111111111111111111111011010011001110010101011011110
11111111111111111111111111111111111111111111111111111111111111111111111111111111111111111111111111111111111111111111111111111111111111111111111111111111111111111111111111101010011001110010101011011110
11111111111111111111111111111111111111111111111111111111111111111111111111111111111111111111111111111111111111111111111111111111111111111111111111111111111111111111111111110010011001110010101011011110
00000000000000000000000000000000000000000000000000000000000000000000000000000000000000000000000000000000000000000000000000000000000000000000000000000000000000000000000000000010011001110010101011011110
11111111111111111111111111111111111111111111111111111111111111111111111111111111111111111111111111111111111111111111111111111111111111111111111111111111111111111111111111111100011001110010101011011110
00000000000000000000000000000000000000000000000000000000000000000000000000000000000000000000000000000000000000000000000000000000000000000000000000000000000000000000000000000000011001110010101011011110
00000000000000000000000000000000000000000000000000000000000000000000000000000000000000000000000000000000000000000000000000000000000000000000000000000000000000000000000000000000011001110010101011011110
11111111111111111111111111111111111111111111111111111111111111111111111111111111111111111111111111111111111111111111111111111111111111111111111111111111111111111111111111111111101001110010101011011110
11111111111111111111111111111111111111111111111111111111111111111111111111111111111111111111111111111111111111111111111111111111111111111111111111111111111111111111111111111111110001110010101011011110
00000000000000000000000000000000000000000000000000000000000000000000000000000000000000000000000000000000000000000000000000000000000000000000000000000000000000000000000000000000000001110010101011011110
00000000000000000000000000000000000000000000000000000000000000000000000000000000000000000000000000000000000000000000000000000000000000000000000000000000000000000000000000000000000001110010101011011110
11111111111111111111111111111111111111111111111111111111111111111111111111111111111111111111111111111111111111111111111111111111111111111111111111111111111111111111111111111111111110110010101011011110
11111111111111111111111111111111111111111111111111111111111111111111111111111111111111111111111111111111111111111111111111111111111111111111111111111111111111111111111111111111111111010010101011011110
11111111111111111111111111111111111111111111111111111111111111111111111111111111111111111111111111111111111111111111111111111111111111111111111111111111111111111111111111111111111111100010101011011110
00000000000000000000000000000000000000000000000000000000000000000000000000000000000000000000000000000000000000000000000000000000000000000000000000000000000000000000000000000000000000000010101011011110
00000000000000000000000000000000000000000000000000000000000000000000000000000000000000000000000000000000000000000000000000000000000000000000000000000000000000000000000000000000000000000010101011011110
11111111111111111111111111111111111111111111111111111111111111111111111111111111111111111111111111111111111111111111111111111111111111111111111111111111111111111111111111111111111111111100101011011110
00000000000000000000000000000000000000000000000000000000000000000000000000000000000000000000000000000000000000000000000000000000000000000000000000000000000000000000000000000000000000000000101011011110
11111111111111111111111111111111111111111111111111111111111111111111111111111111111111111111111111111111111111111111111111111111111111111111111111111111111111111111111111111111111111111111001011011110
00000000000000000000000000000000000000000000000000000000000000000000000000000000000000000000000000000000000000000000000000000000000000000000000000000000000000000000000000000000000000000000001011011110
11111111111111111111111111111111111111111111111111111111111111111111111111111111111111111111111111111111111111111111111111111111111111111111111111111111111111111111111111111111111111111111110011011110
00000000000000000000000000000000000000000000000000000000000000000000000000000000000000000000000000000000000000000000000000000000000000000000000000000000000000000000000000000000000000000000000011011110
11111111111111111111111111111111111111111111111111111111111111111111111111111111111111111111111111111111111111111111111111111111111111111111111111111111111111111111111111111111111111111111111101011110
11111111111111111111111111111111111111111111111111111111111111111111111111111111111111111111111111111111111111111111111111111111111111111111111111111111111111111111111111111111111111111111111110011110
00000000000000000000000000000000000000000000000000000000000000000000000000000000000000000000000000000000000000000000000000000000000000000000000000000000000000000000000000000000000000000000000000011110
11111111111111111111111111111111111111111111111111111111111111111111111111111111111111111111111111111111111111111111111111111111111111111111111111111111111111111111111111111111111111111111111111101110
11111111111111111111111111111111111111111111111111111111111111111111111111111111111111111111111111111111111111111111111111111111111111111111111111111111111111111111111111111111111111111111111111110110
11111111111111111111111111111111111111111111111111111111111111111111111111111111111111111111111111111111111111111111111111111111111111111111111111111111111111111111111111111111111111111111111111111010
11111111111111111111111111111111111111111111111111111111111111111111111111111111111111111111111111111111111111111111111111111111111111111111111111111111111111111111111111111111111111111111111111111100
00000000000000000000000000000000000000000000000000000000000000000000000000000000000000000000000000000000000000000000000000000000000000000000000000000000000000000000000000000000000000000000000000000000
