001000110000000010000000001000000000000100100011001100101010
001000110000000010000000001000000000000100100011001100101010
110000110000000010000000001000000000000100100011001100101010
000000110000000010000000001000000000000100100011001100101010
000000110000000010000000001000000000000100100011001100101010
000000110000000010000000001000000000000100100011001100101010
111111010000000010000000001000000000000100100011001100101010
111111100000000010000000001000000000000100100011001100101010
000000000000000010000000001000000000000100100011001100101010
000000000000000010000000001000000000000100100011001100101010
000000000000000010000000001000000000000100100011001100101010
000000000000000010000000001000000000000100100011001100101010
000000000000000010000000001000000000000100100011001100101010
000000000000000010000000001000000000000100100011001100101010
000000000000000010000000001000000000000100100011001100101010
000000000000000010000000001000000000000100100011001100101010
111111111111111100000000001000000000000100100011001100101010
000000000000000000000000001000000000000100100011001100101010
000000000000000000000000001000000000000100100011001100101010
000000000000000000000000001000000000000100100011001100101010
000000000000000000000000001000000000000100100011001100101010
000000000000000000000000001000000000000100100011001100101010
000000000000000000000000001000000000000100100011001100101010
000000000000000000000000001000000000000100100011001100101010
000000000000000000000000001000000000000100100011001100101010
000000000000000000000000001000000000000100100011001100101010
111111111111111111111111110000000000000100100011001100101010
000000000000000000000000000000000000000100100011001100101010
000000000000000000000000000000000000000100100011001100101010
000000000000000000000000000000000000000100100011001100101010
000000000000000000000000000000000000000100100011001100101010
000000000000000000000000000000000000000100100011001100101010
000000000000000000000000000000000000000100100011001100101010
000000000000000000000000000000000000000100100011001100101010
000000000000000000000000000000000000000100100011001100101010
000000000000000000000000000000000000000100100011001100101010
000000000000000000000000000000000000000100100011001100101010
000000000000000000000000000000000000000100100011001100101010
000000000000000000000000000000000000000100100011001100101010
111111111111111111111111111111111111111000100011001100101010
000000000000000000000000000000000000000000100011001100101010
000000000000000000000000000000000000000000100011001100101010
111111111111111111111111111111111111111111000011001100101010
000000000000000000000000000000000000000000000011001100101010
000000000000000000000000000000000000000000000011001100101010
000000000000000000000000000000000000000000000011001100101010
111111111111111111111111111111111111111111111101001100101010
111111111111111111111111111111111111111111111110001100101010
000000000000000000000000000000000000000000000000001100101010
000000000000000000000000000000000000000000000000001100101010
111111111111111111111111111111111111111111111111110100101010
111111111111111111111111111111111111111111111111111000101010
000000000000000000000000000000000000000000000000000000101010
000000000000000000000000000000000000000000000000000000101010
111111111111111111111111111111111111111111111111111111001010
000000000000000000000000000000000000000000000000000000001010
111111111111111111111111111111111111111111111111111111110010
000000000000000000000000000000000000000000000000000000000010
111111111111111111111111111111111111111111111111111111111100
000000000000000000000000000000000000000000000000000000000000
