0101001011110110011100000011100000111001010111110000111110100010001111
1001001011110110011100000011100000111001010111110000111110100010001111
0001001011110110011100000011100000111001010111110000111110100010001111
1110001011110110011100000011100000111001010111110000111110100010001111
0000001011110110011100000011100000111001010111110000111110100010001111
0000001011110110011100000011100000111001010111110000111110100010001111
1111110011110110011100000011100000111001010111110000111110100010001111
0000000011110110011100000011100000111001010111110000111110100010001111
1111111101110110011100000011100000111001010111110000111110100010001111
1111111110110110011100000011100000111001010111110000111110100010001111
1111111111010110011100000011100000111001010111110000111110100010001111
1111111111100110011100000011100000111001010111110000111110100010001111
0000000000000110011100000011100000111001010111110000111110100010001111
1111111111111010011100000011100000111001010111110000111110100010001111
1111111111111100011100000011100000111001010111110000111110100010001111
0000000000000000011100000011100000111001010111110000111110100010001111
0000000000000000011100000011100000111001010111110000111110100010001111
1111111111111111101100000011100000111001010111110000111110100010001111
1111111111111111110100000011100000111001010111110000111110100010001111
1111111111111111111000000011100000111001010111110000111110100010001111
0000000000000000000000000011100000111001010111110000111110100010001111
0000000000000000000000000011100000111001010111110000111110100010001111
0000000000000000000000000011100000111001010111110000111110100010001111
0000000000000000000000000011100000111001010111110000111110100010001111
0000000000000000000000000011100000111001010111110000111110100010001111
0000000000000000000000000011100000111001010111110000111110100010001111
1111111111111111111111111101100000111001010111110000111110100010001111
1111111111111111111111111110100000111001010111110000111110100010001111
1111111111111111111111111111000000111001010111110000111110100010001111
0000000000000000000000000000000000111001010111110000111110100010001111
0000000000000000000000000000000000111001010111110000111110100010001111
0000000000000000000000000000000000111001010111110000111110100010001111
0000000000000000000000000000000000111001010111110000111110100010001111
0000000000000000000000000000000000111001010111110000111110100010001111
1111111111111111111111111111111111011001010111110000111110100010001111
1111111111111111111111111111111111101001010111110000111110100010001111
1111111111111111111111111111111111110001010111110000111110100010001111
0000000000000000000000000000000000000001010111110000111110100010001111
0000000000000000000000000000000000000001010111110000111110100010001111
1111111111111111111111111111111111111110010111110000111110100010001111
0000000000000000000000000000000000000000010111110000111110100010001111
1111111111111111111111111111111111111111100111110000111110100010001111
0000000000000000000000000000000000000000000111110000111110100010001111
1111111111111111111111111111111111111111111011110000111110100010001111
1111111111111111111111111111111111111111111101110000111110100010001111
1111111111111111111111111111111111111111111110110000111110100010001111
1111111111111111111111111111111111111111111111010000111110100010001111
1111111111111111111111111111111111111111111111100000111110100010001111
0000000000000000000000000000000000000000000000000000111110100010001111
0000000000000000000000000000000000000000000000000000111110100010001111
0000000000000000000000000000000000000000000000000000111110100010001111
0000000000000000000000000000000000000000000000000000111110100010001111
1111111111111111111111111111111111111111111111111111011110100010001111
1111111111111111111111111111111111111111111111111111101110100010001111
1111111111111111111111111111111111111111111111111111110110100010001111
1111111111111111111111111111111111111111111111111111111010100010001111
1111111111111111111111111111111111111111111111111111111100100010001111
0000000000000000000000000000000000000000000000000000000000100010001111
1111111111111111111111111111111111111111111111111111111111000010001111
0000000000000000000000000000000000000000000000000000000000000010001111
0000000000000000000000000000000000000000000000000000000000000010001111
0000000000000000000000000000000000000000000000000000000000000010001111
1111111111111111111111111111111111111111111111111111111111111100001111
0000000000000000000000000000000000000000000000000000000000000000001111
0000000000000000000000000000000000000000000000000000000000000000001111
0000000000000000000000000000000000000000000000000000000000000000001111
1111111111111111111111111111111111111111111111111111111111111111110111
1111111111111111111111111111111111111111111111111111111111111111111011
1111111111111111111111111111111111111111111111111111111111111111111101
1111111111111111111111111111111111111111111111111111111111111111111110
