0000101110000000001111111110111100000000011111111111111111000000000111111100000000011111111111100001
0000011110000000001111111110111100000000011111111111111111000000000111111100000000011111111111100001
0000011010000000001111111110111100000000011111111111111111000000000111111100000000011111111111100001
0000001100000000001111111110111100000000011111111111111111000000000111111100000000011111111111100001
1000000110000000001111111110111100000000011111111111111111000000000111111100000000011111111111100001
0110000010000000001111111110111100000000011111111111111111000000000111111100000000011111111111100001
1111000110000000001111111110111100000000011111111111111111000000000111111100000000011111111111100001
1101101010000000001111111110111100000000011111111111111111000000000111111100000000011111111111100001
1110111100000000001111111110111100000000011111111111111111000000000111111100000000011111111111100001
0000000000001011011111111110111100000000011111111111111111000000000111111100000000011111111111100001
0000000000000111111111111110111100000000011111111111111111000000000111111100000000011111111111100001
0000000000000100111111111110111100000000011111111111111111000000000111111100000000011111111111100001
0000000001000000101111111110111100000000011111111111111111000000000111111100000000011111111111100001
0000000000110011011111111110111100000000011111111111111111000000000111111100000000011111111111100001
0000000001100101111111111110111100000000011111111111111111000000000111111100000000011111111111100001
0000000001100110111111111110111100000000011111111111111111000000000111111100000000011111111111100001
0000000000111011011111111110111100000000011111111111111111000000000111111100000000011111111111100001
0000000001110111101111111110111100000000011111111111111111000000000111111100000000011111111111100001
1111111111111111110001111010111100000000011111111111111111000000000111111100000000011111111111100001
1111111111111111110000111110111100000000011111111111111111000000000111111100000000011111111111100001
1111111111111111110000111110111100000000011111111111111111000000000111111100000000011111111111100001
1111111111111111111000000110111100000000011111111111111111000000000111111100000000011111111111100001
1111111111111111111110011100000000000000011111111111111111000000000000000000000000011111111100000000
1111111111111111111110101100000000000000011111111111111111000000000000000000000000011111111100000000
1111111111111111111110110100000000000000011111111111111111000000000000000000000000011111111100000000
1111111111111111110111111010111100000000011111111111111111000000000111111100000000011111111111100001
1111111111111111111111000100111100000000011111111111111111000000000111111100000000011111111111100001
0000000000000000000000000000001100000000011111111111111111000000000111111100000000011111111100000000
1111111111111111111111000110011100000000011111111111111111000000000111111100000000011111111111100001
1111111111111111111111000110100100000000011111111111111111000000000111111100000000011111111111100001
1111111111111111111111000111100000000000011111111111111111000000000000000000000000011111111111100001
1111111111111111111111000111110000000000011111111111111111000000000111111100000000011111111111100001
0000000000000000000000000000000000011011111111111111111111000000000000000000000000011111111100000000
0000000000000000000000000000000000001111111111111111111111000000000000000000000000011111111100000000
0000000000000000000000000000000000000110111111111111111111000000000000000000000000011111111100000000
0000000000000000000000000000000010000001111111111111111111000000000000000000000000011111111100000000
0000000000000000000000000000000011000001111111111111111111000000000000000000000000011111111100000000
0000000000000000000000000000000001100011111111111111111111000000000000000000000000011111111100000000
0000000000000000000000000000000011100101011111111111111111000000000000000000000000011111111100000000
0000000000000000000000000000000011011110111111111111111111000000000000000000000000011111111100000000
0000000000000000000000000000000011111101011111111111111111000000000000000000000000011111111100000000
1111111111111111111111111111111111111111100001010111111111000000000111111100000000011111111111100001
1111111111111111111111111111111111111111100001010111111111000000000111111100000000011111111111100001
1111111111111111111111111111111111111111100000101111111111000000000111111100000000011111111111100001
1111111111111111111111111111111111111111100000101011111111000000000111111100000000011111111111100001
1111111111111111111111111111111111111111111000011111111111000000000111111100000000011111111111100001
1111111111111111111111111111111111111111100110011011111111000000000111111100000000011111111111100001
1111111111111111111111111111111111111111111001100111111111000000000111111100000000011111111111100001
1111111111111111111111111111111111111111100111100011111111000000000111111100000000011111111111100001
1111111111111111111111111111111111111111111101010011111111000000000111111100000000011111111111100001
1111111111111111111111111111111111111111111111111100001011000000000111111100000000011111111111100001
1111111111111111111111111111111111111111111111111100000111000000000111111100000000011111111111100001
1111111111111111111111111111111111111111111111111100000001000000000111111100000000011111111111100001
1111111111111111111111111111111111111111111111111100000000000000000111111100000000011111111111100001
1111111111111111111111111111111111111111111111111110000001000000000111111100000000011111111111100001
1111111111111111111111111111111111111111111111111101000011000000000111111100000000011111111111100001
1111111111111111111111111111111111111111111111111111000100000000000111111100000000011111111111100001
1111111111111111111111111111111111111111111111111111101100000000000111111100000000011111111111100001
0000000000000000000000000000000000000000000000000000000000000001011000000000000000011111111100000000
0000000000000000000000000000000000000000000000000000000000000000100000000000000000011111111100000000
0000000000000000000000000000000000000000000000000000000000000000100000000000000000011111111100000000
0000000000000000000000000000000000000000000000000000000000000000011000000000000000011111111100000000
0000000000000000000000000000000000000000000000000000000000000000011000000000000000011111111100000000
0000000000000000000000000000000000000000000000000000000000100000011000000000000000011111111100000000
0000000000000000000000000000000000000000000000000000000000011000011000000000000000011111111100000000
0000000000000000000000000000000000000000000000000000000000100111101000000000000000011111111100000000
0000000000000000000000000000000000000000000000000000000000100111110000000000000000011111111100000000
1111111111111111111111000111110100000000011111111111111111000000000000011100000000011111111111100001
1111111111111111111111000111110100000000011111111111111111000000000000011100000000011111111111100001
1111111111111111111111000111110100000000011111111111111111000000000000000000000000011111111111100001
1111111111111111111111000111110100000000011111111111111111000000000000001100000000011111111111100001
1111111111111111111111000111110100000000011111111111111111000000000110000100000000011111111111100001
1111111111111111111111000111110100000000011111111111111111000000000110100000000000011111111111100001
1111111111111111111111000111110100000000011111111111111111000000000110110000000000011111111111100001
0000000000000000000000000000000000000000000000000000000000000000000000000000010011111111111100000000
0000000000000000000000000000000000000000000000000000000000000000000000000000001111111111111100000000
0000000000000000000000000000000000000000000000000000000000000000000000000000001111111111111100000000
0000000000000000000000000000000000000000000000000000000000000000000000000010000000111111111100000000
0000000000000000000000000000000000000000000000000000000000000000000000000001100101111111111100000000
0000000000000000000000000000000000000000000000000000000000000000000000000001101001011111111100000000
0000000000000000000000000000000000000000000000000000000000000000000000000011100000111111111100000000
0000000000000000000000000000000000000000000000000000000000000000000000000011101100011111111100000000
0000000000000000000000000000000000000000000000000000000000000000000000000011111010011111111100000000
1111111111111111111111111111111111111111111111111111111111111111111111111111111111100000100111100001
1111111111111111111111111111111111111111111111111111111111111111111111111111111111100000100011100001
1111111111111111111111111111111111111111111111111111111111111111111111111111111111100000011111100001
1111111111111111111111111111111111111111111111111111111111111111111111111111111111100000011111100001
1111111111111111111111111111111111111111111111111111111111111111111111111111111111100000011011100001
1111111111111111111111111111111111111111111111111111111111111111111111111111111111111000001011100001
1111111111111111111111111111111111111111111111111111111111111111111111111111111111100111000111100001
1111111111111111111111111111111111111111111111111111111111111111111111111111111111100111100111100001
1111111111111111111111111111111111111111111111111111111111111111111111111111111111110110011011100001
1111111111111111111111000110111100000000011111111111111111000000000111111100000000011111111100010011
1111111111111111111111000110111100000000011111111111111111000000000111111100000000011111111100001011
1111111111111111111111000110111100000000011111111111111111000000000111111100000000011111111100000101
0000000000000000000000000000000000000000000000000000000000000000000000000000000000000000000010000011
0000000000000000000000000000000000000000000000000000000000000000000000000000000000000000000001000011
0000000000000000000000000000000000000000000000000000000000000000000000000000000000000000000000100000
0000000000000000000000000000000000000000000000000000000000000000000000000000000000000000000011011000
1111111111111111111111000110111100000000011111111111111111000000000111111100000000011111111111111000
