01101100111111111111111111111111000000000000111111111000000000111111111111111111
10110000111111111111111111111111100011111111000000000000000000111111111111111111
11010010111111111111111111111111000000000000000000000000000000111111111111111111
01101110111111111111111111111111000000000000111111111000000000111111111111111111
10010000111111111111111111111111000000000000000000000000000000111111111111111111
10010000111111111111111111111111000000000000000000000000000000111111111111111111
00110000111111111111111111111111000000000000000000000000000000111111111111111111
00000000111111111111111111111111000000000000000000000000000000111111111111111111
11111111011110001111111111111111000000000000111111111000000000000000000111111111
11111111101110001111111111111111000000000000111111111000000000000000000111111111
11111111110110111111111111111111000000000000111111111000000000000000000111111111
11111111111011001111111111111111000000000000111111111000000000000000000111111111
11111111111101001111111111111111000000000000111111111000000000000000000111111111
11111111000110111111111111111111000000000000111111111000000000111111111111111111
11111111001001001111111111111111000000000000111111111000000000000000000111111111
11111111001001001111111111111111000000000000111111111000000000000000000111111111
11111111111111110000111111111111000000000000111111111000000000111111111111111111
11111111111111110000011111111111000000000000111111111000000000111111111111111111
11111111111111110000011100000000000000000000111111111000000000111111111111111111
11111111111111110000001011111111000000000000111111111000000000111111111111111111
11111111111111111000001111111111000000000000111111111000000000111111111111111111
11111111111111111110000100000000000000000000111111111000000000111111111111111111
11111111111111111111100100000000000000000000111111111000000000111111111111111111
11111111111111111110111011111111000000000000111111111000000000111111111111111111
11111111111111111101100100011100000000000000111111111000000000111111111111111111
11111111111111111101100100000111000000000000111111111000000000111111111111111111
11111111111111111101100100001011110000000000111111111000000000111111111111111111
11111111111111111101100110000111000000000000111111111000000000111111111111111111
11111111111111111101100110100111000000000000111111111000000000111111111111111111
11111111111111111101100111011001000000000000111111111000000000111111111111111111
11111111111111111101100101111000000000000000111111111000000000111111111111111111
11111111111111111101100101111100101100000000111111111000000000111111111111111111
01000000000000000000000000100001000011111111000000000000000000000000000111111111
00000000000000000000000000100000000100000000000000000000000000000000000111111111
00000000000000000000000000000001000100000000000000000000000000000000000111111111
00000000000000000000000000000001011000000000000000000000000000000000000111111111
01000000000000000000000000000000100000101111000000000000000000000000000111111111
01000000000000000000000000000000100000010111000000000000000000000000000111111111
01000000000000000000000000000000100010000010000000000000000000000000000111111111
01000000000000000000000000000000100001000101000000000000000000000000000111111111
01000000000000000000000000000000100010000011000000000000000000000000000111111111
01000000000000000000000000000000100011010001000000000000000000000000000111111111
01000000000000000000000000000000100011101000000000000000000000000000000111111111
01000000000000000000000000000000100011011100000000000000000000000000000111111111
10010000111111111111111111111111000000000000000011111000000000111111111111111111
10010000111111111111111111111111000000000000000001101000000000111111111111111111
10010000111111111111111111111111000000000000000000111000000000111111111111111111
10010000111111111111111111111111000000000000000000110000000000111111111111111111
10010000111111111111111111111111000000000000100001011000000000111111111111111111
10010000111111111111111111111111000000000000110010111000000000111111111111111111
10010000111111111111111111111111000000000000111101001000000000111111111111111111
10010000111111111111111111111111000000000000101111001000000000111111111111111111
10010000111111111111111111111111000000000000111011110000000000111111111111111111
00000000000000000000000000000000000000000000000000000000010011000000000111111111
00000000000000000000000000000000000000000000000000000000001011000000000111111111
00000000000000000000000000000000000000000000000000000000000100000000000111111111
00000000000000000000000000000000000000000000000000000000000100000000000111111111
00000000000000000000000000000000000000000000000000000100000001000000000111111111
00000000000000000000000000000000000000000000000000000010000001000000000111111111
00000000000000000000000000000000000000000000000000000001100010000000000111111111
00000000000000000000000000000000000000000000000000000110000100000000000111111111
00000000000000000000000000000000000000000000000000000110011000000000000111111111
11111111000001001111111111111111000000000000111111111000000000000000110111111111
11111111000001001111111111111111000000000000111111111000000000000000101111111111
11111111000001001111111111111111000000000000111111111000000000000000010111111111
11111111000001001111111111111111000000000000111111111000000000000000001111111111
11111111000001001111111111111111000000000000111111111000000000000000001111111111
11111111000001001111111111111111000000000000111111111000000000000000000111111111
11111111000001001111111111111111000000000000111111111000000000110000000111111111
11111111000001001111111111111111000000000000111111111000000000101000000111111111
11111111000001001111111111111111000000000000111111111000000000010110000111111111
11111111111111111111111111111111111111111111111111111111111111111111111000001111
11111111111111111111111111111111111111111111111111111111111111111111111000001110
11111111111111111111111111111111111111111111111111111111111111111111111000000101
11111111111111111111111111111111111111111111111111111111111111111111111000000010
11111111111111111111111111111111111111111111111111111111111111111111111000000001
11111111111111111111111111111111111111111111111111111111111111111111111110000011
11111111111111111111111111111111111111111111111111111111111111111111111111000001
11111111111111111111111111111111111111111111111111111111111111111111111110101001
11111111111111111111111111111111111111111111111111111111111111111111111101011110
