00100111111111111111110000000000000011100011111110111001111110001111111111111111100000101000000000000000000000000000000000000000000000000000111111111000001111111110000000001111111100000000000111111111
00110111111111111111110000000000000011111111111110111111111111111111111111111111100000101000000000000000000000000000000000000000111111111111111111111000001111111110000000001111111100000000000111111111
11000000000000000000000000000000000011111111111110111111111111111111111111111111100000000000000000000000000000000000000000000000000111111111111111111000001111111110000000001111111100000011111111111111
01000000000000000000000000000000000011111111111110111111111111111111111111111111100000000000000000000000000000000000000000000000000111111111111111111000001111111110000000001111111100000000000111111111
00000000000000000000000000000000000011100011111110111111111110001111111111111111100000000000000000000000000000000000000000000000000000000000111111111000001111111110000000001111111100000000000111111111
11000011101001111111110000000000000011100011111110111111111110001111111111111111100000000000000000000000000000000000000000000000000000000000111111111000001111111110000000001111111100000000000111111111
11000101110001111111110000000000000011100011111110111111111110001111111111111111100000000000000000000000000000000000000000000000000000000000111111111000001111111110000000001111111100000000000111111111
11000110110001111111110000000000000011100011111110111111111110001111111111111111100000000000000000000000000000000000000000000000000000000000111111111000001111111110000000001111111100000000000111111111
11000111010101111111110000000000000011100011111110111111111110001111111111111111100000101000000000000000000000000000000000000000000000000000111111111000001111111110000000001111111100000000000111111111
11000011101101111111110000000000000011100011111110111111111110001111111111111111100000000000000000000000000000000000000000000000000000000000111111111000001111111110000000001111111100000000000111111111
11000100010101111111110000000000000011100011111110111111111110001111111111111111100000000000000000000000000000000000000000000000000000000000111111111000001111111110000000001111111100000000000111111111
11000000111001111111110000000000000011100011111110111111111110001111111111111111100000101000000000000000000000000000000000000000000000000000111111111000001111111110000000001111111100000000000111111111
11000000000001111111110000000000000011100011111110111111111110001111111111111111100000101000000000000000000000000000000000000000000000000000111111111000001111111110000000001111111100000000000111111111
11000111111110110101000000000000000011100011111110111111111110001111111111111111100000101000000000000000000000000000000000000000000000000000111111111000001111111110000000001111111100000000000111111111
11000111111111011010000000000000000011100011111110111111111110001111111111111111100000101000000000000000010100000000000000000000000000000000111111111000001111111110000000001111111100000000000111111111
11000111111111101100010000000000000011100011111110111111111110001111111111111111100000101000000000000000000000000000000000000000000000000000111111111000001111111110000000001111111100000000000111111111
11000111111110110101010000000000000011100011111110111111111110001111111111111111100000101000000000000000000000000000000000000000000000000000111111111000001111111110000000001111111100000000000111111111
11000111111111011010100000000000000011100011111110111111111110001111111111111111100000101000000000000000000000000000000000000000000000000000111111111000001111111110000000001111111100000000000111111111
11000111111110100101100000000000000011100011111110111111111110001111111111111111100000101000000000000000000000000000000000000000000000000000111111111000001111111110000000001111111100000000000111111111
11000111111111001010100000000000000011100011111110111111111110001111111111111111100000101000000000000000000000000000000000000000000000000000111111111000001111111110000000001111111100000000000111111111
11000111111110000111000000000000000011100011111110111111111110001111111111111111100000101000000000000000000000000000000000000000000000000000111111111000001111111110000000001111111100000000000111111111
11000111111110011000000000000000000011100011111110111111111110001111111111111111100000101000000000000000000000000000000000000000000000000000111111111000001111111110000000001111111100000000000111111111
00000000000000000000000101000000000011100011111110111111111110001111111111111111100000000000000000000000000000000000000000000000000000000000111111111000001111111110000000001111111100000000000111111111
00000000000000000000001010101000000011100011111110111111111110001111111111111111100000000000000000000000000000000000000000000000000000000000111111111000001111111110000000001111111100000000000111111111
00000000000000000000000101110000000011100011111110111111111110001111111111111111100000000000000000000000000000000000000000000000000000000000111111111000001111111110000000001111111100000000000111111111
00000000000000000000001010110100000011100011111110111111111110001111111111111111100000000000000000000000000000000000000000000000000000000000111111111000001111111110000000001111111100000000000111111111
00000000000000000000000111011100000011100011111110111111111110001111111111111111100000000000000000000000000000000000000000000000000000000000111111111000001111111110000000001111111100000000000111111111
00000000000000000000000011100000000011100011111110111111111110001111111111111111100000000000000000000000000000000000000000000000000000000000111111111000001111111110000000001111111100000000000111111111
00000000000000000000000100100000000011100011111110011111111110001111111111111111100000000000000000000000000000000000000000000000000000000000111111111000001111111110000000001111111100000000000111111111
00000000000000000000000001100000000011100011111110111111111110001111111111111111100000000000000000000000000000000000000000000000000000000000111111111000001111111110000000001111111100000000000111111111
00000000000000000000000000000001100011100011111111111111111110001111111111111111100000000000000000000000000000000000000000000000000000000000111111111000001111111110000000001111111100000000000111111111
00000000000000000000000000000010100011100011111111111111111110001111111111111111100000000000000000000000000000000000000000000000000000000000111111111000001111111110000000001111111100000000000111111111
00000000000000000000000000000011011011100011111110111111111110001111111111111111100000000000000000000000000000000000000000000000000000000000111111111000001111111110000000001111111100000000000111111111
00000000000000000000000000000000100011100011111110111111111110001111111111111111100000000000000000000000000000000000000000000000000000000000111111111000001111111110000000001111111100000000000111111111
00000000000000000000000000000000100011100011111110111111111110001111111111111111100000000000000000000000000000000000000000000000000000000000111111111000001111111110000000001111111100000000000111111111
00000000000000000000000000000000000011100011111111111111111110001111111111111111100000000000000000000000000000000000000000000000000000000000111111111000001111111110000000001111111100000000000111111111
11111111111111111111111111111111111101011111111111111111111111111111111111111111100000101111111100000000000000000000011111111100000000000000111111111000001111111111111111111111111100000000000111111111
11111111111111111111111111111111111110100011111111111111111110001111111111111111100000101111111100000000000000000000011111111100000000000000111111111000001111111111111111111111111100000000000111111111
11111111111111111111111111111111111101010011111111111111111111111111111111111111100000101111111100000000000000000000011111111100000111111111111111111000001111111111111111111111111100000000000111111111
01110000000000000000000000000000000010100011111110111111111110001111111111111111100000000000000000000000000000000000000000000000000000000000111111111000001111111110000000001111111100000000000111111111
01110000000000000000000000000000000010000011111110111111111110001111111111111111100000000000000000000000000000000000000000000000000000000000111111111000001111111110000000001111111100000000000111111111
01110000000000000000000000000000000010000011111110111111111110001111111111111111100000000000000000000000000000000000000000000000000000000000111111111000001111111110000000001111111100000000000111111111
11111111111111111111111111111111111111111101101100111111111111111111111111111111100000101111111100000000000000000000011111111100000111111111111111111000001111111111111111111111111100000000000111111111
11111111111111111111111111111111111111111110110000111111111111111111111111111111100000101111111100000000000000000000011111111100000111111111111111111000001111111111111111111111111100000000000111111111
11111111111111111111111111111111111111111111010011111111111111111111111111111111100000101111111100000001000000000000011111111100000111111111111111111000001111111111111111111111111100000000000111111111
11111111111111111111111111111111111111111101101100111111111111111111111111111111100000101111111100000000000000000000011111111100000111111111111111111000001111111111111111111111111100000000000111111111
11111111111111111111111111111111111111111110010000111111111111111111111111111111100000101111111100000000000000000000011111111100000111111111111111111000001111111111111111111111111100000000000111111111
11111111111111111111111111111111111111111110010000111111111111111111111111111111100000101111111100000000000000000000011111111100000111111111111111111000001111111111111111111111111100000000000111111111
11111111111111111111111111111111111111111100100000111111111111111111111111111111100000101111111100000000000000000000011111111100000111111111111111111000001111111111111111111111111100000000000111111111
00000000000000000000000000000011000111100000100000111111111110001111111111111111100000000000000000000000000000000000000000000000000000000000111111111000001111111110000000001111111100000000000111111111
11111111111111111111111111110111111111111111111111010000111111111111111111111111100000101000000000000000000000000000000000000000000111111111111111111000001111111110000000001111111100000000000111111111
11111111111111111111111111111111111111111111111111100010111111111111111111111111100000101000000000000000000000000000000000000000000111111111111111111000001111111110000000001111111100000000000111111111
11111111111111111111111111111111111111111111111111000100111111111111111111111111100000101000000000000000000000000000000000000000000111111111111111111000001111111110000000001111111100000000000111111111
01111111111111111111111111111111111111111111111111001000111111111111111111111111100000101111111100000000000000000000011111111100000111111111111111111000001111111111111111111111111100000000000111111111
01111111111111111111111111111111111111111111111111010000111111111111111111111111100000101111111100000000000000000000011111111100000111111111111111111000001111111111111111111111111100000000000111111111
11111111111111111111111111111111111111111111111111000000111111111111111111111111100000101000000000000000000000000000000000000000000111111111111111111000001111111110000000001111111100000000000111111111
11111111111111111111111111111111111111111111111111111111010100001111111111111111100000101111111100000000000000000000011111111100000111111111111111111000001111111111111111111111111100000000000111111111
11111111111111111111111111111111111111111111111111111111101011001111111111111111100000101111111100000000000000000000011111111100000111111111111111111000001111111111111111111111111100000000000111111111
11111111111111111111111111111111111111111111111111111111010100011111111111111111100000101111111100000000000000000000011111111100000111111111111111111000001111111111111111111111111100000000000111111111
11111111111111111111111111111111111111111111111111111111101011101111111111111111100000101111111100000000000000000000011111111100011111111111111111111000001111111111111111111111111100000000000111111111
11111111111111111111111111111111111111111111111111111111010101101111111111111111100000101111111100000000000000000000011111111100001111111111111111111000001111111111111111111111111100000000000111111111
01110000000000000000000000000000000010100011111110111111010110101111111111111111100000000000000000000000000000000000000000000000000111111111111111111000001111111110000000001111111100000000000111111111
01110000000000000000000000000000000010100011111110111111000111001111111111111111100000000000000000000000000000000000000000000000000111111111111111111000001111111110000000001111111100000000000111111111
01110000000000000000000000000000000010100011111110111111001000001111111111111111100000000000000000000000000000000000000000000000000111111111111111111000001111111110000000001111111100000000000111111111
11111111111111111111111111111111111111111111111111111111111111110110100011111111100000101111111100000000000000000000011111111100000111111111111111111000001111111111111111111111111100000000000111111111
11111111111111111111111111111111111111111111111111111111111111111011010111111111100000101111111100000000000000000000011111111100000111111111111111111000001111111111111111111111111100000000000111111111
11111111111111111111111111111111111111111111111111111111111111111101111011111111100000101111111100000000000000000000011111111111010111111111111111111000001111111111111111111111111100000000000111111111
11111111111111111111111111111111111111111111111111111111111111110110100011111111100000101111111100000000000000000000011111111100000111111111111111111000001111111111111111111111111100000000000111111111
11111111111111111111111111111111111111111111111111111111111111111011010011111111100000101111111100000000000000000000011111111100000111111111111111111000001111111111111111111111111100000000000111111111
11111111111111111111111111111111111111111111111111111111111111110110101011111111100000101111111100000000000000000000011111111100000111111111111111111000001111111111111111111111111100000000000111111111
11111111111111111111111111111111111111111111111111111111111111110010010011111111100000101111111100000000000000000000011111111100000111111111111111111000001111111111111111111111111100000000000111111111
11111111111111111111111111111111111111111111111111111111111111110100000011111111100000101111111100000000000000000000011111111100000111111111111111111000001111111111111111111111111100000000000111111111
11111111111111111111111111111111111111111111111111111111111111111111111101110100000000101111111100000000000000000000011111111100000111111111111111111000001111111111111111111111111100000000000111111111
11111111111111111111111111111111111111111111111111111111111111111111111110111000000000101111111100000000000000000000011111111100000111111111111111111000001111111111111111111111111100000000011111111111
11111111111111111111111111111111111111111111111111111111111111111111111111011011000000101111111100000000000000000000011111111100000111111111111111111000001111111111111111111111111100000000000111111111
11111111111111111111111111111111111111111111111111111111111111111111111111101100100000101111111100000010101100000000011111111100000111111111111111111000001111111111111111111111111100000000000111111111
11111111111111111111111111111111111111111111111111111111111111111111111101110110000000101111111100000000000000000000011111111100000111111111111111111000001111111111111111111111111100000000000111111111
11111111111111111111111111111111111111111111111111111111111111111111111110011001000000101111111100000000000000000000011111111100000111111111111111111000001111111111111111111111111100000000000111111111
11111111111111111111111111111111111111111111111111111111111111111111111100101001100000101111111100000000000000000000011111111100000111111111111111111000001111111111111111111111111100000000000111111111
11111111111111111111111111111111111111111111111111111111111111111111111100100110100000101111111100000000000000000000011111111100000111111111111111111000001111111111111111111111111100000000000111111111
11111111111111111111111111111111111111111111111111111111111111111111111100010011000000101111111100000000000000000000011111111100000111111111111111111000001111111111111111111111111100000000000111111111
00000000000000000000000000000000000000000000000000000000000000000000000000000000000001111000000011111100000000000000000000000000000000000000111111111000001111111110000000001111111100000000000111111111
00000000000000000000000000000000000000000000000000000000000000000000000000000000000001011000000000000000000000000000000000000000000000000000111111111000001111111110000000001111111100000000000111111111
00000000000000000000000000000000000000000000000000000000000000000000000000000000000000111000000000000000000000000000000000000000000000000000111111111000001111111110000000001111111100000000000111111111
00000000000000000000000000000000000000000000000000000000000000000000000000000000000000111000000000000000000000000000000000000000000000000000111111111000001111111110000000001111111100000000000111111111
00000000000000000000000000000000000000000000000000000000000000000000000000000000011000110000000001111000000000000000000000000000000000000000111111111000001111111110000000001111111100000000000111111111
11000000100111111111110000000000000011100011111110111111111110001111111111111111110111001000000000101000000000000000000000000000000000000000111111111000001111111110000000001111111100000000000111111111
00000000000000000000000000000000000000000000000000000000000000000000000000000000011111000000000000000000000000000000000000000000000000000000111111111000001111111110000000001111111100000000000111111111
11000000100111111111110000000000000011100011111110111111111110001111111111111111111110100000000000000000000000000000000000000000000000000000111111111000001111111110000000001111111100000000000111111111
00000000000000000000000000000000000011100011111110000110111110001111111111111111100000000000001100000000000000000000011111111100000000000000111111111000001111111111111111111111111100000000000111111111
00000000000000000000000000000000000011100011111110000110111110001111111111111111100000000000001100000000000000000000011111111100000000000000111111111000001111111111111111111111111100000000000111111111
00000000000000000000000000000000000011100011111110000110111110001111111111111111100000000000001100000000000000000000011111111100000000000000111111111000001111111110000000001111111100000000000111111111
00000000000000000000000000000000000011100011111110000110111110001111111111111111100000000000001100000000000000000000011111111100000000000000111111111000001111111110000000001111111100000000000111111111
00000000000000000000000000000000000011100011111110000110111110001111111111111111100000000000000100000000000000000000000000000000000000000000111111111000001111111110000000001111111100000000000111111111
00000000000000000000000000000000000011100011111110000110111110001111111111111111100000000111100100000000000000000000011111111100000000000000111111111000001111111110000000001111111100000000000111111111
00000000000000000000000000000000000011100011111110000110111110001111111111111111100000000111111000000000000000000000011111111100000000000000111111111000001111111111111111111111111100000000000111111111
00000000000000000000000000000000000000000000000000000000000000000000000000000000010000000000000000011000000000000000000000000000000000000000111111111000001111111110000000001111111100000000000111111111
00000000000000000000000000000000000000000000000000000000000000000000000000000000010001000000000000001100000000000000000000000000000000000000111111111000001111111110000000001111111100000000000111111111
00000000000000000000000000000000000000000000000000000000000000000000000000000000010001100000000000000100000000000000000000000000000000000000111111111000001111111110000000001111111100000000000111111111
00000000000000000000000000000000000000000000000000000000000000000000000000000000010001000000000010000100000000000000000000000000000000000000111111111000001111111110000000001111111100000000000111111111
00000000000000000000000000000000000000000000000000000000000000000000000000000000010001100000000011000100000000000000000000000000000000000000111111111000001111111110000000001111111100000000000111111111
00000000000000000000000000000000000000000000000000000000000000000000000000000000010000000000000001111000000000000000000000000000000000000000111111111000001111111110000000001111111100000000000111111111
00000000000000000000000000000000000000000000000000000000000000000000000000010000000000000000000000000000111100000000000000000000000000000000111111111000001111111110000000001111111100000000000111111111
00000000000000000000000000000000000000000000100000000000000000000000000000000000000000000000000000000000001100000000000000000000000000000000111111111000001111111110000000001111111100000000000111111111
00000000000000000000000000000000000000000000000000000000000000000000000000010000000000000000000000000010001100000000000000000000000000000000111111111000001111111110000000001111111100000000000111111111
00000000000000100000000000000000000000000000000000000000000000000000000000000000000000000000000000000010000000000000000000000000000000000000111111111000001111111110000000001111111100000000000111111111
00000000000000000000000000000000000000000000000000000000000000000000000000010000000000000000000000000011100000000000000000000000000000000000111111111000001111111110000000001111111100000000000111111111
00000000000000100000000000000000000000000000000000000000000000000000000000010000000000000000000000000011100000000000000000000000000000000000111111111000001111111110000000001111111100000000000111111111
00000000000000000000000000000000000000000000000000000000000000000000000000000000000000000000000000000000000000000101100000000000000000000000111111111000001111111110000000001111111100000000000111111111
00000000000000000000000000000000000000000000000000000000000000000000000000000000000000000000000000000000000000000011100000000000000000000000111111111000001111111110000000001111111100000000000111111111
00000000000000000000000000000000000000000000000000000000000000000000000000000000000000000000000000000000000000000011100000000000000000000000111111111000001111111110000000001111111100000000000111111111
00000000000000000000000000000000000000000000000000000000000000000000000000000000000000000000000000000000000000000011100000000000000000000000111111111000001111111110000000001111111100000000000111111111
00000000000000000000000000000000000000000000000000000000000000000000000000000000000000000000000000000000000000000001100000000000000000000000111111111000001111111110000000001111111100000000000111111111
00000000000000000000000000000000000000000000000000000000000000000000000000000000000000000000000000000000000010000000100000000000000000000000111111111000001111111110000000001111111100000000000111111111
00000000000000000000000000000000000000000000000000000000000000000000000000000000000000000000000000000000000001110000100000000000000000000000111111111000001111111110000000001111111100000000000111111111
00000000000000000000000000000000000000000000000000000000000000000000000000000000000000000000000000000000000011111000100000000000000000000000111111111000001111111110000000001111111100000000000111111111
00000000000000000000000000000000000000000000000000000000000000000000000000000000000000000000000000000000000011111111000000000000000000000000111111111000001111111110000000001111111100000000000111111111
00000000000000000000000000000000000011100011111110000110111110001111111111111111100000000111101100000000000000000000000000111100000000000000111111111000001111111110000000001111111100000000000111111111
00000000000000000000000000000000000011100011111110000110111110001111111111111111100000000111101100000000000000000000000000111100000000000000111111111000001111111110000000001111111100000000000111111111
00000000000000000000000000000000000011100011111110000110111110001111111111111111100000000111101100000000000000000000000000101100000000000000111111111000001111111110000000001111111100000000000111111111
00000000000000000000000000000000000011100011111110000110111110001111111111111111100000000111101100000000000000000000000000011100000000000000111111111000001111111110000000001111111100000000000111111111
00000000000000000000000000000000000011100011111110000110111110001111111111111111100000000111101100000000000000000000000000000100000000000000111111111000001111111110000000001111111100000000000111111111
00000000000000000000000000000000000011100011111110000110111110001111111111111111100000000111101100000000000000000000011100001100000000000000111111111000001111111110000000001111111100000000000111111111
00000000000000000000000000000000000011100011111110000110111110001111111111111111100000000111101100000000000000000000011010000000000000000000111111111000001111111110000000001111111100000000000111111111
00000000000000000000000000000000000011100011111110000110111110001111111111111111100000000111101100000000000000000000011110100100000000000000111111111000001111111110000000001111111100000000000111111111
00000000000000000000000000000000000011100011111110000110111110001111111111111111100000000111101100000000000000000000011111101000000000000000111111111000001111111110000000001111111100000000000111111111
00000000000000000000000000000000000000000000000000000000000000000010000000000000000000000000000000000000000000000000000000000000111000000000111111111000001111111110000000001111111100000000000111111111
00000000000000000000000000000000000000000000000000000000000000000010000000000000000000000000000000000000000000000000000000000000000000000000111111111000001111111110000000001111111100000000000111111111
01000000000000000000000000000000000000000000000000000000000000000000000000000000000000000000000000000000000000000000000000000010011000000000111111111000001111111110000000001111111100000000000111111111
01000000000000000000000000000000000000000000000000000000000100000010000000000000000000000000000000000000000000000000000000000010101000000000111111111000001111111110000000001111111100000000000111111111
01000000000000000000000000000000000000000000000000000000000110000000000000000000000000000000000000000000000000000000000000000010110000000000111111111000001111111110000000001111111100000000000111111111
01110000000000000000000000000000000000100011111110111111111111111111111111111111100000000000000000000000000000000000000000000000000000101100111111111000001111111110000000001111111100000000000111111111
01110000000000000000000000000000000000100011111110111111111111111111111111111111100000000000000000000000000000000000000000000000000000010101111111111000001111111110000000001111111100000000000111111111
01110000000000000000000000000000000000100011111110111111111111111111111111111111100000000000000000000000000000000000000000000000000000001111111111111000001111111110000000001111111100000000000111111111
01110000000000000000000000000000000000100011111110111111111111111111111111111111100000000000000000000000000000000000000000000000000100000001111111111000001111111110000000001111111100000000000111111111
01110000000000000000000000000000000000100011111110111111111111111111111111111111100000000000000000000000000000000000000000000000000010000011111111111000001111111110000000001111111100000000000111111111
01110000000000000000000000000000000000100011111110111111111111111111111111111111100000000000000000000000000000000000000000000000000101000011111111111000001111111110000000001111111100000000000111111111
01110000000000000000000000000000000000100011111110111111111111111111111111111111100000000000000000000000000000000000000000000000000111000011111111111000001111111110000000001111111100000000000111111111
01110000000000000000000000000000000000100011111110111111111111111111111111111111100000000000000000000000000000000000000000000000000001011101111111111000001111111110000000001111111100000000000111111111
01110000000000000000000000000000000000100011111110111111111111111111111111111111100000000000000000000000000000000000000000000000000011111110111111111000001111111110000000001111111100000000000111111111
11111111111111111111111111111111111111111111111111111111111111111111111111111111111111111111111111111111111111111111111111111111111111111111000001110001011111111111111111111111111100000000000111111111
11111111111111111111111111111111111111111111111111111111111111111111111111111111111111111111111111111111111111111111111111111111111111111111000000111000001111111111111111111111111100000000000111111111
11111111111111111111111111111111111111111111111111111111111111111111111111111111111111111111111111111111111111111111111111111111111111111111000000010000001111111111111111111111111100000000000111111111
11111111111111111111111111111111111111111111111111111111111111111111111111111111111111111111111111111111111111111111111111111111111111111111000000001000001111111111111111111111111100000000000111111111
11111111111111111111111111111111111111111111111111111111111111111111111111111111111111111111111111111111111111111111111111111111111111111111000000000000001111111111111111111111111100000000000111111111
11111111111111111111111111111111111111111111111111111111111111111111111111111111111111111111111111111111111111111111111111111111111111111111100000101000001111111111111111111111111100000000000111111111
11111111111111111111111111111111111111111111111111111111111111111111111111111111111111111111111111111111111111111111111111111111111111111111110001001110111111111111111111111111111100100101011111111111
11111111111111111111111111111111111111111111111111111111111111111111111111111111111111111111111111111111111111111111111111111111111111111111111000001000001111111111111111111111111100000000000111111111
11111111111111111111111111111111111111111111111111111111111111111111111111111111111111111111111111111111111111111111111111111111111111111111010101110000001111111111111111111111111100000000000111111111
00000000000000000000000000000000000000000000000000000000000000000000000000000000000000000000000000000000000000000000000000000000000000000000000000100000111111111110000000001111111100000000000111111111
00000000000000000000000000000000000000000000000000000000000000000000000000000000000000000000000000000000000000000000000000000000000000000000000000100000011111111110000000001111111100000000000111111111
00000000000000000000000000000000000000000000000000000000000000000000000000000000000000000000000000000000000000000000000000000000000000000000100000000000111111111110000000001111111100000000000111111111
00000000000000000000000000000000000000000000000000000000000000000000000000000000000000000000000000000000000000000000000000000000000000000000000000100101001111111110000000001111111100000000000111111111
00000000000000000000000000000000000000000000000000000000000000000000000000000000000000000000000000000000000000000000000000000000000000000000100000100111001111111110000000001111111100000000000111111111
11111111111111111111111111111111111111111111111111111111111111111111111111111111111111111111111111111111111111111111111111111111111111111111111111111111110001101111111111111111111100000000000111111111
11111111111111111111111111111111111111111111111111111111111111111111111111111111111111111111111111111111111111111111111111111111111111111111111111111111110000011011111111111111111100000000000111111111
11111111111111111111111111111111111111111111111111111111111111111111111111111111111111111111111111111111111111111111111111111111111111111111111111111111110000010101111111111111111100000000000111111111
11111111111111111111111111111111111111111111111111111111111111111111111111111111111111111111111111111111111111111111111111111111111111111111111111111111111000101001111111111111111111100100000111111111
11111111111111111111111111111111111111111111111111111111111111111111111111111111111111111111111111111111111111111111111111111111111111111111111111111111111001000111111111111111111100000000000111111111
11111111111111111111111111111111111111111111111111111111111111111111111111111111111111111111111111111111111111111111111111111111111111111111111111111111110110000111111111111111111100000000000111111111
11111111111111111111111111111111111111111111111111111111111111111111111111111111111111111111111111111111111111111111111111111111111111111111111111111111111101000111111111111111111100000000000111111111
11111111111111111111111111111111111111111111111111111111111111111111111111111111111111111111111111111111111111111111111111111111111111111111111111111111111010111011111111111111111100000000000111111111
11111111111111111111111111111111111111111111111111111111111111111111111111111111111111111111111111111111111111111111111111111111111111111111111111111111111100111101111111111111111100000000000111111111
00000000000000000000000000000000000011100011111110000110111110001111111111111111100000000110000100000000000000000000000000000000000000000000111111111000001111111110000010111111111100000000000111111111
00000000000000000000000000000000000011100011111110000110111110001111111111111111100000000110000100000000000000000000000000000000000000000000111111111000001111111110000001011111111100000000000111111111
00000000000000000000000000000000000011100011111110000110111110001111111111111111100000000110000100000000000000000000000000000000000000000000111111111000001111111110000001011111111100000000000111111111
00000000000000000000000000000000000011100011111110000110111110001111111111111111100000000110000100000000000000000000000000000000000000000000111111111000001111111110000001011111111100000000000111111111
00000000000000000000000000000000000011100011111110000110111110001111111111111111100000000110000100000000000000000000000000000000000000000000111111111000001111111110000000111111111100000000000111111111
00000000000000000000000000000000000011100011111110000110111110001111111111111111100000000110000100000000000000000000000000000000000000000000111111111000001111111111000000111111111100000000000111111111
00000000000000000000000000000000000011100011111110000110111110001111111111111111100000000110000100000000000000000000000000000000000000000000111111111000001111111110111000001111111100000000000111111111
00000000000000000000000000000000000011100011111110000110111110001111111111111111100000000110000100000000000000000000000000000000000000000000111111111000001111111111000110011111111100000000000111111111
00000000000000000000000000000000000011100011111110000110111110001111111111111111100000000110000100000000000000000000000000000000000000000000111111111000001111111111111110101111111100000000000111111111
11111111111111111111111111111111111111111111111111111111111111111111111111111111111111111111111111111111111111111111111111111111111111111111111111111111111111111111111111110000101100000000000111111111
11111111111111111111111111111111111111111111111111111111111111111111111111111111111111111111111111111111111111111111111111111111111111111111111111111111111111111111111111110000010100000000000111111111
11111111111111111111111111111111111111111111111111111111111111111111111111111111111111111111111111111111111111111111111111111111111111111111111111111111111111111111111111110000010100000000000111111111
11111111111111111111111111111111111111111111111111111111111111111111111111111111111111111111111111111111111111111111111111111111111111111111111111111111111111111111111111110000001000000000000111111111
11111111111111111111111111111111111111111111111111111111111111111111111111111111111111111111111111111111111111111111111111111111111111111111111111111111111111111111111111111000000100000000000111111111
11111111111111111111111111111111111111111111111111111111111111111111111111111111111111111111111111111111111111111111111111111111111111111111111111111111111111111111111111110110001100000000000111111111
11111111111111111111111111111111111111111111111111111111111111111111111111111111111111111111111111111111111111111111111111111111111111111111111111111111111111111111111111111001010000000000000111111111
11111111111111111111111111111111111111111111111111111111111111111111111111111111111111111111111111111111111111111111111111111111111111111111111111111111111111111111111111111110110000000000000111111111
00000000000000000000000000000000000000000000000000000000000000000000000000000000000000000000000000000000000000000000000000000000000000000000000000000000000001000000000000000000000000011100000111111111
00000000000000000000000000000000000000000000000000000000000000000000000000000000000000000000000000000000000000000000000000000000000000000000000000000000000001000000000000000000000000011100000111111111
00000000000000000000000000000000000000000000000000000000000000000000000000000000000000000000000000000000000000000000000000000000000000000000000000100000000001000000000000000000000000001100000111111111
00000000000000000000000000000000000000000000000000000000000000000000000000000000000000000000000000000000000000000000000000000000000000000000000000000000000000000000000000000000000011001100000111111111
00000000000000000000000000000000000000000000000000000000000000000000000000000000000000000000000000000000000000000000000000000000000000000000000000000000000000000000000000000000000011110100000111111111
00000000000000000000000000000000000000000000000000000000000000000000000000000000000000000000000000000000000000000000000000000000000000000000000000100000000001000000000000000000000011111000000111111111
00100000000000000000000000000000000000000000000000000000000000000000000000000000000000000000000000000000000000000000000000000000000000000000000000000000000000000000000000000000000000000000110111111111
00100000000000000000000000000000000000000000000000000000000000000000000000000000000000000000000000000000000000000000000000000000000000000000000000100000000000000000000000000000000000000000011111111111
00100000000000000000000000000000000000000000000000000000000000000000000000000000000000000000000000000000000000000000000000000000000000000000000000000000000000000000000000000000000000000010001111111111
00100000000000000000000000000000000000000000000000000000000000000000000001000000000000000000000000000000000000000000000000000000000000000000000000100000000000000000000000000000000000000011001111111111
00100000000000000000000000000000000000000000000000000000000000000000000001000000000000000000000000000000000000000000000000000000000000000000000000100000000000000000000000000000000000000001110111111111
11111111111111111111111111111111111111111111111111111111111111111111111111111111111111111111111111111111111111111111111111111111111111111111111111111111111111111111111111111111111111111111111000011111
11111111111111111111111111111111111111111111111111111111111111111111111111111111111111111111111111111111111111111111111111111111111111111111111111111111111111111111111111111111111111111111111000001111
11111111111111111111111111111111111111111111111111111111111111111111111111111111111111111111111111111111111111111111111111111111111111111111111111111111111111111111111111111111111111111111111000000101
11111111111111111111111111111111111111111111111111111111111111111111111111111111111111111111111111111111111111111111111111111111111111111111111111111111111111111111111111111111111111111111111000000010
11111111111111111111111111111111111111111111111111111111111111111111111111111111111111111111111111111111111111111111111111111111111111111111111111111111111111111111111111111111111111111111111100000100
11111111111111111111111111111111111111111111111111111111111111111111111111111111111111111111111111111111111111111111111111111111111111111111111111111111111111111111111111111111111111111111111110000011
11111111111111111111111111111111111111111111111111111111111111111111111111111111111111111111111111111111111111111111111111111111111111111111111111111111111111111111111111111111111111111111111111010001
11111111111111111111111111111111111111111111111111111111111111111111111111111111111111111111111111111111111111111111111111111111111111111111111111111111111111111111111111111111111111111111111110101001
11111111111111111111111111111111111111111111111111111111111111111111111111111111111111111111111111111111111111111111111111111111111111111111111111111111111111111111111111111111111111111111111111001110
