0001011000000000000000000001000000000000000000000000000000000111111111
0000111000000000000000000001000000000000000000000000000000000111111111
0000100000000000000000000001000000000000000000000000000000000111111111
1000011000000000000000000001000000000000000000000000000000000111111111
0110011000000000000000000001000000000000000000000000000000000111111111
1101101000000000000000000001000000000000000000000000000000000111111111
1101110000000000000000000001000000000011111111000000000000000111111111
0000000000001011000000000001000000000000000000000000000000000111111111
0000000000001011000000000001000000000000000000000000000000000111111111
0000000000000101000000000001000000000000000000000000000000000111111111
0000000000000100000000000001000000000000000000000000000000000111111111
0000000000000010000000000001000000000000000000000000000000000111111111
0000000110000001000000000001000000000000000000110001000000000111111111
0000000001100001000000000001000000000000000000000000000000000111111111
0000000110010001000000000001000000000000000000000000000000000111111111
0000000111001110000000000001000000000000000000000000000000000111111111
0000000000000000011000000001000000000000000000000000000000000111111111
0000000000000000101000000001000000000000000000000000000000000111111111
0000000000000000110000000001000000000000000000000000000000000111111111
0000000000000000000010000001000000000000000000000000000000000111111111
0000000000000000000100000001000000000000000000000000000000000111111111
0000000000000000000000111111100000000000000000000000000000000111111111
0000000000000000000001010001000000000000000000000000000000000111111111
0000000000000000000001101000000000000000000000000000000000000111111111
0000000000000000000001010110000000000000000000000000000000000111111111
0000000000000000000001001000000000000000000000000000000000000111111111
0000000000000000000001001000000000000000000000000000000000000111111111
1111111111111111111111100000011111111111111111000000000000000000000000
0000000000000000000001000000000000000000000000000000000000000000000000
0000000000000000000000000001000010111100000000000000000000000111111111
0000000000000000000000000001000001011100000000000000000000000111111111
0000000000000000000000000001000000111000000000000000000000000111111111
0000000000000000000000000001010000100100000000000000000000000111111111
0000000000000000000000000001001000000000000000000000000000000111111111
0000000000000000000000000001010110001100000000000000000000000111111111
0000000000000000000000000001011100000100000000000000000000000111111111
0000000000000000000000000001011100100100000000000000000000000111111111
0000000000000000000000000001011010111000000000000000000000000111111111
0000001000000000000000000001000000000000000101000000000000000111111111
0000001000000000000000000001000000000000000011000000000000000111111111
0000001000000000000000000001000000000000000001000000000000000111111111
0000001000000000000000000001000000000000000001000000000000000111111111
0000001000000000000000000001000000000000000000000000000000000111111111
0000001000000000000000000001000000000010000001000000000000000111111111
0000001000000000000000000001000000000001000000000000000000000111111111
0000001000000000000000000001000000000011110100000000000000000111111111
0000000000001000000000000000000000000000000000000001000000000000000000
0000000000001000000000000000000000000000000000000000000000000000000000
0000000000000000000000000000000000000000000000000011000000000000000000
0000000000000000000000000000000000000000000000000010000000000000000000
0000000000000000000000000000000000000000000000001101000000000111111111
0000000000001000000000000000000000000000000000101010000000000000000000
0000000000000000000000000000000000000000000000000000000010101000000000
0000000000000000000000000000000000000000000000000000000001011000000000
0000000000000000000000000000000000000000000000000000000000111000000000
0000000000000000000000000000000000000000000000000000000000010000000000
0000000000000000000000000000000000000000000000000000100000001000000000
0000000000000000000000000000000000000000000000000000010000011000000000
0000000000000000000000000000000000000000000000000000101000001000000000
0000000000000000000000000000000000000000000000000000011101000000000000
0000000000000000000000000000000000000000000000000000111011100000000000
1111111111111111111111111110011111111111111111000010000000000000101111
1111111111111111111111111110011111111111111111000010000000000000010111
1111111111111111111111111110011111111111111111000010000000000000001010
1111111111111111111111111110011111111111111111000010000000000100000101
1111111111111111111111111110011111111111111111000010000000000010000111
1111111111111111111111111110011111111111111111000010000000000101000001
1111111111111111111111111110011111111111111111000010000000000110110001
1111111111111111111111111110011111111111111111000010000000000111010001
1111111111111111111111111110011111111111111111000010000000000110111110
