01111000000001111111111111111111111011110011111111111111111111111100000000000111110000000000000000111010001111111111111111111111111111110110000000000111111111111111000000001111111100000000000000000000
10111000000001111111111111111111111011110011111111111111111111111100000000000111110000000000000000111010001111111111111111111111111111110110000000000111111111111111000000001111111100000000000000000000
11010101111110100101111111111111111111111111111111111111111111111100000000000111110000000001111111111010001111111111111111100000000011110110000000000111111111111111000000001111111111000100000000000001
11100101111111111111111111111111111111111111111111111111111111111100000000000111110000000001111111111010001111111111111111111111111111110110000000000111111111111111000000001111111100000000000000000001
11000111111111101011111111111111111111111111111111111111111111111100000000000111110000000001111111111010001111111111111111111111111111110110000000000111111111111111000000001111111100000000000000000001
00111010000001111111111111111111101011110011111111000111011111111100000000000111110000000000000000111010001111111111111111111111111111110110000000000111111111111111000000001111111100000000000000000000
00001100000001111111111111111111111011110011111111111111111111111100000000000111110000000000000000111010001111111111111111111111111111110110000000000111111111111111000000001111111100000000000000000000
00111000111001111111111111111111111111111111111111111111111111111100000000000111110000000000000000111010001111111111111111111111111111110110000000000111111111111111000000001111111100000000000000000000
00111001011001111111111111111111111111111111111111111111111111111100000000000111110000000001111111111010001111111111111111111111111111110110000000000111111111111111000000001111111100000000000000000000
00111001101111111111111111111111111111111111111111111111111111111100000000000111110000000000000000111010001111111111111111111111111111110110000000000111111111111111000000001111111100000000000000000000
00111001110101111111111111111111111111111111111111111111111111111100000000000111110000000001111111111010001111111111111111111111111111110110000000000111111111111111000000001111111100000000000000000001
00111000011001111111111111110010011111111111111111111111111111111100000000000111110000000001111111111010001111111111111111111111111111110110000000000111111111111111000000001111111100000000000000000000
00111000010001111111111111111111111011110011111111111111111111111100000000000111110000000000000000111010001111111111111111111111111111110110000000000111111111111111000000001111111100000000000000000001
11011111111110110001111111111111111111111111111111111111111111111100000000000111110000000001111111111010001111111111111111100000000011110110000000000111111111111111000000001111111100000000000000000001
11111111111111010001111111111111111111111111111111111111111111111100000000000111110000000001111111111010001111111111111111100000000011110110000000000111111111111111000000001111111100000000000000000001
11010111111111101101111111111111111111111111111111111111111111111100000000000111110000000001111111111010001111111111111111111111111111110110000000000111111111111111000000001111111100000000000000000001
11011111111110010011111111111111111111111111111111111111111111111100000000000111110000000001111111111010001111111111111111100000000011110110000000000111111111111111000000001111111100000000000000000001
11110111111110010001111111111111111111111111111111111111111111111100000000000111110000000001111111111010001111111111111111100000000011110110000000000111111111111111000000001111111100000000000000000001
11011111111110001001111111111111111111111111111111111111111111111100000000000111110000000001111111111010001111111111111111100000000011110110000000000111111111111111000000001111111100000000000000000001
11111111111111111110111010001111111111111111111111111111111111111100000000000010000000000001111111111010001111111111111111111111111111110110000000000111111111111111000000001111111100000000000000000001
11111111111111111111011011011111111111111111111111111111111111111100000000000111110000000001111111111010001111111111111111111111111111110110000000000111111111111111000000001111111100000000000000000001
11111111111111111111101100101111111111111111111111111111111111111100000000000111110000000001111111111010001111111111111111111111111111110110000000000111111111111111000000001111111100000000000000000001
11111111111111111111110101011111111111111111111111111111111111111100000000100111110000000001111111111010001111111111111111111111111111111111000000000111111111111111000000001111111100000000000000000001
11111111111111111110011010011111111111111111111111111111111111111100000000000111100000000001111111111010001111111111111111111111111111110110000000000111111111111111000000001111111100000000000000000001
11111111111111111111100101101111111111111111111111111111111111111100000000000111110000000001111111111010001111111111111111111111111111110110000000000111111111111111000000001111111100000000000000000001
11111111111111111110101010101111111111111111111111111111111111111100000000000111110000000001111111111010001111111111111111111111111111110110000000000111111111111111000000001111111100000000000000000001
11111111111111111110010011001111111111111111111111111111111111111100000000000111110000000001111111111010001111111111111111111111111111110110000000000111111111111111000000001111111100000000000000000001
11111111111111111110101100001111111111111111111111111111111111111100000000000111110000000001111111111010001111111111111111111111111111110110000000000111111111111111000000001111111100000000000000000001
11111111111011111111111111110110001111111111111111111111111111111100000000000111110000000001111111111010001111111111111111111111111111110110000000000111111111111111000000001111111100000000000000000001
11111111111011111111111111111010101111111111111111111111111111111100000000000111110000000001111111111010001111111111111111111111111111110110000000000111111111111111000000001111111100000000000000000001
11111111111111111111111111111101011111111111111111111111111111111100000000000111110000000001111111111010001111111111111111111111111111110110000000000111111111111111000000001111111100000000000000000001
11111111111011111111111111110010111111111111111111111111111111111100000000000111110000000001111111111010001111111111111111111111111111110110000000000111111111111111000000001111111100000000000000000001
11111111111011111111111111110101011111111111111111111111111111111100000000000111110000000001111111111010001111111111111111111111111111110110000000000111111111111111000000001111111100000000000000000001
11111011111111111111111111110011101111111111111111001000011111111100000000000111110000000001111111111010001111111111111111111111111111110110000000000111111111111111000000001111111100000000000000000001
11111111111111111111111111111111110111000011111111111111111111111100000000000111110000000001111111111010001111111111111111111111111111110110000000000111111111111111000000001111111100000000000000000001
00111001111101111111111111111111111011101111111111111111111111111100000000000111110000000000000000111010001111111111111111111111111111110110000000000111111111111111000000001111111100000000000000000001
11111111111111111111111111111111111101100011111111111111111111111100000000001111110000000001111111111010001111111111111111111111111111110110000000000111111111111111000000001111111100000000000000000001
11111111111111111111111111111111111110110011111111111111111111111100000000000111110000000001111111111010001111111111111111111111111111110110000000000111111111111111000000001111111100000000000000000001
11111111111111111111111111111111110111000011111111111111111111111100000000000111110000000001111111111010001111111111111111111111111111110110000000000111111111111111000000001111111100000000000000000001
11111111111111111111111111111111110001000011111111111111111111111100000000000111110000000001111111111010001111111111111111111111111111110110000000000111111111111111000000001111111100000000000000000001
00111001111101111111111111111111110100000011111111111111111111111100000000000111110000000000000000111010001111111111111111111111111111110110000000000111111111111111000000001111111100000000000000000001
00111001111101111111111111111111110100000011111111111111111111111100000000000111110000000000000000111010001111111111111111111111111111110110000000000111111111111111000000001111111100000000000000000001
11111111111111111111111111111111111111111101110000111111111111111100000000000111110000000001111111111010001111111111111111111111111111110110000000000111111100000000000000000000000000000000000000000001
11111111111111111111111111111111111111111110110000111111111111111100000000000111110000000001111111111010001111111111111111111111111111110110000000000111111111111111000000001111111100000000000000000001
11111111111111111111111111111111111111111111010100111111111111111100000000000111110000000001111111111010001111111111111111111111111111110110000000000111111100000000000000000000000000000000000000000001
11111111111111111111111111111111111111111111101011111111111111111100000000000111110000000001111111111010001111111111111111111111111111110110000000000111111100000000000000000000000000000001110100000001
11111111111111111111111111111111111111111100010100111111111111111100000000000111110000000001111111111010001111111111111111111111111111110110000000000111111100000000000000000000000000000000000000000001
11111111111111111111111111111111111111111100101000111111111111111100000000000111110000000001111111111010001111111111111111111111111111110110000000000111111100000000000000000000000000000000000000000001
11111111111111111111111111111111111111111100010000111111111111111100000000000111110000000001111111111010001111111111111111111111111111110110000000000111111100000000000000000000000000000000000000000001
11111111111111111111111111111111111111111100010000111111111111111100000000000111110000000001111111111010001111111111111111111111111111110110000000000111111100000000000000000000000000000000000000000001
11111011111111111111111111111111101111111111111111011000111111111100000000101111110000000001111111111010001111111111111111111111111111111111000000000111111111111111000000001111111100000000000000000001
11111011111111111111111111111111101111111111111111101100011111111100000000000111110000000001111111111010001111111111111111111111111111110110000000000111111111111111000000001111111100000000000000000001
11111011111111111111111111111111111111111111111111110100111111111100000000000111110000000001111111111010001111111111111111111111111111110110000000000111111111111111000000001111111100000001110100000001
11111111111111111111111111111111101111111111111111011011011111111100000000000111110000000001111111111010001111111111111111111111111111110110000000000111111111111111000000001111111100000000000000000001
11111111111111111111111111111111101111111111111111000100011111111100000000000111110000000001111111111010001111111111111111111111111111110110000000000111111111111111000000001111111100000000000000000001
11111111111111111111111111111111101111111111111111000100011111111100000000000111110000000001111111111010001111111111111111111111111111110110000000000111111111111111000000001111111100000000000000000001
11111011111111111111111111111111101111111111111111101000011111111100000000000111110000000001111111111010001111111111111111111111111111110110000000000111111111111111000000001111111100000000000000000001
11111111111111111111111111111111111111111111111111111111101100100000000000000111110000000001111111111010001111111111111111111111111111110110000000000111111111111111000000001111111100000000000000000001
11111111111111111111111111111111111111111111111111111111110111010000000000000111110000000001111111111010001111111111111111111111111111110110000000000111111111111111000000001111111100000000000000000001
11111111111111111111111111111111111111111111111111111111111011010000000000000111110000000001111111111010001111111111111111111111111111111111000000000111111111111111000000001111111100000000000000000001
11111111111111111111111111111111111111111111111111111111101100100000000000000111110000000001111111111010001111111111111111111111111111110110000000000111111111111111000000001111111100000000000000000001
11111111111111111111111111111111111111111111111111111111101100100000000000000111110000000001111111111010001111111111111111111111111111110110000000000111111111111111000000001111111100000000000000000001
11111111111111111111111111111111111111111111111111111111110011000000000000000111110000000001111111111010001111111111111111111111111111110110000000000111111111111111000000001111111100000000000000000001
11111111111111111111111111111111111111111111111111111111101100001100000000000111110000000001111111111010001111111111111111111111111111110110000000000111111111111111000000001111111100000000000000000001
11111111111111111111111111111111111111111111111111111111100000010000000000000111110000000001111111111010001111111111111111111111111111110110000000000111111111111111000000001111111100000000000000000001
11111111111111111111111111111111111111111111111111111111100000010000000000000111110000000001111111111010001111111111111111111111111111110110000000000111111111111111000000001111111100000000000000000001
00000000000000000000000000000000000000000000000000000000000000000000000111000111110000000000000000111010001111111111111101100000000011110110000000000111111100000000000000000000000000000000000000000000
00000000000000000000000000000000000000000000000000000000000000000000000111000111110000000000000000111010001111111111111111100000000011110110000000000111111100000000000000000000000000000000000000000000
00000000000000000000000000000000000000000000000000000000000000000000000001000111110000000000000000111010001111111111111111100000000011110110000000000111111100000000000000000000000000000000000000000000
00000000000000000000000000000000000000000000000000000000000000000000000001000111110000000000000000111010001111111111111111100000000011110110000000000111111100000000000000000000000000000000000000000000
00000000000000000000000000000000000000000000000000000000000000000000000001000011010000000000000000111010001111111111111111100000000011110110000000000111111100000000000000000000000000000000000000000000
00000000000000000000000000000000000000000000000000000000000000000011000001000111110000000000000000111111111111111111111111100000000011110110000000000111111100000000000000000000000000000000000000000000
00000000000000000000000000000000000000000000000000000000000000000011000001000111110000000000000000111111111111111111111111100000000011110110000000000111111100000000000000000000000000000000000000000000
00000000000000000000000000000000000000000000000000000000000000000011111110000111110000000000000000111111111111111111111111100000000011110110000000000111111100000000000000000000000000000000000000000000
00000000000000000000001000000000000000000000000000100000000000000000000000001111110000000000000000111010001111111111101111000000000011110110000000000111111000000000000000000000000000000000000000000000
00000000000000000000000000000000000000000000000000000000000000000000000000001111110000000000000000111010001111111111111111100000000011110110000000000111111100000000000000000000000000000000000000000000
00000000000000000000000000000000000010000000000000100000000000000000000000110111110000000000000000111010001111111111111111100000000011111111000000000111111100000000000000000000000000000000000000000000
11111111111111111110111111111111111111111111111111111111111111111111110111111011010000000001111111111111111111111111111111111111111111111111000000000111111111111111000000001111111100000000000000000001
11111111111111111111111111111111111111111111111111111111111111111111111111111101010000000001111111111111111111111111111111111111111111111111000000000111111111111111000000001111111100000000000000000001
11111111111111111110111111111111111111111111111111111111111111111111111111111110100000000001111111111111111111111111111111111111111111111111000000000111111111111111000000001111111100000000000000000001
11111111111111111110111111111111111111111111111111111111111111111111110111111001000000000001111111111111111111111111111111111111111111111111000000000111111111111111000000001111111100000000000000000001
11111111111111111110111011111111111111111111111111111111111111111111111111111110000000000001111111111111111111111111111111111111111111111111000000000111111111111111000000001111111100000000000000000001
00000000000000000000000000000000000000000000000000000000000000000000000000000000000110010100000000111010001111111111101111000000000011110110000000000111111100000000000000000000000000000000000000000000
00000000000000000000000000000000000000000000000000000000000000000000000000000000001011000000000000111010001111111111111111100000000011110110000000000111111100000000000000000000000000000000000000000000
00000000000000000000000000000000000000000000000000000000000000000000000000000000001101100100000000111010001111111111111111100000000011110110000000000111111100000000000000000000000000000000000000000000
00000000000000000000000000000000000000000000000000000000000000000000000000000000000110111000000000111010001111111111111111100000000011110110000000000111111100000000000000000000000000000000000000000000
00000000000000000000000000000000000000000000000000000000000000000000000000000000000011010000000000111010001111111111111111100000000011110110000000000111111100000000000000000000000000000000000000000000
00000000000000000000000000000000000000000000000000000000000000000000000000000000001001101000000000111010001111111111111111100000000011110110000000000111111100000000000000000000000000000000000000000000
00000000000000000000000000000000000000000000000000000000000000000000000000000000000001010000000000111010001111111111111111100000000011110110000000000111111100000000000000000000000000000000000000000000
00000000000000000000000000000000000000000000000000000000000000000000000000000000001010000000000000111010001111111111111111100000000011110110000000000111111100000000000000000000000000000000000000000000
00000000000000000000000000000000000000000000000000000000000000000000000000000000000000000000000000111010001111111111111111100000000011110110000000000111111100000000000000000000000000000000000000000000
00111000101101111111111111111111111011110011111111111111111111111100000000000111110000000000110000111010001111111111111111111111111111110110000000000111111111111111000000001111111100000000000000000000
00111000101101111111111111111111111011110011111111111111111111111100000000000111110000000001011000111010001111111111111111111111111111110110000000000111111111111111000000001111111100000000000000000000
00111000101101111111111111111111111011110011111111111111111111111100000000000111110000000001101000111010001111111111111111111111111111110110000000000111111111111111000000001111111100000000000000000000
00111000101101111111111111111111111011110011111111111111111111111100000000000111110000000000110111111010001111111111111111111111111111110110000000000111111111111111000000001111111100000000000000000000
00111000101101111111111111111111111011110011111111111111111111111100000000000111110000000000001010111010001111111111111111111111111111110110000000000111111111111111000000001111111100000000000000000000
00111000101101111111111111111111111011110011111111111111111111111100000000000111110000000000001100111010001111111111111111111111111111110110000000000111111111111111000000001111111100000000000000000000
00111000101101111111111111111111111011110011111111111111111111111100000000000111110000000000001000111010001111111111111111111111111111110110000000000111111111111111000000001111111100000000000000000000
11111111111111111111111111111111111111111111111111111111111111111111111111111111111111111111111111010100001111111111111111111111111111111111000000000111111111111111000000001111111100000000000000000001
11111111111111111111111111111111111111111111111111111111111111111111111111111111111111111111111111101001011111111111111111111111111111111111000000000111111111111111000000001111111100000000000000000001
11111111111111111111111111111111111111111111111111111111111111111111111111111111111111111111111111010110001111111111111111111111111111111111000000000111111111111111000000001111111100000000000000000001
00000000000000000000000000000000000000000000000000000000000000000000000111000111110000000000000000101001001111111111111111100000000011110110000000000111111100000000000000000000000000000000000000000000
11111111111111111111111111111111111111111111111111111111111111111111111111111111111111111111111111001000101111111111111111111111111111111111000000000111111111111111000000001111111100000000000000000001
00000000000000000000000000000000000000000000000000000000000000000000000111000111110000000000000000010100000111011111111111100000000011110110000000000111111100000000000000000000000000000000000000000000
00000000000000000000000000000000000000000000000000000000000000000000000111000111110000000000000000000010001011101111111111100000000011110110000000000111111100000000000000000000000000000000000000000000
00000000000000000000000000000000000000000000000000000000000000000000000111000111110000000000000000010000001101001111111111100000000011110110000000000111111100000000000000000000000000000000000000000000
11111111111111111111111111111111111111111111111111111111111111111111111111111111111111111111111111111110110110001111011111111111111111111111000000000111111111111111000000001111111100000000000000000001
11111111111111111111111111111111111111111111111111111111111111111111111111111111111111111111111111111111011011101111111111111111111111111111000000000111111111111111000000001111111100000000000000000001
11111111111111111111111111111111111111111111111111111111111111111111111111111111111111111111111111111111101101101111111111111111111111111111000000000111111111111111000000001111111100000000000000000001
11111111111111111111111111111111111111111111111111111111111111111111111111111111111111111111111111111111110110010010111111111111111111111111000000000111111111111111000000001111111100000000000000000001
11111111111111111111111111111111111111111111111111111111111111111111111111111111111111111111111111111110100110000111111111111111111111111111000000000111111111111111000000001111111100000000000000000001
11111111111111111111111111111111111111111111111111111111111111111111111111111111111111111111111111111111000001001111111111111111111111111111000000000111111111111111000000001111111100000000000000000001
11111111111111111111111111111111111111111111111111111111111111111111111111111111111111111111111111111111111110010111011111111111111111111111000000000111111111111111000000001111111100101100000000000001
11111111111111111111111111111111111111111111111111111111111111111111111111111111111111111111111111111111111110111011111111111111111111111111000000000111111111111111000000001111111100000000000000000001
11111111111111111111111111111111111111111111111111111111111111111111111111111111111111111111111111111111111111111101111111111111111111111111000000000111111111111111000000001111111100000000000000000001
11111111111111111111111111111111111111111111111111111111111111111111111111111111111111111111111111111111111110111110011111111111111111111111000000000111111111111111000000001111111100000000000000000001
11111111111111111111111111111111111111111111111111111111111111111111111111111111111111111111111111111111110111110110011111111111111111111111000000000111111111111111000000001111111100000000000000000001
11111111111111111111111111111111111111111111111111111111111111111111111111011111110111111111111111111111111111111111101110111111111111111111000000000111111111111111000000001111111100000000000000000001
11111111111111111111111111111111111111111111111111111111111111111111111111111111111111111111111111111111111111111111110100011111111111111111000000000111111111111111000000001111111110010000000000000001
11111111111111111111111111111111111111111111111111111111111111111111111111111111111111111111111111111111111111111111111000111111111111111111000000000111111111111111000000001111111100000000000000000001
11111111111111111111111111111111111111111111111111111111111111111101111111111111111111111111111111111111111111111111110001011111111111111111000000000111111111111111000000001111111100000000000000000001
11111111111111111111111111111111111111111111111111111111111111111111111111111111111111111111111111111111111111111111100010011111111111111111000000000111111111111111000000001111111100000000000000000001
11111111111111111111111111111111111111111111111111111111111111111111111111011111110111111111111111111111111111111111110100011111111111111111000000000111111111111111000000001111111100000000000000000001
11011111111110010001111111111111111111111111111111111111111111111100000000000111110000000001111111111010001111111111111111101111011011110110000000000111111111111111000000001111111100000000000000000001
11011111111110010001111111111111111111111111111111111111111111111100000000000111110000000001111111111010001111111111111111110111100011110110000000000111111111111111000000001111111100000000000000000001
11011111111110010001111111111111111111111111111111111111111111111100000000000111110000000001111111111010001111111111111111111011101011110110000000000111111111111111000000001111111100000000000000000001
11011111111110010001111111111111111111111111111111111111111111111100000000000111110000000001111111111010001111111111111111111101110111110110000000000111111111111111000000001111111100000000000000000001
11011111111110010001111111111111111111111111111111111111111111111100000000000111110000000001111111111010001111111111111111111110111111110110000000000111111111111111000000001111111100000000000000000001
11011111111110010001111111111111111111111111111111111111111111111100000000000111110000000001111111111010001111111111111111101111011111110110000000000111111111111111000000001111111100000000000000000001
11011111111110010001111111111111111111111111111111111111111111111100000000000111110000000001111111111010001111111111111111110011101111110110000000000111111111111111000000001111111100000000000000000001
11011111111110010001111111111111111111111111111111111111111111111100000000000111110000000001111111111010001111111111111111110101110111110110000000000111111111111111000000001111111100000000000000000001
11011111111110010001111111111111111111111111111111111111111111111100000000000111110000000001111111111010001111111111111111100011111011110110000000000111111111111111000000001111111100000000000000000001
11111111111111111111111111111111111111111111111111111111111111111111111111111111111111111111111111111111111111111111111111111111111101101000000000000111111111111111000000001111111100000000000000000001
11111111111111111111111111111111111111111111111111111111111111111111111111111111111111111111111111111111111111111111111111111111111110111101000000000111111111111111000000001111111100000000000000000001
11111111111111111111111111111111111111111111111111111111111111111111111111111111111111111111111111111111111111111111111111111111111111011110000000000111111111111111000000001111111100000000000000000001
11111111111111111111111111111111111111111111111111111111111111111111111111111111111111111111111111111111111111111111111111111111111101101000000000000111111111111111000000001111111100000000000000000001
00000000000000000000001000000000000000000000000000100000000100000000000000001111110000000000000000111010001111111111111111100000000011110111000000000111111100000000000000000000000000000000000000000000
11111111111111111111111111111111111111111111111111111111111111111111111111111111111111111111111111111111111111111111111111111111111101101000000000000111111111111111000000001111111100000000000000000001
11111111111111111111111111111111111111111111111111111111111111111111111111111111111111111111111111111111111111111111111111111111111100101000000000000111111111111111000000001111111100000000000000000001
00000000000000000000001000000000000000000000000000100000000100000000000000001111110000000000000000111010001111111111111111100000000001001000000000000111111100000000000000000000000000000000000000000000
00000000000000000000000000000000000000000000000000000000000000000000000000000000000000000000000000000000000000000000000000000000000000000000011000000111111100000000000000000000000000000000000000000000
00000000000000000000000000000000000000000000000000000000000000000000000000000000000000000000000000000000000000000000000000000000000000000000101010000111111100000000000000000000000000000000000000000000
00000000000000000000000000000000000000000000000000000000000000000000000000000000000000000000000000000000000000000000000000000000000000000000110101101111111100000000000000000000000000000000000000000000
00000000000000000000000000000000000000000000000000000000000000000000000000000000000000000000000000000000000000000000000000000000000000000000001010000111111100000000000000000000000000000000000000000000
00000000000000000000000000000000000000000000000000000000000000000000000000000000000000000000000000000000000000000000000000000000000000000000010100000111111100000000000000000000000000000000000000000000
00000000000000000000000000000000000000000000000000000000000000000000000000000000000000000000000000000000000000000000000000000000000000000000001000010100100100000000000000000000000000000000000000000000
00000000000000000000000000000000000000000000000000000000000000000000000000000000000000000000000000000000000000000000000000000000000000000000001000010111111100000000000000000000000000000000000000000000
00000000000000000000000000000000000000000000000000000000000000000000000000000000000000000000000000000000000000000000000000000000000000000000000001100111111100000000000000000000000000000000000000000000
00000000000000000000000000000000000000000000000000000000000000000000000000000000000000000000000000000000000000000000000000000000000000000000001000000111111100000000000000000000000000000000000000000000
11111111111111111111111111111111111111111111111111111111111111111111111111111111111111111111111111111111111111111111111111111111111111111111111111111011100011111111000000001111111100000000000000000001
11111111111111111111111111111111111111111111111111111111111111111111111111111111111111111111111111111111111111111111111111111111111111111111111110111101110011111111000000001111111100000000000000000001
11111111111111111111111111111111111111111111111111111111111111111111111111111111111111111111111111111111111111111111111111111111111111111111111110111110110011111111000000001111111100000000000000000001
11111111111111111111111111111111111111111111111111111111111111111111111111111111111111111111111111111111111111111111111111111111111111111111111111111111011111111111000000001111111100000000000000000001
11111111111111111111111111111111111111111111111111111111111111111111111111111111111111111111111111111111111111111111111111111111111111111111111110111011101011111111000000001111111100000000000000000001
11111111111111111111111111111111111111111111111111111111111111111111111111111111111111111111111111111111111111111111111111111111111111111111111110111000110011111111000000001111111100000000000000000001
11111111111111111111111111111111111111111111111111111111111111111111111111011111111111111111111111111111111111111111111111111111111111111111111111111000100011111111000000001111111100000000000000000001
11111111111111111111111111111111111111111101000000111111111111111100000000000111110000000001111111111010001111111111111111111111111111110110000000000111111100001011000000000000000000000000000000000001
11111111111111111111111111111111111111111101000000111111111111111100000000000111110000000001111111111010001111111111111111111111111111110110000000000111111100001011000000000000000000000000000000000001
11111111111111111111111111111111111111111101000000111111111111111100000000000111110000000001111111111010001111111111111111111111111111110110000000000111111100000111000000000000000000000000000000000001
11111111111111111111111111111111111111111101000000111111111111111100000000000111110000000001111111111010001111111111111111111111111111110110000000000111111100000111000000001111111100000000000000000001
11111111111111111111111111111111111111111101000000111111111111111100000000000111110000000001111111111010001111111111111111111111111111110110000000000111111111000001000000000000000000000000000000000001
11111111111111111111111111111111111111111101000000111111111111111100000000000111110000000001111111111010001111111111111111111111111111110110000000000111111100110001000000001111111100000000000000000001
11111111111111111111111111111111111111111101000000111111111111111100000000000111110000000001111111111010001111111111111111111111111111110110000000000111111111110000000000001111111100000000000000000001
11111111111111111111111111111111111111111101000000111111111111111100000000000111110000000001111111111010001111111111111111111111111111110110000000000111111111111100000000001111111100000000000000000001
00000000000000000000000000000000000000000000000000000000000000000000000000000000000000000000000000000000000000000000000000000000000000000000000000000000000000000000001111010000000000000000000000000000
00000000000000000000000000000000000000000000000000000000000000000000000000000000000000000000000000000000000000000000000000000000000000000000000000000000000000000000000111010000000000000000000000000000
00000000000000000000000000000000000000000000000000000000000000000000000000000000000000000000000000000000000000000000000000000000000000000000000000000000000000000000100000110000000000000000000000000000
00000000000000000000000000000000000000000000000000000000000000000000000000000000000000000000000000000000000000000000000000000000000000000000000000000000000000000000110000110000000000000000000000000000
00000000000000000000000000000000000000000000000000000000000000000000000000000000000000000000000000000000000000000000000000000000000000000000000000000000000000000000110001110000000000000000000000000000
00000000000000000000000000000000000000000000000000000000000000000000000000000000000000000000000000000000000000000000000000000000000000000000000000000000000000000000110010110000000000000000000000000000
00000000000000000000000000000000000000000000000000000000000000000000000000000000000000000000000000000000000000000000000000000000000000000000000000000000000000000000001111000000000000000000000000000000
00000000000000000000000000000000000000000000000000000000000000000000000000000000000000000000000000000000000000000000000000000000000000000000000000000000000000000000111111000000000000000000000000000000
11111111111111111111111111111111111111111101000000111111111111111100000000000111110000000001111111111010001111111111111111111111111111110110000000000111111100010111000000000000111100000000000000000001
11111111111111111111111111111111111111111101000000111111111111111100000000000111110000000001111111111010001111111111111111111111111111110110000000000111111100010111000000000000011100000000000000000001
11111111111111111111111111111111111111111101000000111111111111111100000000000111110000000001111111111010001111111111111111111111111111110110000000000111111100010111000000000000001000000000000000000001
11111111111111111111111111111111111111111101000000111111111111111100000000000111110000000001111111111010001111111111111111111111111111110110000000000111111100010111000000000000000100000000000000000001
11111111111111111111111111111111111111111101000000111111111111111100000000000111110000000001111111111010001111111111111111111111111111110110000000000111111100010111000000001000000000000000000000000001
11111111111111111111111111111111111111111101000000111111111111111100000000000111110000000001111111111010001111111111111111111111111111110110000000000111111100010111000000001100000100000000000000000001
11111111111111111111111111111111111111111101000000111111111111111100000000000111110000000001111111111010001111111111111111111111111111110110000000000111111100010111000000001110000100000000000000000001
11111111111111111111111111111111111111111101000000111111111111111100000000000111110000000001111111111010001111111111111111111111111111110110000000000111111100010111000000001101011000000000000000000001
00100000000000000000000000000000000000000000000000000000000000000000000000000000000000000000000000000000000000000000001000000000000000000000000000000000000000000000000000000000000000010100000000000000
00100000000000000000000000000000000000000000000000000000000000000000000000000000000000000000000000000000000000000000000000000000000000000000000000000000000000000000000000000000000000001100000000000000
00000000000000000000000000000000000000000000000000000000000000000000000000000000000000000000000000000000000000001000000000000000000000000000000000000000000000000000000000000000000000000100000000000000
00000000000000000000000000000000000000000000000000000000000000000000000000000000000000000000000000000000000000000000001000000000000000000000000000000000000000000000000000000000000010000100000000000000
00000000000000000000000000000000000000000000000000000000000000000000000000000000000000000000000000000000000000001000000000000000000000000000000000000000000000000000000000000000000001000000000000000000
00100000000000000000000000000000000000000000000000000000000000000000000000000000000000000000000000000000000000001000000000000000000000000000000000000000000000000000000000000000000011110000000000000000
00000000000000000000000000000000000000000000000000000000000000000000000000000000000000000000000000000000000000000000000000000000000000000000000000000000000000000000000000000000000000000000010100000000
00000000000000000000000000000000000000000000010000001000000000000000000000000000000000000000000000000000000000000000000000000000000000000000000000000000000000000000000000000000000000000000001100000000
00000000000000000000000000000000000000000000010000001000000000000000000000000000000000000000000000000000000000000000000000000000000000000000000000000000000000000000000000000000000000000000001100000000
00000000000000000000000000000000000000000000010000001000000000000000000000000000000000000000000000000000000000000000000000000000000000000000000000000000000000000000000000000000000000000010000000000000
00000000000000000000000000000000000000000000000000000000000000000000000000000000000000000000000000000000000000000000000000000000000000000000000000000000000000000000000000000000000000000001100000000000
00000000000000000000000000000000000000000000010000001000000000000000000000000000000000000000000000000000000000000000000000000000000000000000000000000000000000000000000000000000000000000011100000000000
00000000000000000000000000000000000000000000000000000000000000000000000000000000000000000000000000000000000000000000000000000000000000000000000000000000000000000000000000000000000000000000000000010111
00000000000000000000000000000000000000000000000000000000000000000000000000000000000000000000000000000000000000000000000000000000000000000000000000000000000000000000000000000000000000000000000000001111
00000000000000000000000000000000000000000000000000000000000000000000000000000000000000000000000000000000000000000000000000000000000000000000000000000000000000000000000000000000000000000000000000001011
00000000000000000000000000000000000000000000000000000000000000000000000000000000000000000000000000000000000000000000000000000000000000000000000000000000000000000000000000000000000000000000000010000100
00000000000000000000000000000000000000000000000000000000000000000000000000000000000000000000000000000000000000000000000000000000000000000000000000000000000000000000000000000000000000000000000001100011
00000000000000000000000000000000000000000000000000000000000000000000000000000000000000000000000000000000000000000000000000000000000000000000000000000000000000000000000000000000000000000000000011010010
00000000000000000000000000000000000000000000000000000000000000000000000000000000000000000000000000000000000000000000000000000000000000000000000000000000000000000000000000000000000000000000000011101101
00111000001011111111111111111111111111111111111111111111111111111100000000000111110000000000000000111010001111111111111111111111111111110110000000000111111111111111000000001111111100000000000011101010
