01100001111111111111110000000000000000000111111111
10101001111000111111110000000000000000000111111111
11011111111111111111110000000000000000000111111111
00100001111000111111110000000000000000000111111111
01100001111000111110010000000000000000000111111111
00100001111000111111110000000000000000000111111111
00100001111000111110010000000000000000000111111111
11111110110111111111111100100000000000000111111111
11111111011000111111111000000000000000000111111111
11111111101110111111110000000000000000000111111111
11111110110111111111110000000000000000000111111111
10100001011010111110010000000000000000000111111111
10100001011100111110010000000000000000000111111111
10100001001000111110010000000000000000000111111111
11111111111111011010000001000000000001111111111111
11111111111111101101000000000000000000000111111111
11111111111111110101100000000000000000000111111111
11111111111111011010000000000000000000000111111111
11111111111111100101000000000000000000000111111111
11110101111000011010110000000000000000000111111111
11110101111000001001010000000000000000000111111111
11111111111111000001100000000000000000000111111111
00000001100000000000000001000000000000000111111111
00000001000000000000000000110101110000000111111111
00000000000000000000000000110101110000000111111111
00000000000000100000001000000000001100111111111111
00000001000000000000000110000000000000000111111111
00000000000000000000000110000011110000000111111111
00000000000000000000000000000001110000000111111111
00000000000000000000000110000000010000000111111111
00000000000000000000000000010000100000000111111111
00000000000000000000000110011000000000000111111111
00000000000000000000000110011010010000000111111111
00000000000000000000000110011100100000000111111111
00000000000000000000000001000000000001011111111111
00000000000000000000000001000000000000111111111111
00000000000000000000000000000000000000010111111111
00000000000000100000000000000000001000001111111111
00000000000000100000000001000000000100000111111111
00000000000000100000000001000000001110000111111111
00000000000000100000000001000000001101000111111111
11111111111111111111111111111111111111111000010001
11111111111111111111111111111111111111111000001111
11111111111111111111111111111111111111111000001110
11111111111111111111111111111111111111111000000000
11111111111111111111111111111111111111111100000000
11111111111111111111111111111111111111111011000111
11111111111111111111111111111111111111111011001011
11111111111111111111111111111111111111111011001101
11111111111111111111111111111111111111111110001110
