00001110000000000000001111111111111111111111110000000001111111110000000000000000111111111111111111111111111111111111000000001111111111111111110000000001111111100000000000000000011111111111111111111111
00001010000000000000001111111111111111111111110000000001111111110000000000000000111111111110111111111111111111111111000000001111111111111111110000000001111111100000000000000000011111111111111111111111
00000000000000000000001111111111111111111111111111111111111111110000000000000000111111111111111100111111111111111111000000001111111111111111110000000001111111100000000000000000011111111111111111111111
00000110000000000000001111111111111111111111110000000001111111110000000000000000111111111111111111111111111111111111000000000000000001111111110000000001111111100000000000000000011111111111111111111111
11000110000000000000001111111111111111111111110000000001111111110000000000000000111111111111111111111111111111111111000000001111111111111111110000000001111111100000000000000000011111111111111111111111
10011001111111000000001111111111111111111111110000000001111111111100111100000000111111111111111111111111111111111111100111111111111111111111110000000001111111100000000000000000011111111111111111111111
11011001111111000000001111111111111111111111111111111111111111111100111100000000111111111111111111111111111111111111100111111111111111111111110000000001111111100000000000000000011111111111111111111111
00000110001010000000001111111111111111111111111111111111111111110000000000000000111111111111111111111111111111111111000000001111111111111111110000000001111111100000000000000000011111111111111111111111
00000110000101000000001111111111111111111111111111111111111111110000000000000000111111111000111111111111111111111111000000001111111111111111110000000001111111100000000000000000011111111111111111111111
00000110000010000000001111111111111111111111111111111111111111111100111100000000111111111111111111111111111111111111000000001111111111111111110000000001111111100000000000000000011111111111111111111111
00000111000110000000001111111111111111111111111111111111111111110000000000000000111111111111111111111111111111111111100111111111111111111111110000000001111111100000000000000000011111111111111111111111
00000110101011000000001111111111111111111111111111111111111111111100111100000000111111111111111111111111111111111111000000001111111111111111110000000001111111100000000000000000011111111111111111111111
00000111011101000000001111111111111111111111111111111111111111110000000000000000111111111111111111111111111111111111000000001111111111111111110000000001111111100000000000000000011111111111111111111111
00000110100110000000001111111111111111111111111111111111111111111100111100000000111111111111111111111111111111111111100111111111111111111111110000000001111111100000000000000000011111111111111111111111
00000000000000000000111111111111111111111111110000000001111111110000000000000000111111111111111111111111111111111111000000001111111111111111110000000001111111111111111100000000011111111111111111111111
00000000000000000000111111111111111111111111110000000001111111110000000000000000111111111111111111111111111111111111000000001111111111111111110000000001111111111111111100000000011111111111111111111111
00000000000000000000111111111111111111111111110000000001111111110000000000000000111111111111111111111111111111111111000000001111111111111111110000000001111111111111111100000000011111111111111111111111
00000000000000000000111111111111111111111111110000000001111111110000000000000000111111111111111111111111111111111111000000001111111111111111110000000001111111111111111100000000011111111111111111111111
00000000000000000000111111111111111111111111110000000001111111110000000000000000111111111111111111111111111111111111000000001111111111111111110000000001111111111111111100000000011111111111111111111111
00000000000000000000111111111111111111111111110000000001111111110000000000000000111111111111111111111111111111111111000000001111111111111111110000000001111111111111111100000000011111111111111111111111
00000000000000111111011111111111111111111111110000000001111111110000000000000000111111111111111111111111111111111111000000001111111111111111110000000001111111111111111100000000011111111111111111111111
00000000000000111111101111111111111111111111110000000001111111110000000000000000111111111111111111111111111111111111000000001111111111111111110000000001111111111111111100000000011111111111111111111111
11111111111111111111110000010111111111111111111111111111111111111100111100000000111111111111111111111111111111111111100111111111111111111111110000000001111111111111111100000000011111111111111111111111
11111111111111111111110000010111111111111111111111111111111111111100111100000000111111111111111111111111111111111111100111111111111111111111110000000001111111111111111100000000011111111111111111111111
11111111111111111111110000001101111111111111111111111111111111111100111100000000111111111111111111111111111111111111100111111111111111111111110000000001111111111111111100000000011111111111111111111111
11111111111111111111110000001011111111111111111111111111111111111100111100000000111111111111111111111111111111111111100111111111111111111111110000000001111111111111111100000000011111111111111111111111
11111111111111111111110000000011111111111111111111111111111111111100111100000000111111111111111111111111111111111111100111111111111111111111110000000001111111111111111100000000011111111111111111111111
11111111111111111111111100000111111111111111111111111111111111111100111100000000111111111111111111111111111111111111100111111111111111111111110000000001111111111111111100000000011111111111111111111111
11111111111111111111110011000011111111111111111111111111111111111100111100000000111111111111111111111111111111111111100111111111111111111111110000000001111111111111111100000000011111111111111111111111
11111111111111111111111110010011111111111111111111111111111111111100111100000000111111111111111111111111111111111111100111111111111111111111110000000001111111111111111100000000011111111111111111111111
11111111111111111111111101111101111111111111111111111111111111111100111100000000111111111111111111111111111111111111100111111111111111111111110000000001111111111111111100000000011111111111111111111111
11111111111111111111111111111110000111111111111111111111111111111100111100000000111111111111111111111111111111111111100111111111111110000000000000000001111111111111111100000000011111111111111111111111
11111111111111111111111111111110000111111111111111111111111111111100111100000000111111111111111111111111111111111111100111111111111110000000000000000001111111111111111100000000011111111111111111111111
11111111111111111111111111111110000101111111111111111111111111111100111100000000111111111111111111111111111111111111100111111111111110000000000000000001111111111111111100000000011111111111111111111111
11111111111111111111111111111110000010111111111111111111111111111100111100000000111111111111111111111111111111111111100111111111111110000000000000000001111111111111111100000000011111111111111111111111
11111111111111111111111111111111110000111111111111111111111111111100111100000000111111111111111111111111111111111111100111111111111110000000000000000001111111111111111100000000011111111111111111111111
11111111111111111111111111111111101000111111111111111111111111111100111100000000111111111111111111111111111111111111100111111111111111111111110000000001111111111111111100000000011111111111111111111111
11111111111111111111111111111111110000111111111111111111111111111100111100000000111111111111111111111111111111111111100111111111111111111111110000000001111111111111111100000000011111111111111111111111
11111111111111111111111111111111111111011111111111111111111111111100111100000000111111111111111111111111111111111111100111111111111110000000000000000001111111111111111100000000011111111111111111111111
11111111111111111111111111111111111111100010111111111111111111111100111100000000111111111111111111000000000111111111100111111111111111111111110000000001111111111111111100000000011111111111111111111111
11111111111111111111111111111111111111100001111111111111111111111100111100000000111111111111111111000000000111111111100111111111111111111111110000000001111111111111111100000000011111111111111111111111
11111111111111111111111111111111111111100010001111111111111111111100111100000000111111111111111111000000000111111111100111111111111111111111110000000001111111111111111100000000011111111111111111111111
11111111111111111111111111111111111111110101111111111111111111111100111100000000111111111111111111000000000111111111100111111111111111111111110000000001111111111111111100000000011111111111111111111111
11111111111111111111111111111111111111101010001111111111111111111100111100000000111111111111111111111111111111111111100111111111111111111111110000000001111111111111111100000000011111111111111111111111
11111111111111111111111111111111111111111010001111111111111111111100111100000000111111111111111111111111111111111111100111111111111111111111110000000001111111111111111100000000011111111111111111111111
11111111111111111111111111111111111111111010001111111111111111111100111100000000111111111111111111111111111111111111100111111111111111111111110000000001111111111111111100000000011111111111111111111111
00100011111111000000001111111111111111111111110000011111111111111100111100000000111111111111111111111111111111111111100111111111111111111111110000000001111111100000000000000000011111111111111111111111
00100011111111000000001111111111111111111111110000010011111111111100111100000000111111111111111111111111111111111111100111111111111111111111110000000001111111100000000000000000011111111111111111111111
00100011111111000000001111111111111111111111110000001011111111111100111100000000111111111111111111111111111111111111100111111111111111111111110000000001111111100000000000000000011111111111111111111111
00100011111111000000001111111111111111111111110000000111111111111100111100000000111111111111111111111111111111111111100111111111111111111111110000000001111111100000000000000000011111111111111111111111
00100011111111000000001111111111111111111111110000000111111111111100111100000000111111111111111111111111111111111111100111111111111111111111110000000001111111100000000000000000011111111111111111111111
00100011111111000000001111111111111111111111111100001111111111111100111100000000111111111111111111111111111111111111100111111111111111111111110000000001111111100000000000000000011111111111111111111111
00100011111111000000001111111111111111111111111010010011111111111100111100000000111111111111111111111111111111111111100111111111111111111111110000000001111111100000000000000000011111111111111111111111
00100011111111000000001111111111111111111111111001110011111111111100111100000000111111111111111111111111111111111111100111111111111111111111110000000001111111100000000000000000011111111111111111111111
00100011111111000000001111111111111111111111111111111101111111111100111100000000111111111111111111111111111111111111100111111111111111111111110000000001111111100000000000000000011111111111111111111111
11111111111111111111111111111111111111111111111111111110000101011100111100000000111111111111111111111111111111111111100111111111111111111111110000000001111111111111111100000000011111111111111111111111
11111111111111111111111111111111111111111111111111111110000011111100111100000000111111111111111111111111111111111111100111111111111111111111110000000001111111111111111100000000011111111111111111111111
11111111111111111111111111111111111111111111111111111110000010111100111100000000111111111111111111111111111111111111100111111111111111111111110000000001111111111111111100000000011111111111111111111111
11111111111111111111111111111111111111111111111111111110000000101100111100000000111111111111111111111111111111111111100111111111111111111111110000000001111111111111111100000000011111111111111111111111
11111111111111111111111111111111111111111111111111111111000001011100111100000000111111111111111111111111111111111111100111111111111111111111110000000001111111111111111100000000011111111111111111111111
11111111111111111111111111111111111111111111111111111110110000101100111100000000111111111111111111111111111111111111100111111111111111111111110000000001111111111111111100000000011111111111111111111111
11111111111111111111111111111111111111111111111111111111100100001100111100000000111111111111111111111111111111111111100111111111111111111111110000000001111111111111111100000000011111111111111111111111
11111111111111111111111111111111111111111111111111111110111010011100111100000000111111111111111111111111111111111111100111111111111111111111110000000001111111111111111100000000011111111111111111111111
11111111111111111111111111111111111111111111111111111111110100101100111100000000111111111111111111111111111111111111100111111111111111111111110000000001111111111111111100000000011111111111111111111111
00000110010101000000001111111111111111111111111111111111111111110001011100000000111111111111111111111111111111111111000000001111111111111111110000000001111111100000000000000000011111111111111111111111
00000110010101000000001111111111111111111111111111111111111111110000110100000000111111111111111111111111111111111111000000001111111111111111110000000001111111100000000000000000011111111111111111111111
00000000000000000000000000000000000000000000000000000000000000000000101100000000111111111111111111000000000111111111000000001111111110000000000000000001111111100000000000000000011111111111111111111111
00000000000000000000000000000000000000000000000000000000000000001000001000000000111111111111111111000000000111111111000000001111111110000000000000000001111111100000000000000000011111111111111111111111
00000110010101000000001111111111111111111111111111111111111111110110010100000000111111111111111111111111111111111111000000001111111111111111110000000001111111100000000000000000011111111111111111111111
00000110010101000000001111111111111111111111111111111111111111111100101100000000111111111111111111111111111111111111000000001111111111111111110000000001111111100000000000000000011111111111111111111111
00000110010101000000001111111111111111111111111111111111111111111011010000000000111111111111111111111111111111111111000000001111111111111111110000000001111111100000000000000000011111111111111111111111
00000110010101000000001111111111111111111111111111111111111111111110110000000000111111111111111111111111111111111111000000001111111111111111110000000001111111100000000000000000011111111111111111111111
00000000000000000000000000000000000000000000000000000000000000000000000000000100111111111111111111000000000111111111000000001111111110000000000000000001111111100000000000000000011111111111111111111111
00000000000000000000000000000000000000000000000000000000000000000000000000000011111111011101101100000000000111111111000000001111111110000000000000000001111111100000000011111111111111111111111111111111
00000000000000000000000000000000000000000000000000000000000000000000000000000011111111111111111111000000000111111111000000001111111110000000000000000001111111100000000011111111111111111111111111111111
00000000000000000000000000000000000000000000000000000000000000000000000000000001111111111111111111000000000111111111000000001111111110000000000000000001111111100000000000000000011111111111111111111111
00000000000000000000000000000000000000000000000000000000000000000000000000000001110001111111111111000000000111111111000000001111111110000000000000000001111111100000000000000000011111111111111111111111
00000000000000000000000000000000000000000000000000000000000000000000000010000000111111111111111111000000000111111111000000001111111110000000000000000001111111100000000000000000011111111111111111111111
00000000000000000000000000000000000000000000000000000000000000000000000001100000111111111111111111000000000111111111000000001111111110000000000000000001111111100000000011111111111111111111111111111111
00000000000000000000000000000000000000000000000000000000000000000000000001111000111111111111111111000000000111111111000000001111111110000000000000000001111111100000000011111111111111111111111111111111
11111111111111111111111111111111111111111111111111111111111111111111111111111111011110111111111111111111111111111111100111110000000001111111110000000001111111111111111111111111111111111111111111111111
11111111111111111111111111111111111111111111111111111111111111111111111111111111101110111111111111111111111111111111100111111111111111111111110000000001111111111111111111111111111111111111111111111111
11111111111111111111111111111111111111111111111111111111111111111111111111110111110111111111111111111111111111111111100111110000000001111111110000000001111111111111111111111111111111111111111111111111
11111111111111111111111111111111111111111111111111111111111111111111111111110111111011111111111111111111111111111111100111110000000001111111110000000001111111111111111111111111111111111111111111111111
11111111111111111111111111111111111111111111111111111111111111111111111111110111111101111111111111111111111111111111100111110000000001111111110000000001111111111111111111111111111111111111111111111111
11111111111111111111111111111111111111111111111111111111111111111111111111111111001110111111111111111111111111111111100111111111111111111111110000000001111111111111111111111111111111111111111111111111
11111111111111111111111111111111111111111111111111111111111111111111111110111111111111010000111111111111111111111111100111111111111111111111110000000001111111111111111111111111111111111111111111111111
11111111111111111111111111111111111111111111111111111111111111111111111111111111111111101100111111111111111111111111100111111111111111111111110000000001111111111111111111111111111111111111111111111111
11111111111111111111111111111111111111111111111111111111111111111111111111111111111111010010111111111111111111111111100111111111111111111111110000000001111111111111111111111111111111111111111111111111
11111111011111111111111111111111111111111111111111111111111111111111111111111111111111010000111111111111111111111111100111111111111111111111110000000001111111111111111111111111111111111111111111111111
11111111011111111111111111111111111111111111111111111111111111111111111110111111111111001000111111111111111111111111100111111111111111111111110000000001111111111111111111111111111111111111111111111111
10111111011111111111111111111111111111111111111111111111111111111111111111111111111111000000111111111111111111111111100111111111111111111111110000000001111111111111111111111111111111111111111111111111
11111111111111111111111111111111111111111111111111111111111111111111111111111111111111111111011010111111111111111111100111111111111111111111110000000001111111111111111111111111111111111111111111111111
11111111111111111111111111111111111111111111111111111111111111111111111110111111111111111111101100111111111111111111100111111111111111111111110000000001111111111111111111111111111111111111111111111111
11111111111111111111111111111111111111111111111111111111111111111111111111111111111111111111110101111111111111111111100111111111111111111111110000000001111111111111111111111111111111111111111111111111
11111111111111111111111111111111111111111111111111111111111111111111111111111111111111111111011010111111111111111111100111111111111111111111110000000001111111111111111111111111111111111111111111111111
11011111111111111111111111111111111111111111111111111111111111111111111110111111111111111111100100111111111111111111100111111111111111111111110000000001111111111111111111111111111111111111111111111111
11011111111111111111111111111111111111111111111111111111111111111111111110111111111111111111001000111111111111111111100111111111111111111111110000000001111111111111111111111111111111111111111111111111
11111111111111111111111111111111111111100001111111111111111111111100111100000000111111111111111111011100001111111111100111111111111111111111110000000001111111111111111100000000011111111111111111111111
11111111111111111111111111111111111111100001111111111111111111111100111100000000111111111111111111101110010111111111100111111111111111111111110000000001111111111111111100000000011111111111111111111111
11111111111111111111111111111111111111100001111111111111111111111100111100000000111111111111111111110111000111111111100111111111111111111111110000000001111111111111111100000000011111111111111111111111
11111111111111111111111111111111111111100001111111111111111111111100111100000000111111111111111111111011000111111111100111111111111111111111110000000001111111111111111100000000011111111111111111111111
11111111111111111111111111111111111111100001111111111111111111111100111100000000111111111111111111011101100111111111100111111111111111111111110000000001111111111111111100000000011111111111111111111111
11111111111111111111111111111111111111100001111111111111111111111100111100000000111111111111111111001110100111111111100111111111111111111111110000000001111111111111111100000000011111111111111111111111
11111111111111111111111111111111111111100001111111111111111111111100111100000000111111111111111111000011000111111111100111111111111111111111110000000001111111111111111100000000011111111111111111111111
11111111111111111111111111111111111111100001111111111111111111111100111100000000111111111111111111010000000111111111100111111111111111111111110000000001111111111111111100000000011111111111111111111111
11111111111111111111111111111111111111100001111111111111111111111100111100000000111111111111111111100000000111111111100111111111111111111111110000000001111111111111111100000000011111111111111111111111
11111111111111111111111111111111111111111111111111111111111111111111111111111111111111111111111111111111111000011111100111111111111111111111110000000001111111111111111111111111111111111111111111111111
11111111111111111111111111111111111111111111111111111111111111111111111111111111111111111111111111111111111000001111100111111111111111111111110000000001111111111111111111111111111111111111111111111111
11111111111111111111111111111111111111111111111111111111111111111111111111111111111111111111111111111111111000001000100111111111111111111111110000000001111111111111111111111111111111111111111111111111
11111111111111111111111111111111111111111111111111111111111111111111111111111111111111111111111111111111111000000111100111111111111111111111110000000001111111111111111111111111111111111111111111111111
11111111111111111111111111111111111111111111111111111111111111111111111111111111111111111111111111111111111100000110100111111111111111111111110000000001111111111111111111111111111111111111111111111111
11111111111111111111111111111111111111111111111111111111111111111111111111111111111111111111111111111111111111000111100111111111111111111111110000000001111111111111111111111111111111111111111111111111
11111111111111111111111111111111111111111111111111111111111111111111111111111111111111111111111111111111111110111001100111111111111111111111110000000001111111111111111111111111111111111111111111111111
11111111111111111111111111111111111111111111111111111111111111111111111111111111111111111111111111111111111110111001100111111111111111111111110000000001111111111111111111111111111111111111111111111111
11111111111111111111111111111111111111111111111111111111111111111111111111111111111111111111111111111111111110101110100111111111111111111111110000000001111111111111111111111111111111111111111111111111
00000110001001000000001111111111111111111111111111111111111111110000000000000000111111111111111111111111111111111111000101111111111111111111110000000001111111100000000000000000011111111111111111111111
00000000000000000000000000000000000000000000000000000000000000000000000000000000000000000000000000000000000000000000000011110000000000000000000000000001111111100000000000000000000000011111111111111111
00000000000000000000000000000000000000000000000000000000000000000000000000000000000000000000000000000000000000000000000001010000000000000000000000000001111111100000000000000000010011111111111111111111
00000110001001000000001111111111111111111111111111111111111111110000000000000000111111111111111111111111111111111111100000111111111111111111110000000001111111100000000000000000011111111111111111111111
00000110001001000000001111111111111111111111111111111111111111110000000000000000111111111111111111111111111111111111010000101111111111111111110000000001111111100000000000000000011111111111111111111111
00000110001001000000001111111111111111111111111111111111111111110000000000000000111111111111111111111111111111111111111000011111111111111111110000000001111111100000000000000000011111111111111111111111
00000110001001000000001111111111111111111111111111111111111111110000000000000000111111111111111111111111111111111111110110011111111111111111110000000001111111100000000000000000011111111111111111111111
00000110001001000000001111111111111111111111111111111111111111110000000000000000111111111111111111111111111111111111111101101111111111111111110000000001111111100000000000000000011111111111111111111111
11101111111111111111111111111111111111111111111111111111111111111111111111111111010001111111111111111111111111111111100111110000110111111111110000000001111111111111111111111111111111111111111111111111
11101111111111111111111111111111111111111111111111111111111111111111111111111111010001111111111111111111111111111111100111110000101111111111110000000001111111111111111111111111111111111111111111111111
11101111111111111111111111111111111111111111111111111111111111111111111111111111010001111111111111111111111111111111100111110000011111111111110000000001111111111111111111111111111111111111111111111111
11101111111111111111111111111111111111111111111111111111111111111111111111111111010001111111111111111111111111111111100111110000011111111111110000000001111111111111111111111111111111111111111111111111
11101111111111111111111111111111111111111111111111111111111111111111111111111111010001111111111111111111111111111111100111111100000001111111110000000001111111111111111111111111111111111111111111111111
11101111111111111111111111111111111111111111111111111111111111111111111111111111010001111111111111111111111111111111100111111011000011111111110000000001111111111111111111111111111111111111111111111111
11101111111111111111111111111111111111111111111111111111111111111111111111111111010001111111111111111111111111111111100111110111000011111111110000000001111111111111111111111111111111111111111111111111
11101111111111111111111111111111111111111111111111111111111111111111111111111111010001111111111111111111111111111111100111111111000001111111110000000001111111111111111111111111111111111111111111111111
11101111111111111111111111111111111111111111111111111111111111111111111111111111010001111111111111111111111111111111100111111111011001111111110000000001111111111111111111111111111111111111111111111111
11111111111111111111111111111110000011011111111111111111111111111100111100000000111111111111111111111111111111111111100111111111111110000110110000000001111111111111111100000000011111111111111111111111
11111111111111111111111111111110000011011111111111111111111111111100111100000000111111111111111111111111111111111111100111111111111110000101010000000001111111111111111100000000011111111111111111111111
11111111111111111111111111111110000011011111111111111111111111111100111100000000111111111111111111111111111111111111100111111111111110000010100000000001111111111111111100000000011111111111111111111111
11111111111111111111111111111110000011011111111111111111111111111100111100000000111111111111111111111111111111111111100111111111111110000001010000000001111111111111111100000000011111111111111111111111
11111111111111111111111111111110000011011111111111111111111111111100111100000000111111111111111111111111111111111111100111111111111111100000100000000001111111111111111100000000011111111111111111111111
11111111111111111111111111111110000011011111111111111111111111111100111100000000111111111111111111111111111111111111100111111111111111010000000000000001111111111111111100000000011111111111111111111111
11111111111111111111111111111110000011011111111111111111111111111100111100000000111111111111111111111111111111111111100111111111111110101000010000000001111111111111111100000000011111111111111111111111
11111111111111111111111111111110000011011111111111111111111111111100111100000000111111111111111111111111111111111111100111111111111111010100010000000001111111111111111100000000011111111111111111111111
11111111111111111111111111111110000011011111111111111111111111111100111100000000111111111111111111111111111111111111100111111111111111101001100000000001111111111111111100000000011111111111111111111111
00000000000000000000000000000000000000000000000000000000000000000000000000000000000000000000000000000000000000000000000000000000000000000000000000010111111111100000000000000000011111011111111111111111
00000000000000000000000000000000000000000000000000000000000000000000000000000000000000000000000000000000000000000000000000000000000000000000000000010111111111100000000000000000011111111111111111111111
00000000000000000000000000000000000000000000000000000000000000000000000000000000000000000000000000000000000000000000000000000000000000000000000000001111111111100000000000000000011111111111111111111111
00000000000000000000000000000000000000000000000000000000000000000000000000000000000000000000000000000000000000000000000000000000000000000000000000001111111111100000000000000000011111111111111111111111
00000000000000000000000000000000000000000000000000000000000000000000000000000000000000000000000000000000000000000000000000000000000000000000000000000001111111100000000000000000011111111111111111111111
00000000000000000000000000000000000000000000000000000000000000000000000000000000000000000000000000000000000000000000000000000000000000000000001100001111111111100000000000000000011111111111111111111111
00000000000000000000000000000000000000000000000000000000000000000000000000000000000000000000000000000000000000000000000000000000000000000000000011010001111111100000000000000000011111111111111111111111
00000000000000000000000000000000000000000000000000000000000000000000000000000000000000000000000000000000000000000000000000000000000000000000001111010011111111100000000000000000011111111111111111111111
00000000000000000000000000000000000000000000000000000000000000000000000000000000000000000000000000000000000000000000000000000000000000000000001111010101111111100000000000000000011111111111111111111111
11111111111111111111111111111111111111111111111111111111111111111111111111111111111111111111111111111111111111111111111111111111111111111111111111111110000111111111111111111111111111111111111111111111
11111111111111111111111111111111111111111111111111111111111111111111111111111111111111111111111111111111111111111111111111111111111111111111111111111110000011111111111111111111111111111111111111111111
11111111111111111111111111111111111111111111111111111111111111111111111111111111111111111111111111111111111111111111111111111111111111111111111111111110000001111111111111111111111111111111111111111111
11111111111111111111111111111111111111111111111111111111111111111111111111111111111111111111111111111111111111111111111111111111111111111111111111111110000000111111111111111111111111111111111111111111
11111111111111111111111111111111111111111111111111111111111111111111111111111111111111111111111111111111111111111111111111111111111111111111111111111111000001111111111111111111111111111111111111111111
11111111111111111111111111111111111111111111111111111111111111111111111111111111111111111111111111111111111111111111111111111111111111111111111111111111100000111111111111111111111111111111111111111111
11111111111111111111111111111111111111111111111111111111111111111111111111111111111111111111111111111111111111111111111111111111111111111111111111111111110100111111111111111111111111111111111111111111
11111111111111111111111111111111111111111111111111111111111111111111111111111111111111111111111111111111111111111111111111111111111111111111111111111111111111011111111111111111111111111111111111111111
00000000000000111111111111111111111111111111110000000001111111110000000000000000111111111111111111111111111111111111000000001111111111111111110000000001111111100001011100000000011111111111111111111111
00000000000000111111111111111111111111111111110000000001111111110000000000000000111111111111111111111111111111111111000000001111111111111111110000000001111111100000101000000000011111111111111111111111
00000000000000111111111111111111111111111111110000000001111111110000000000000000111111111111111111111111111111111111000000001111111111111111110000000001111111100000100100000000011111111111111111111111
00000000000000111111111111111111111111111111110000000001111111110000000000000000111111111111111111111111111111111111000000001111111111111111110000000001111111100000010000000000011111111111111111111111
00000000000000111111111111111111111111111111110000000001111111110000000000000000111111111111111111111111111111111111000000001111111111111111110000000001111111110000000100000000011111111111111111111111
00000000000000111111111111111111111111111111110000000001111111110000000000000000111111111111111111111111111111111111000000001111111111111111110000000001111111101100011100000000011111111111111111111111
00000000000000111111111111111111111111111111110000000001111111110000000000000000111111111111111111111111111111111111000000001111111111111111110000000001111111110010101000000000011111111111111111111111
00000000000000111111111111111111111111111111110000000001111111110000000000000000111111111111111111111111111111111111000000001111111111111111110000000001111111111000110100000000011111111111111111111111
00000000000000111111111111111111111111111111110000000001111111110000000000000000111111111111111111111111111111111111000000001111111111111111110000000001111111110101101000000000011111111111111111111111
00000000000000000000000000000000000000000000000000000000000000000000000001100011111111111111111111000000000111111111000000001111111110000000000000000001111111100000000001101100011111111111111111111111
00000000000000000000000000000000000000000000000000000000000000000000000001100011111111111111111111000000000111111111000000001111111110000000000000000001111111100000000010110000011111111111111111111111
00000000000000000000000000000000000000000000000000000000000000000000000001100011111111111111111111000000000111111111000000001111111110000000000000000001111111100000000011010010011111111111111111111111
00000000000000000000000000000000000000000000000000000000000000000000000001100011111111111111111111000000000111111111000000001111111110000000000000000001111111100000000001101101011111111111111111111111
00000000000000000000000000000000000000000000000000000000000000000000000001100011111111111111111111000000000111111111000000001111111110000000000000000001111111100000000010010110011111111111111111111111
00000000000000000000000000000000000000000000000000000000000000000000000001100011111111111111111111000000000111111111000000001111111110000000000000000001111111100000000010011011011111111111111111111111
00000000000000000000000000000000000000000000000000000000000000000000000001100011111111111111111111000000000111111111000000001111111110000000000000000001111111100000000000101100011111111111111111111111
00000000000000000000000000000000000000000000000000000000000000000000000001100011111111111111111111000000000111111111000000001111111110000000000000000001111111100000000000010100111111111111111111111111
00000000000000000000000000000000000000000000000000000000000000000000000001100011111111111111111111000000000111111111000000001111111110000000000000000001111111100000000000000001011111111111111111111111
11111111111111111111111111111111111111111111111111111111111111111111111111111111111111111111111111111111111111111111101111111111111111111111111111111111111111111111111111111111101100011111111111111111
11111111111111111111111111111111111111111111111111111111111111111111111111111111111111111111111111111111111111111111100111111111111111111111111111111111111111111111111111111111110111011111111111111111
11111111111111111111111111111111111111111111111111111111111111111111111111111111111111111111111111111111111111111111100111111111111111111111111111111111111111111111111111111111111011011111111111111111
11111111111111111111111111111111111111111111111111111111111111111111111111111111111111111111111111111111111111111111101111111111111111111111111111111111111111111111111111111111101100111111111111111111
11111111111111111111111111111111111111111111111111111111111111111111111111111111111111111111111111111111111111111111101111111111111111111111111111111111111111111111111111111111101100111111111111111111
11111111111111111111111111111111111111111111111111111111111111111111111111111111111111111111111111111111111111111111101111111111111111111111110111111111111111111111111111111111100011011111111111111111
11111111111111111111111111111111111111111111111111111111111111111111111111111111111111111111111111111111111111111111111111111111111111111111111111111111111111111111111111111111111111101110000111111111
11111111111111111111111111111111111111111111111111111111111111111111111111111111111111111111111111111111111111111111111111111111111111111111111111111111111111111111111111111111111111110111100111111111
11111111111111111111111111111111111111111111111111111111111111111111111111111111111111111111111111111111111111111111111111111111111111111111111111111111111111111111111111111111111111111011000111111111
11111111111111111111111111111111111111111111111111111111111111111111111111111111111111111111111111111111111111111111111111111111111111111111111111111111111111111111111111111111111111111101111111111111
11111111111111111111111111111111111111111111111111111111111111111111111111111111111111111111111111111111111111111111111111111111111111111111111111111111111111111111111111111111111111101110100111111111
11111111111111111111111111111111111111111111111111111111111111111111111111111111111111111111111111111111111111111111111111111111111111111111111111111111111111111111111111111111111111101011000111111111
11111111111111111111111111111111111111111111111111111111111111111111111111111111111111111111111111111111111111111111111111111111111111111111111111111111111111111111111111111111111111100010000111111111
11111111111111111111111111111111111111111111111111111111111111111111111111111111111111111111111111111111111111111111111111111111111111111111111111111111111111111111111111111111111111100010000111111111
11111111111111111111111111111111111111111111111111111111111111111111111111111111111111111111111111111111111111111111111111111111111111111111111111111111111111111111111111111111111111111111111000010011
11111111111111111111111111111111111111111111111111111111111111111111111111111111111111111111111111111111111111111111111111111111111111111111111111111111111111111111111111111111111111111111111000001110
11111111111111111111111111111111111111111111111111111111111111111111111111111111111111111111111111111111111111111111111111111111111111111111111111111111111111111111111111111111111111111111111000001101
11111111111111111111111111111111111111111111111111111111111111111111111111111111111111111111111111111111111111111111111111111111111111111111111111111111111111111111111111111111111111111111111000000100
11111111111111111111111111111111111111111111111111111111111111111111111111111111111111111111111111111111111111111111111111111111111111111111111111111111111111111111111111111111111111111111111100000001
11111111111111111111111111111111111111111111111111111111111111111111111111111111111111111111111111111111111111111111111111111111111111111111111111111111111111111111111111111111111111111111111011000011
11111111111111111111111111111111111111111111111111111111111111111111111111111111111111111111111111111111111111111111111111111111111111111111111111111111111111111111111111111111111111111111111011100011
11111111111111111111111111111111111111111111111111111111111111111111111111111111111111111111111111111111111111111111111111111111111111111111111111111111111111111111111111111111111111111111111110001101
11111111111111111111111111111111111111111111111111111111111111111111111111111111111111111111111111111111111111111111111111111111111111111111111111111111111111111111111111111111111111111111111101011110
