011101000000000001111111111111111000000000111111111111111111
101101000000000001111111111111111000000000111111111111111111
110110100000000001111111111111111000000000111111111111111111
111010100000000001111111111111111000000000111111111111111111
001101000000000001111111111111111000000000111111111111111111
110010000000000001111111111111111000000000111111111111111111
001100000000000001111111111111111000000000111111111111111111
000000000000000001111111111111111000000000111111111111111111
000000000111011011111111111111111000000000111111111111111111
000000001011100001111111111111111000000000111111111111111111
000000001101100101111111111111111000000000111111111111111111
000000001110110001111111111111111000000000111111111111111111
000000000111011011111111111111111000000000111111111111111111
000000001001100101111111111111111000000000111111111111111111
000000001000100101111111111111111000000000111111111111111111
000000000010011011111111111111111000000000111111111111111111
000000001000100101111111111111111000000000111111111111111111
111111111111111110110100011111111000000000111111111111111111
111111111111111111011010011111111000000000111111111111111111
111111111111111111101101011111111000000000111111111111111111
111111111111111110110111011111111000000000111111111111111111
111111111111111111011010011111111000000000111111111111111111
111111111111111110101100111111111000000000111111111111111111
111111111111111110011000011111111000000000111111111111111111
111111111111111110000010011111111000000000111111111111111111
111111111111111111111111101100000000000000111111111111111111
111111111111111111111111110101000000000000111111111111111111
111111111111111111111111111010011000000000111111111111111111
111111111111111111111111100101000000000000111111111111111111
111111111111111111111111101010100000000000111111111111111111
111111111111111111111111100001000000000000111111111111111111
111111111111111111111111100100000000000000111111111111111111
111111111111111111111111100100000000000000111111111111111111
000000000000000000000000000000000011101000111111111111111111
000000000000000000000000000000000101101000111111111111111111
000000000000000000000000000000000110110100111111111111111111
000000000000000000000000000000000111010110111111111111111111
000000000000000000000000000000000001101001111111111111111111
000000000000000000000000000000000110010000111111111111111111
000000000000000000000000000000000001100010111111111111111111
000000000000000000000000000000000000100100111111111111111111
000000000000000000000000000000000000010000111111111111111111
111111111111111111111111111111111111111111011000000111111111
111111111111111111111111111111111111111111101100000111111111
111111111111111111111111111111111111111111110111100111111111
111111111111111111111111111111111111111111011010111111111111
111111111111111111111111111111111111111111001101000111111111
111111111111111111111111111111111111111111001010000111111111
111111111111111111111111111111111111111111001100010111111111
111111111111111111111111111111111111111111000100100111111111
111111111111111111111111111111111111111111000100000111111111
111111111111111111111111111111111111111111111111111011100001
111111111111111111111111111111111111111111111111111101110001
111111111111111111111111111111111111111111111111111110111000
111111111111111111111111111111111111111111111111111111011110
111111111111111111111111111111111111111111111111111011101000
111111111111111111111111111111111111111111111111111001110111
111111111111111111111111111111111111111111111111111000101010
111111111111111111111111111111111111111111111111111000101100
111111111111111111111111111111111111111111111111111110001000
