00000111111111111111111111000000000000000000000000
00000100111111111111111111000000000000000000000000
00000011111111111111111111000000000000000000000000
00000001111111111111111111000000000000000000000000
00000001111111111000000000000000000000000000000000
11000011111111111111111111000000000000000000000000
10100100111111111111111111000000000000000000000000
10111100111111111111111111000000000000000000000000
11111111000111011111111111000000000000000000000000
11111111000011101111111111000000000000000000000000
11111111000000111111111111000000000000000000000000
11111111100000110111111111000000000000000000000000
11111111110001111111111111000000000000000000000000
11111111110010111111111111000000000000000000000000
11111111011111001111111111000000000000000000000000
11111111101111001111111111000000000000000000000000
11111111111011110111111111000000000000000000000000
11110111111111111000001110000000000000000000000000
11110111111111111000001000000000000000000000000000
11110111111111111000000111000000000000000000000000
11110111111111111000000111000000000000000000000000
11110111111111111000000011000000000000000000000000
11110111111111111110000101000000000000000000000000
11110111111111111101101001000000000000000000000000
11110111111111111101110001000000000000000000000000
11110111111111111001111110000000000000000000000000
00000000000000000000000000000101100000000000000000
00000000000000000000000000000010000000000000000000
00000000000000000000000000000011100000000000000000
00000000000000000000000000100000100000000000000000
00000000000000000000000000011001000000000000000000
00000000000000000000000000101010100000000000000000
00000000000000000000000000101101000000000111111111
00000000000000000000000000000000000001111000000000
00000000000000000000000000000000000001111000000000
00000000000000000000000000000000000001011000000000
00000000000000000000000000000000000000111000000000
00000000000000000000000000000000011100001000000000
00000000000000000000000000000000011010000000000000
00000000000000000000000000000000011110001000000000
00000000000000000000000000000000011111010000000000
00000000000000000000000000000000100000000000010011
00000000000000000000000000000000100000000000001111
00000000000000000000000000000000100000000000001111
00000000000000000000000000000000100000000000001100
00000000000000000000000000000000100000000100000011
00000000000000000000000000000000100000000011100101
00000000000000000000000000000000100000000011101000
00000000000000000000000000000000100000000111010001
00000000000000000000000000000000100000000111011010
