000111111000000001111111111111110000001110001001000000000111111111100000000011111111111111111100000000011111111111100000000000000000111111111000000000
000011110000000001111111111111110000001110001001000000000111111111100000000011111111111111111100000000011111111111100000000000000000111111111000000000
000000111000000001111111111111110000001110001001000000000111111111100000000011111111111111111100000000011111111111100000000000000000111111111000000000
100001111000000001111111111111110000001110001001000000000111111111100000000011111111111111111100000000011111111111100000000000000000111111111000000000
110000011000000001111111111111110000001110001001000000000111111111100000000011111111111111111100000000011111111111100000000000000000111111111000000000
110100101000000001111111111111110000001110001001000000000111111111100000000011111111111111111100000000011111111111100000000000000000111111111000000000
111101001000000001111111111111110000001110001001000000000111111111100000000011111111111111111100000000011111111111100000000000000000111111111000000000
111110001000000001111111111111110000001110001001000000000111111111100000000011111111111111111100000000011111111111100000000000000000111111111000000000
101111110000000001111111111111110000001110001001000000000111111111100000000011111111111111111100000000011111111111100000000000000000111111111000000000
000000000000011111111111111111110000001110001001000000000111111111100000000011111111111111111100000000011111111111100000000000000000111111111000000000
000000000000011111111111111111110000001110001001000000000111111111100000000011111111111111111100000000011111111111100000000000000000111111111000000000
000000000000000111111111111111110000001110001001000000000111111111100000000011111111111111111100000000011111111111100000000000000000111111111000000000
000000000000000011111111111111110000001110001001000000000111111111100000000011111111111111111100000000011111111111100000000000000000111111111111111111
000000000110000111111111111111110000001110001001000000000111111111100000000011111111111111111100000000011111111111100000000000000000111111111000000000
000000000110000111111111111111110000001110001001000000000111111111100000000011111111111111111100000000011111111111100000000000000000111111111111111111
000000000111011001111111111111110000001110001001000000000111111111100000000011111111111111111100000000011111111111100000000000000000111111111000000000
000000000111111001111111111111110000001110001001000000000111111111100000000011111111111111111100000000011111111111100000000000000000111111111000000000
111111111111111110111000011111110000001110001001000000000111111111100000000011111111111111111100000000011111111111100000000000000000111111111111111111
111111111111111111011101111111110000001110001001000000000111111111100000000011111111111111111100000000011111111111100000000000000000111111111111111111
111111111111111111101110111111110000001110001001000000000111111111100000000011111111111111111100000000011111111111100000000000000000111111111111111111
111111111111111111110110111111110000001110001001000000000111111111100000000011111111111111111100000000011111111111100000000000000000111111111111111111
111111111111111110111001000000000000000000000000000000000111111111100000000011111111111111111100000000011111111111100000000000000000111111111111111111
111111111111111110011001011111110000001110001001000000000111111111100000000011111111111111111100000000011111111111100000000000000000111111111111111111
111111111111111110100110011111110000001110001001000000000111111111100000000011111111111111111100000000011111111111100000000000000000111111111111111111
111111111111111110111000000000000000000000000000000000000111111111100000000011111111111111111100000000011111111111100000000000000000111111111111111111
111111111111111111111011001100000000000000000000000000000111111111100000000011111111111111111100000000011111111111100000000000000000111111111111111111
111111111111111111111011010011100000001100000000000000000111111111100000000011111111111111111100000000011111111111100000000000000000111111111111111111
111111111111111111111011010011100000001100000000000000000111111111100000000011111111111111111100000000011111111111100000000000000000111111111111111111
111111111111111111111011001100000000000000000000000000000111111111100000000011111111111111111100000000011111111111100000000000000000111111111111111111
111111111111111111111011001100010000000000000000000000000111111111100000000011111111111111111100000000011111111111100000000000000000111111111111111111
111111111111111111111011001100000000000010001001000000000111111111100000000011111111111111111100000000011111111111100000000000000000111111111111111111
111111111111111111111011000001000000000000000000000000000111111111100000000011111111111111111100000000011111111111100000000000000000111111111111111111
000000000000000000000000000000000010111100000000000000000111111111100000000011111111111111111100000000000100111111100000000000000000111111111000000000
000000000000000000000000000000000001111000000000000000000111111111100000000011111111111111111100000000011000111111100000000000000000111111111000000000
000000000000000000000000000000001000110000000000000000000111111111100000000011111111111111111100000000011111111111100000000000000000111111111000000000
000000000000000000000000000000000100001100000000000000000111111111100000000011111111111111111100000000011111111111100000000000000000111111111000000000
000000000000000000000000000000001110010100000000000000000111111111100000000011111111111111111100000000011111111111100000000000000000111111111000000000
000000000000000000000000000000001110100100000000000000000111111111100000000011111111111111111100000000011111111111100000000000000000111111111000000000
111111111111111111111011001100001101000100000000000000000111111111100000000011111111111111111100000000011111111111100000000000000000111111111111111111
111111111111111111111011001100001001111000000000000000000111111111100000000011111111111111111100000000011111111111100000000000000000111111111111111111
111111111111111111111011000000100000000000001111000000000111111111100000000011111111111111111100000000011111111111100000000000000000111111111111111111
000000000000000000000000000000000000000000001010000000000111111111100000000011111111111111111100000000000111111111100000000000000000111111111000000000
000000000000000000000000000000000000000000000111000000000111111111100000000011111111111111111100000000011111111111100000000000000000111111111000000000
000000000000000000000000000000000000000000000101000000000111111111100000000011111111111111111100000000011111111111100000000000000000111111111000000000
111111111111111111111011000000100000000011000001000000000111111111100000000011111111111111111100000000011111111111100000000000000000111111111111111111
000000000000000000000000000000000000000010110010000000000111111111100000000011111111111111111100000000011111111111100000000000000000111111111000000000
000000000000000000000000000000000000000011100101000000000111111111100000000011111111111111111100000000011111111111100000000000000000111111111000000000
111111111111111111111011000000100000000010111010000000000111111111100000000011111111111111111100000000011111111111100000000000000000111111111111111111
000000000000000000000000000000000000000000000000000011111101000000000000000011110110011111111100000000011111111111100000000000000000000000000000000000
000000000000000000000000000000000000000000000000000011111111111111100000000011111111111111111100000000011111111111100000000000000000111111111000000000
000000000000000000000000000000000000000000000000000000111111111111100000000011111111111111111100000000011111111111100000000000000000111111111000000000
000000000000000000000000000000000000000000000000000000110010101111100000000000011111111111111100000000011111111111100000000000000000000000000000000000
000000000000000000000000000000000000000000000000110000111111111111100000000011111111111111111100000000011111111111100000000000000000111111111000000000
000000000000000000000000000000000000000000000000110000001111111111100000000011111111111111111100000000011111111111100000000000000000111111111000000000
000000000000000000000000000000000000000000000000111110001111111111100000000011111111111111111100000000011111111111100000000000000000111111111000000000
000000000000000000000000000000000000000000000000111110001111111111100000000011111111111111111100000000011111111111100000000000000000111111111000000000
000000000000000000000000000000000000000000000000111011110111111111100000000011111111111111111100000000011111111111100000000000000000111111111000000000
111111111111111111111111111111111111111111111111111011111011101111100000000011111111111111111100000000011111111111100000000000000000111111111111111111
111111111111111111111111111111111111111111111111011111111101100000000000000011111110111111111100000000011111111111100000000000000000111111111111111111
111111111111111111111111111111111111111111111111111011111110001111100000000011111111111111111100000000011111111111100000000000000000000000000111111111
111111111111111111111111111111111111111111111111011111111110001111100000000011111111111111111100000000011111111111100000000000000000000000000111111111
111111111111111111111111111111111111111111111111011011111000001101000000000000101111111111111100000000011111111111100000000000000000000000000111111111
111111111111111111111111111111111111111111111111011111111101110110100000000011111111111111111100000000011111111111100000000000000000111111111111111111
111111111111111111111111111111111111111111111111011111111101111011000000000011111111111111111100000000011111111111100000000000000000111111111111111111
111111111111111111111111111111111111111111111111011111111101101101000000000011111111111111111100000000011111111111100000000000000000111111111111111111
111111111111111111111111111111111111111111111111011111111101110110100000000011111111111111111100000000011111111111100000000000000000111111111111111111
111111111111111111111111111111111111111111111111011111111101101001000000000011111111111111111100000000011111111111100000000000000000111111111111111111
000000000000000000000000000000000000000000000000000000000000000000001111010011101011111111111100000000011111111111100000000000000000000000000000000000
000000000000000000000000000000000000000000000000000000000000000000010111101011111111111111111100000000011111111111100000000000000000000000000000000000
000000000000000000000000000000000000000000000000000000000000000000011011101011111111111111111100000000011111111111100000000000000000000000000000000000
000000000000000000000000000000000000000000000000000000000000000000011101110111111111111111111100000000011111111111100000000000000000000000000000000000
000000000000000000000000000000000000000000000000000000000000000000011110111111111111111111111100000000011111111111100000000000000000000000000000000000
000000000000000000000000000000000000000000000000000000000000000000001111011011110001011111111100000000011111111111100000000000000000000000000000000000
000000000000000000000000000000000000000000000000000000000000000000010011100011111111111111111100000000011111111111100000000000000000000000000000000000
000000000000000000000000000000000000000000000000000000000000000000001101100111111111111111111100000000011111111111100000000000000000000000000000000000
000000000000000000000000000000000000000000000000000000000000000000000011001000011111111111111100000000011111111111100000000000000000000000000000000000
111111111111111111111111111111111111111111111111111011111111101111111111111001101111111111111100000000011111111111100000000000000000000000000111111111
111111111111111111111111111111111111111111111111111011111111101111111111111010111111111111111100000000011111111111100000000000000000000000000111111111
111111111111111111111111111111111111111111111111111011111111111111111111111011011111111111111100000000011111111111100000000000000000111111111111111111
111111111111111111111111111111111111111111111111111111111111101111101111111101101111111111111100000000011111111111100000000000000000111111111111111111
111111111111111111111111111111111111111111111111011111111111111111111111011111110110011111111100000000011111111111100000000000000000111111111111111111
111111111111111111111111111111111111111111111111111111111111111111101111011111111011011111111100000000011111111111100000000000000000111111111111111111
111111111111111111111111111111111111111111111111111111111111111111111111011111111101011111111100000000011111111111100000000000000000111111111111111111
111111111111111111111111111111111111111111111111011111111101111111111111111111110110111111111100000000011111111111100000000000000000111111111111111111
111111111111111111111111111111111111111111111111011111111111111111111111011111110001011111111100000000011111111111100000000000000000111111111111111111
111111111111111111111111111111111111111111111111111111111111111111111111111111111111101111000000000000011111111111100000000000000000111111111111111111
111111111111111111111111111111111111111111111111111111111111111111111111111111111111110111101000000000011111111111100000000000000000111111111111111111
111111111111111111111111111111111111111111111111111111111111111111111111111111111111111011110000000000011111111111100000000000000000111111111111111111
111111111111111111111111111111111111111111111111111111111111111111111111111111111111111101110100000000011111111111100000000000000000111111111111111111
111111111111111111111111111111111111111111111111111111111111111111111111111111111111111110111000000000011111111111100000000000000000111111111111111111
111111111111111111111111111111111111111111111111111111111111111111111111111111111111101111010100000000011111111111100000000000000000111111111111111111
111111111111111111111111111111111111111111111111111111111111111111111111111111111111100111101000000000011111111111100000000000000000111111111111111111
111111111111111111111111111111111111111111111111111111111111111111111111111111111111101001010100000000011111111111100000000000000000111111111111111111
111111111111111111111111111111111111111111111111111111111111111111111111111111111111100010101000000000011111111111100000000000000000111111111111111111
000000000000000000000000000000000000000000000000000000000000000000000000000000000000000000000001110111011111111111100000000000000000000000000000000000
000000000000000000000000000000000000000000000000000000000000000000000000000000000000000000000010111000111111111111100000000000000000000000000000000000
000000000000000000000000000000000000000000000000000000000000000000000000000000000000000000000011011011111111111111100000000000000000000000000000000000
000000000000000000000000000000000000000000000000000000000000000000000000000000000000000000000011101100011111111111100000000000000000000000000000000000
000000000000000000000000000000000000000000000000000000000000000000000000000000000000000000000001110111011111001011000000000000000000000000000000000000
000000000000000000000000000000000000000000000000000000000000000000000000000000000000000000000010011010011111111111100000000000000000000000000000000000
000000000000000000000000000000000000000000000000000000000000000000000000000000000000000000000010101101011111111111100000000000000000000000000000000000
000000000000000000000000000000000000000000000000000000000000000000000000000000000000000000000010101010111111111111100000000000000000000000000000000000
000000000000000000000000000000000000000000000000000000000000000000000000000000000000000000000001100001011111111111100000000000000000000000000000000000
111111111111111111111111111111110111111110111111111111111111111111111111111111111111111111111111111111101100111111100000000000000000111111111111111111
111111111111111111111111111111110111111110111111111111111111111111111111111111111111111111111111111111110100111111100000000000000000111111111111111111
111111111111111111111111111111111011111111111111111111111111111111111111111111111111111111111111111111111000111111100000000000000000111111111111111111
111111111111111111111111111111110011111111111111111111111111111111111111111111111111111111111111111111100001111111100000000000000000111111111111111111
111111111111111111111111111111110011111111111111111111111111111111111111111111111111111111111111111111100010111111100000000000000000111111111111111111
111111111111111111111111111111111111111111111111111111111111111111111111111111111111111111111111110111111111010100000000000000000000111111111111111111
111111111111111111111111111111111111111111111111111111111111111111111111111111111111111111111111110111111111101010000000000000000000111111111111111111
111111111111111111111111111111111111111111111111111111111111111111111111111111111111111111111111111111111111010100000000000000000000111111111111111111
111111111111111111111111111111111111111111111111111111111111111111111111111111111111111111111111110111111111101011000000000000000000111111111111111111
111111111111111111111111111111111111111111111111111111111111111111111111111111111111111111111111111111111111010100000000000000000000111111111111111111
111111111111111111111111111111111111111111111111111111111111111111111111111111111111111111111111111111111111000100000000000000000000111111111111111111
111111111111111111111111111111111111111111111111111111111111111111111111111111111111111111111111110111111111000000000000000000000000111111111111111111
000000000000000000000000000000000000000000000000000000000000000000000000000000000000000000000000000000000000000000001101000111111111000000000000000000
000000000000000000000000000000000000000000000000000000000000000000000000000000000000000000000000000000000000000000010110100111111111000000000000000000
000000000000000000000000000000000000000000000000000000000000000000000000000000000000000000000000000000000000000000011011001111111111000000000000000000
000000000000000000000000000000000000000000000000000000000000000000000000000000000000000000000000000000000000000000001101110111111111000000000000000000
000000000000000000000000000000000000000000000000000000000000000000000000000000000000000000000000000000000000000000010110110111111111000000000000000000
000000000000000000000000000000000000000000000000000000000000000000000000000000000000000000000000000000000000000000001011001111111111000000000000000000
000000000000000000000000000000000000000000000000000000000000000000000000000000000000000000000000000000000000000000000011000111111111000000000000000000
000000000000000000000000000000000000000000000000000000000000000000000000000000000000000000000000000000000000000000000100100111111111000000000000000000
000000000000000000000000000000000000000000000000000000000000000000000000000000000000000000000000000000000000000000011111111011101000000000000000000000
000000000000000000000000000000000000000000000000000000000000000000000000000000000000000000000000000000000000000000011111111101101000000000000000000000
000000000000000000000000000000000000000000000000000000000000000000000000000000000000000000000000000000000000000000011111111110110010000000000000000000
000000000000000000000000000000000000000000000000000000000000000000000000000000000000000000000000000000000000000000011111111111010111000000000000000000
000000000000000000000000000000000000000000000000000000000000000000000000000000000000000000000000000000000000000000011111111001101110000000000000000000
000000000000000000000000000000000000000000000000000000000000000000000000000000000000000000000000000000000000000000011111111110010101000000000000000000
000000000000000000000000000000000000000000000000000000000000000000000000000000000000000000000000000000000000000000011111111000111000000000000000000000
000000000000000000000000000000000000000000000000000000000000000000000000000000000000000000000000000000000000000000011111111001110000000000000000000000
000000000000000000000000000000000000000000000000000000000000000000000000000000000000000000000000000000000000000000011111111000101000000000000000000000
111111111111111111111111111111111111111111111111011011111110001111100000000000111111111111111100000000011111111111100000000000000000011010000111111111
111111111111111111111111111111111111111111111111011011111110001111100000000000111111111111111100000000011111111111100000000000000000101100000111111111
111111111111111111111111111111111111111111111111011011111110001111100000000000111111111111111100000000011111111111100000000000000000110110000111111111
111111111111111111111111111111111111111111111111011011111110001111100000000000111111111111111100000000011111111111100000000000000000011011010111111111
111111111111111111111111111111111111111111111111011011111110001111100000000000111111111111111100000000011111111111100000000000000000101101100111111111
111111111111111111111111111111111111111111111111011011111110001111100000000000111111111111111100000000011111111111100000000000000000000110100111111111
111111111111111111111111111111111111111111111111011011111110001111100000000000111111111111111100000000011111111111100000000000000000000011001111111111
111111111111111111111111111111111111111111111111011011111110001111100000000000111111111111111100000000011111111111100000000000000000000100000111111111
111111111111111111111111111111111111111111111111011011111110001111100000000000111111111111111100000000011111111111100000000000000000000000100111111111
000000000000101001111111111111110000001110001001000000000111111111100000000011111111111111111100000000011111111111100000000000000000111111111000101110
000000000000101001111111111111110000001110001001000000000111111111100000000011111111111111111100000000011111111111100000000000000000111111111000010111
000000000000101001111111111111110000001110001001000000000111111111100000000011111111111111111100000000011111111111100000000000000000111111111000001001
000000000000101001111111111111110000001110001001000000000111111111100000000011111111111111111100000000011111111111100000000000000000111111111100001001
000000000000101001111111111111110000001110001001000000000111111111100000000011111111111111111100000000011111111111100000000000000000111111111010000111
000000000000101001111111111111110000001110001001000000000111111111100000000011111111111111111100000000011111111111100000000000000000111111111101100110
000000000000101001111111111111110000001110001001000000000111111111100000000011111111111111111100000000011111111111100000000000000000111111111110011011
000000000000101001111111111111110000001110001001000000000111111111100000000011111111111111111100000000011111111111100000000000000000111111111110011101
000000000000101001111111111111110000001110001001000000000111111111100000000011111111111111111100000000011111111111100000000000000000111111111011110110
