011000000000000000000011111111
101111000000000000000011111111
110100000000000000000011111111
011000000000000000000011111111
010001110000000000000011111111
010010010000000000000011111111
000010000000000000000011111111
000011000000000000000011111111
000000000111010000000011111111
000000001011100000000011111111
000000001101101100000011111111
000000001110110000000011111111
000000000111010000000011111111
000000001001101000000011111111
000000000010010000000011111111
000000000010000000000011111111
000000000000000000001111111111
000000000000000000001111111111
000000000000000000001111111111
000000000000000000000011111111
000000000000000011100111111111
000000000000000011101011111111
111111111111111111111100011001
111111111111111111111100000111
111111111111111111111100000110
111111111111111111111110001001
111111111111111111111110010001
111111111111111111111101100011
111111111111111111111101100100
111111111111111111111111011100
