00011111100111111111111111111111111111111111111111111111100000000111111110000000011111111111111111111111111111111110000111111100000000011111111111111111111111111111111111111111111111110000000111111111
00001111100111111111111111111111111111111111111000000111100000000111111110000000011111111000000000111111111111111110000111111100000000011111111111111111111111100000000011111111111111110000000111111111
00000000000011000111111111111111111111111111111000000000100000000111111110000000011110000111111111111111111111111110000111111100000000011111111111111111111111100000000011111111111111110000000111111111
10000000000011100111111111000000001111111111111111111001000000000111111110000000011110000111111111111111111111111110000111111100000000011111111111111111111111111111111111111111111111110000000111111111
11000001011011111111111111111111111111111111111111111111100000000111111110000000011111111111111111111111111111111110001111111111111111111111111111111111111111111111111111111111111111110000000111111111
11000000101111100111111111111111111111111111111111111111100000000111111110000000011111111111111111111111111111111110000111111100000000011111111111111111111111111111111111111111111111110000000111111111
11000000010100011111111111111111111110001111111111111111100000000111111110000000011111111111111111111111111111111110000111111100000000011111111111111111111111111111111111111111111111110000000111111111
11001000001011111111111111111111111111111111111111111111100000000111111110000000011111111111111111111111111111111110000111111100000000011111111111111111111111111111111111111111111111110000000111111111
11000100001111111111111111111111111111111111111111111011000000000111111110000000011111111111111111111111111111111110000111111100000000011111111111111111111111111111111111111111111111110000000111111111
00001010000111111111111111000000001111111111111000000111100000000111111110000000011111111000000000111111111111111110000111111100000000011111111111111111111111100000000011111111111111110000000111111111
00001101100111111111111111000000001111111111111000000111100000000111111110000000011111111000000000111111111111111110000111111100000000011111111111111111111111100000000011111111111111110000000111111111
11000110111011111111111111111111111111111111111111111111100000000111111110000000011111111111111111111111111111111110000111111100000000011111111111111111111111111111111111111111111111110000000111111111
11111101111101100111111111111111111111111111111111111111100000000111111110000000011111111111111111111111111111111110000111111100000000011111111111111111111111111111111111111111111111110000000111111111
11111101111110110111111111111111110010011111111111111111100000000100000000000000011111111111111111111111111111111111100111111111111111111111111111111111111111111111111111111111111111110000000111111111
11011101111111011111111111111111111111111111111111111111100000000111111110000000011111111111111111111111111111111110000111111100000000011111111111111111111111111111111111111111111111110000000111111111
11001011111101101111111111111111111111111111111111111111100000000111111110000000011111111111111111111111111111111110000111111100000000011111111111111111111111111111111111111111111111110000000111111111
11001011111100110111111111111111111111111111111111111111100000000111111110000000011111111111111111111111111111111110000111111100000000011111111111111111111111111111111111111111111111110000000111111111
11111111111111111011001000111111111111111111111111111111100000000111111110000000011111111111111111111111111111111110000111111100000000011111111111111111111111111111111111111111111111110000000111111111
11111111111111111101110000111111111111111111111111111111100000000111111110000000011111111111111111111111111111111110000111111100000000011111111111111111111111111111111111111111111111110000100111111111
11111111111111111110110111111111111111111111111111111111100000000111111110000000011111111111111111111111111111111110000111111100000000011111111111111111111111111111111111111111111111110000000111111111
11111111111111111011001000111111111111111111110111111111100000000111111110000000011111111111111111111111111111111110000111111100000000011111111111111111111111111111111111111111111111110000000111111111
11111111111111111011001100111111111111111111111111111111100000000111111110000000011111111111111111111111111111111110000111111100000000011111111111111111111111111111111111111111111111110000000111111111
11111111111111111100110000111111111111111111111111111111100000000111111110000000011111111111111111111111111111111110000111111100000000011111111111111111111111111111111111111111111111110000000111111111
11111111111111111001010011111111111111111111111111111111100000000111111110000000011111111111111111111111111111111110000111111100000000011111111111111111111111111111111111111111111111110000000111111111
11111111111111111001000100111111111111110111001111111111100000000111111110000000011111111111111111111111111111111110000111111100000000011111111111111111111111111111111111111111111111110000000111111111
11111111111111111001000100111111111111111111111111111111100000000111111110000000011111111111111111111111111111111110000111111100000000011111111111111111111111111111111111111111111111110000000111111111
11101111100111111111111111000001111111111111111111111111100000000111111110000000011111111000000000111111111111111110000111111100000000011111111111111111111111111111111111111111111111110000000111111111
11101111100111111111111111000001011111111111111111111111100000000111111110000000011111111000000000111111111111111110000111111100000000011111111111111111111111111111111111111111111111110000000111111111
11101111100111111111111111000001011111111111111111111111100000000111111110000000011111111000000000111111111111111110000111111100000000011111111111111111111111111111111111111111111111110000000111111111
11101111100111111111111111000000111111111111111111111111100000000111111110000000011111111000000000111111111111111110000111111100000000011111111111111111111111111111111111111111111111110000000111111111
11101111100111111111111111000000111111111111111111111111100000000111111110000000011111111000000000111111111111111110000111111100000000011111111111111111111111111111111111111111111111110000000111111111
11101111100111111111111111111000111111111111111111111111100000000111111110000000011111111000000000111111111111111110000111111100000000011111111111111111111111111111111111111111111111110000000111111111
11101111100111111111111111100111001111111111111111111111100000000111111110000000011111111000000000111111111111111110000111111100000000011111111111111111111111111111111111111111111111110000000111111111
11101111100111111111111111111111001111111111111111111111100000000111111110000000011111111000000000111111111111111110000111111100000000011111111111111111111111111111111111111111111111110000000111111111
11111111111110111111111111111111110111001111111111111111100000000111111110000000011111111111111111111111111111111110000111111100000000011111111111111111111111111111111111111111111111110000000111111111
11111111111110111111111111111111111011011111111111111111100000000111111110000000011111111111111111111111111111111110000111111100000000011111111111111111111111111111111111111111111111110000000111111111
11111111111111111111111111111111111101101111111111111111100000000111111110000000011111111111111111111111111111111110000111111100000000011111111111111111111111111111111111111111111111110000000111111111
11111101111110111111111111111111111110111111111111111111100000000100000000000000011111111111111111111111111111111110000111111100000000011111111111111111111111111111111111111111111111110000000111111111
11111101111110111111111111111111110011011111111111111111100000000111111110000000011111111111111111111111111111111110000111111100000000011111111111111111111111111111111111111111111111110000000111111111
11111101111111111111111111111111110101101111111111111111100000000100000000000000011111111111111111111111111111111110000111111100000000011111111111111111111111111111111111111111111111110000000111111111
11111111111111111111111101111111111111110110000111111111100000000111111110000000011111111111111111111111111111111110000111111100000000011111111111111111111111111111111111111111111111110000000111111111
11111111111111111111111111111111111111111010000111111111100000000111111110000000011111111111111111111111111111111110000111111100000000011111111111111111111111111111111111111111111111110000000111111111
11111111111111111111111111111111111111111101000111111111100000000111111110000000011111111111111111111111111111111110000111111100000000011111111111111111111111111111111111111111111111110000000111111111
11111111111111111111111111111111111111110010100111111111100000000111111110000000011111111111111111111111111111111110000111111100000000011111111111111111111111111111111111111111111111110000000111111111
11111111111111111111111101111111111111110001010111111111100000000111111110000000011111111111111111111111111111111110000111111100000000011111111111111111111111111111111111111111111111110000000111111111
11111111111111111111111101111111111111110000100111111111100000000111111110000000011111111111111111111111111111111110000111111100000000011111111111111111111111111111111111111111111111110000000111111111
11111111111111111111011111111111111111110000000111111111100000000111111110000000011111111111111111111111111111111110000111111100000000011111111111111111111111111111111111111111111111110000000111111111
10011111100111111111111111111111111111111111111011000111100000000111111110000000011111111111111111111111111111111110000111111100000000011111111111111111111111111111111111111111111111110000000111111111
10011111100111111111111111111111111111111111111101000111100000000111111110000000011111111111111111111111111111111110000111111100000000011111111111111111111111111111111111111111111111110000000111111111
10011111100111111111111111111111111111111111111110110111100000000111111110000000011111111111111111111111111111111110000111111100000000011111111111111111111111111111111111111111111111110000000111111111
10011111100111111111111111111111111111111111111001011111100000000111111110000000011111111111111111111111111111111110000111111100000000011111111111111111111111100000000011111111111111110000000111111111
10011111100111111111111111111111111111111111111001101111100000000111111110000000011111111111111111111111111111111110000111111100000000011111111111111111111111100000000011111111111111110000000111111111
10011111100111111111111111111111111111111111111000110111100000000111111110000000011111111111111111111111111111111110000111111100000000011111111111111111111111100000000011111111111111110000000111111111
11001111011111111111111111111111111111111111111111111011100000000111111110000000011111111111111111111111111111111110101111111100000000011111111111111111111111111111111111111111111111110000000111111111
11001111111111111111111111111111111111111111111111111101000000000111111110000000011111111111111111111111111111111110000111111100000000011111111111111111111111111111111111111111111111110000000111111111
11011111111111111111111111111111111111111111111111111110100000000111111110000000011111111111111111111111111111111110000111111100000000011111111111111111111111111111111111111111111111110000000111111111
11101111011111111111111111111111111111111111111111111101000000000111111110000000011110000111111111111111111111111110000111111100000000011111111111111111111111111111111111111111111111110000000111111111
00000000000000000000000000000000000000000000000000000000001111000100000000000000011110000000000000111111111111111110000111111100000000011111111111111111111111100000000011111111111111110000000111111111
00000000000000000000000000000000000000000000000000000000010110000100000000000000011110000000000000111111111111111110000111111100000000011111111111111111111111100000000011111111111111110000000111111111
00000000000000000000000000000000000000000000000000000000011011110100000000000000011110000000000000111111111111111110000111111100000000011111111111111111111111100000000011111111111111110000000111111111
00000000000000000000000000000000000000000000000000000000011101110100000000000000011110000000000000111111111111111110000111111100000000011111111111111111111111100000000011111111111111110000000111111111
00000000000000000000000000000000000000000000000000000000010110001100000000000000011110000000000000111111111111111110000111111100000000011111111111111111111111100000000011111111111111110000000111111111
00000000000000000000000000000000000000000000000000000000000110010100000000000000011110000000000000111111111111111110000111111100000000011111111111111111111111100000000011111111111111110000000111111111
00000000000000000000000000000000000000000000000000000000000110100100000000000000011110000000000000111111111111111110000111111100000000011111111111111111111111100000000011111111111111110000000111111111
00000000000000000000000000000000000000000000000000000000000001000100000000000000011110000000000000111111111111111110000111111100000000011111111111111111111111100000000011111111111111110000000111111111
11111111111111111111111111111111111111111111111111111111111111111011010000000000011111111111111111111111111111111110000111111100000000011111111111111111111111111111111111111111111111110000000111111111
11111111111110111111111111111111111110101111111111111111100000000101100000000000011111111111111111111111111111111110000111111100000000011111111111111111111111111111111111111111111111110000000111111111
11111111111110111111111111111111111110101111111111111111100000000110101000000000011111111111111111111111111111111110000111111100000000011111111111111111111111111111111111111111111111110000000111111111
11111111111110111111111111111111111110101111111111111111100000000011010100000000011111111111111111111111111111111110000111111100000000011111111111111111111111111111111111111111111111110000000111111111
11111111111110111111111111111111111110101111111111111111100000000100101000000000011111111111111111111111111111111110000111111100000000011111111111111111111111111111111111111111111111110000000111111111
11111111111110111111111111111111111110101111111111111111100000000001010110000000011111111111111111111111111111111110000111111100000000011111111111111111111111111111111111111111111111110000000111111111
11111111111110111111111111111111111110101111111111111111100000000000101000000000011111111111111111111111111111111110000111111100000000011111111111111111111111111111111111111111111111110000000111111111
11111111111110111111111111111111111110101111111111111111100000000000001000000000011111111111111111111111111111111110000111111100000000011111111111111111111111111111111111111111111111110000000111111111
00000000000000000000000000000000000000000000000000000000000000000000000000110000011110000000000000111111111111111110000111111100000000011111111111111111111111100000000011111111111111110000000111111111
00000000000000000000000000000000000000000000000000000000000000000000000001011000011110000000000000111111111111111110000111111100000000011111111111111111111111100000000011111111111111110000000111111111
00000000000000000000000000000000000000000000000000000000000000000000000001101100011110000000000000111111111111111110000111111100000000011111111111111111111111100000000011111111111111110000000111111111
00000000000000000000000000000000000000000000000000000000000000000000000000110011011110000000000000111111111111111110000111111100000000011111111111111111111111100000000011111111111111110000000111111111
00000000000000000000000000000000000000000000000000000000000000000000000000010010011110000000000000111111111111111110000111111100000000011111111111111111111111100000000011111111111111110000000111111111
00000000000000000000000000000000000000000000000000000000000000000000000000001100011110000000000000111111111111111110000111111100000000011111111111111111111111100000000011111111111111110000000111111111
00000000000000000000000000000000000000000000000000000000000000000000000000001000111110000000000000111111111111111110000111111100000000011111111111111111111111100000000011111111111111110000000111111111
00000000000000000000000000000000000000000000000000000000000000000000000000000001011110000000000000111111111111111110000111111100000000011111111111111111111111100000000011111111111111110000000111111111
11111111111111111111111111111111111111111111111111111111111111111111111111111111101111100111111111111111111111111110000111111100000000011111111111111111111111111111111111111111111111110000000111111111
11111111111111111111111111111111111111111111111111111111111111111111111111111111110111100111111111111111111111111110000111111100000000011111111111111111111111111111111111111111111111110000000111111111
11111111111111111111111111111111111111111111111111111111111111111111111111111111111011100111111111111111111111111110000111111100000000011111111111111111111111111111111111111111111111110000000111111111
11111111111111111111111111111111111111111111111111111111111111111111111111111111111101100111111111111111111111111110000111111100000000011111111111111111111111111111111111111111111111110000000111111111
11001111111111111111111111111111111111111111111111111111000000000111111110000000011110000111111111111111111111111110000111111100000000011111111111111111111111111111111111111111111111110000000111111111
11001111111111111111111111111111111111111111111111111111000000000111111110000000011110010111111111111111111111111110000111111100000000011111111111111111111111111111111111111111111111110000000111111111
11001111111111111111111111111111111111111111111111111111000000000111111110000000000000100111111111111111111111111110000111111100000000011111111111111111111111111111111111111111111111110000000111111111
11001111111111111111111111111111111111111111111111111111000000000111111110000000000000000111111111111111111111111110000111111100000000011111111111111111111111111111111111111111111111110000000111111111
10111111100111111111111111000000001111111111111111111111100000000111111110000000011111111000110111111111111111111110000111111100000000011111111111111111111111111111111111111111111111110000000111111111
10111111100111111111111111000000001111111111111111111111100000000111111110000000011111111000011111111111111111111110000111111100000000011111111111111111111111111111111111111111111111110000000111111111
10111111100111111111111111000000001111111111111111111111100000000111111110000000011111111000001101111111111111111110000111111100000000011111111111111111111111111111111111111111111111110000000111111111
10111111100111111111111111000000001111111111111111111111100000000111111110000000011111111100000011111111111111111110000111111100000000011111111111111111111111111111111111111111111111110000000111111111
10111111100111111111111111000000001111111111111111111111100000000111111110000000011111111110000111111111111111111110000111111100000000011111111111111111111111111111111111111111111111110000000111111111
10111111100111111111111111000000001111111111111111111111100000000111111110000000011111111011000111111111111111111110000111111100000000011111111111111111111111111111111111111111111111110000000111111111
10111111100111111111111111000000001111111111111111111111100000000111111110000000011111111111011001111111111111111110000111111100000000011111111111111111111111111111111111111111111111110000000111111111
10111111100111111111111111000000001111111111111111111111100000000111111110000000011111111110111000111111111111111110000111111100000000011111111111111111111111111111111111111111111111110100001111111111
10111111100111111111111111000000001111111111111111111111100000000111111110000000011111111111111100111111111111111110000111111100000000011111111111111111111111111111111111111111111111110000000111111111
11111111111111111111111111111111111111111111111111111111111111111111111111111111111111111111111111000000111111111110000111111100000000011111111111111111111111111111111111111111111111110000000111111111
11111111111111111111111111111111111111111111111111111111111111111111111111111111111111111111111111000000011111111110000111111100000000011111111111111111111111111111111111111111111111110000000111111111
11111111111111111111111111111111111111111111111111111111111111111111111111111111111111111111111111000011101111111110000111111100000000011111111111111111111111111111111111111111111111110000000111111111
11111111111111111111111111111111111111111111111111111111111111111111111111111111111111111111111111000011011111111110000111111100000000011111111111111111111111111111111111111111111111110000000111111111
11111111111111111111111111111111111111111111111111111111111111111111111111111111111111111111111111001100101111111110000111111100000000011111111111111111111111111111111111111111111111110000000111111111
11111111111111111111111111111111111111111111111111111111111111111111111111111111111111111111111111001100111111111110000111111100000000011111111111111111111111111111111111111111111111110000000111111111
11111111111111111111111111111111111111111111111111111111111111111111111111111111111111111111111111101011011111111110000111111100000000011111111111111111111111111111111111111111111111110000000111111111
11111111111111111111111111111111111111111111111111111111111111111111111111111111111111111111111111110101101111111110000111111100000000011111111111111111111111111111111111111111111111110000000111111111
11111111111111111111111111111111111111111111111111111111111111111111111111111111111111111111111111111111110000101110000111111100000000011111111111111111111111111111111111111111111111110000000111111111
11111111111111111111111111111111111111111111111111111111111111111111111111111111111111111111111111111111110000010010000111111100000000011111111111111111111111111111111111111111111111110000000111111111
11111111111111111111111111111111111111111111111111111111111111111111111111111111111111111111111111111111110000010010000111111100000000011111111111111111111111111111111111111111111111110000000111111111
11111111111111111111111111111111111111111111111111111111111111111111111111111111111111111111111111111111110000001110000111111100000000011111111111111111111111111111111111111111111111110000000111111111
11111111111111111111111111111111111111111111111111111111111111111111111111111111111111111111111111111111111000001110000111111100000000011111111111111111111111111111111111111111111111110000000111111111
11111111111111111111111111111111111111111111111111111111111111111111111111111111111111111111111111111111110110000010000111111100000000011111111111111111111111111111111111111111111111110000000111111111
11111111111111111111111111111111111111111111111111111111111111111111111111111111111111111111111111111111111001100110000111111100000000011111111111111111111111111111111111111111111111110000000111111111
11111111111111111111111111111111111111111111111111111111111111111111111111111111111111111111111111111111111001101010000111111100000000011111111111111111111111111111111111111111111111110000000111111111
11111111111111111111111111111111111111111111111111111111111111111111111111111111111111111111111111111111111111111100000111111100000000011111111111111111111111111111111111111111111111110000000111111111
00000000000001000000000000000000000000000000000000000000000000000000000000000000000000000000000000000000000000000000011111111111111111111111111111111111111111100000000011111111111111110000000111111111
00000000000001000000000000000000000000000000000000000100000000000000000000000000000000000000000000000000000000000000001111111111111111111111111111111111111111100000000011111111111111110000000111111111
00000000000000000000000000000000000000000000000000000000000000000000000000000000000000000000000000000000000000000001000111111111111111111111111111111111111111100000000011111111111111110000000111111111
00001000000000000000000000000000000000000000000000000100000000000000000000000000000000000000000000000000000000000001100111111111111111111111111111111111111111111111111111111111111111110000000111111111
11111111111111111111111111111111111111111111111111111111111111111111111111111111111111111111111111111111111111111111111001011111111111111111111111111111111111111111111111111100111111110000000111111111
11111111111111111111111111111111111111111111111111111111111111111111111111111111111111111111111111111111111111111111111000001011111111111111111111111111111111111111111111111100111111110000000111111111
11111111111111111111111111111111111111111111111111111111111111111111111111111111111111111111111111111111111111111111111100010111111111111111111111111111111111111111111111111100111111110000000111111111
11111111111111111111111111111111111111111111111111111111111111111111111111111111111111111111111111111111111111111111111000001011111111111111111011111011111111111111111111111111111111110000000111111111
11111111111111111111111111111111111111111111111111111111111111111111111111111111111111111111111111111111111111111111111101000111111111111111111111111111111111111111111111111100111111110000000111111111
11111111111111111111111111111111111111111111111111111111111111111111111111111111111111111111111111111111111111111111111110100011111111111111111111111111111111111111111111111111111111110000000111111111
11111111111111111111111111111111111111111111111111111111111111111111111111111111111111111111111111111111111111111111111101010011111111111111111111111111111111111111111111111111111111110000000111111111
00001000000001000000000000000000000000000000000000000000000000000000000000000000000000000000000000000000000000000001111111111101110101111111111111111111111111111111111111111111111111110000000111111111
00001000000001000000000000000000000000000000000000000000000000000000000000000000000000000000000000000000000000000001111111111110111010011111111111111111111111111111111111111111111111110000000111111111
00001000000001000000000000000000000000000000000000000000000000000000000000000000000000000000000000000000000000000001111111111111011011011111111111111111111111111111111111111111111111110000000111111111
00001000000001000000000000000000000000000000000000000000000000000000000000000000000000000000000000000000000000000001111111111111101100111111111111111111111111111111111111111111111111110000000111111111
00001000000001000000000000000000000000000000000000000000000000000000000000000000000000000000000000000000000000000001111111111101110110011111111111111111111111111111111111111111111111110000000111111111
00001000000001000000000000000000000000000000000000000000000000000000000000000000000000000000000000000000000000000001111111111110011000011111111111111111111111111111111111111111111111110000000111111111
00001000000001000000000000000000000000000000000000000000000000000000000000000000000000000000000000000000000000000001111111111101101000011111111111111111111111111111111111111111111111110000000111111111
00001000000001000000000000000000000000000000000000000000000000000000000000000000000000000000000000000000000000000001111111111110100000011111111111111111111111111111111111111111111111110000000111111111
00001000000001000000000000000000000000000000000000000000000000000000000000000000000000000000000000000000000000000001111111111110010000011111111111111111111111111111111111111111111111110000000111111111
11111111111111111111111111111111111111111111111111111111111111111111111111111111111111111111111111111111111111111111111111111111111111101111011111111111111111111111111111111111111111110000000111111111
11111111111111111111111111111111111111111111111111111111111111111111111111111111111111111111111111111111111111111111111111111111111111110111101111111100000000011111111111111111111111110000000111111111
11111111111111111111111111111111111111111111111111111111111111111111111111111111111111111111111111111111111111111111111111111111111111111011101111111100000000011111111111111111111111110000000111111111
11111111111111111111111111111111111111111111111111111111111111111111111111111111111111111111111111111111111111111111111111111111111111111101111111111100000000011111111111111111111111110000000111111111
11111111111111111111111111111111111111111111111111111111111111111111111111111111111111111111111111111111111111111111111111111111111111111110111111111111111111111111111111111111111111110000000111111111
11111111111111111111111111111111111111111111111111111111111111111111111111111111111111111111111111111111111111111111111111111111111111101111011111111111111111111111111111111111111111110000000111111111
11111111111111111111111111111111111111111111111111111111111111111111111111111111111111111111111111111111111111111111111111111111111111110011101111111100000000011111111111111111111111110000000111111111
11111111111111111111111111111111111111111111111111111111111111111111111111111111111111111111111111111111111111111111111111111111111111111111110110010111111111111111111111111111111111110000000111111111
11111111111111111111111111111111111111111111111111111111111111111111111111111111111111111111111111111111111111111111111111011111111111111111111011100011111111111111111111111100111111110000000111111111
11111111111111111111111111111111111111111111111111111111111111111111111111111111111111111111111111111111111111111111111111111111111111111111111101100011111111111111111111111111111111110000000111111111
11111111111111111111111111111111111111111111111111111111111111111111111111111111111111111111111111111111111111111111111111111111111111111111110110011011111111111111111111111111111111110000000111111111
11111111111111111111111111111111111111111111111111111111111111111111111111111111111111111111111111111111111111111111111111111111111111111111110110011011111111111111111111111111111111110000000111111111
11111111111111111111111111111111111111111111111111111111111111111111111111111111111111111111111111111111111111111111111111111111111111111111111001100011111111111111111111111111111111110000000111111111
11111111111111111111111111111111111111111111111111111111111111111111111111111111111111111111111111111111111111111111111111111111111111111111110001100011111111111111111111111111111111110000000111111111
11111111111111111111111111111111111111111111111111111111111111111111111111111111111111111111111111111111111111111111111111011111111111111111111000000011111111111111111111111100111111110000000111111111
11111111111111111111111111111111111111111111111111111111111111111111111111111111111111111111111111111111111111111111111111111111111111110001101111111101110101011111111111111111111111110000000111111111
11111111111111111111111111111111111111111111111111111111111111111111111111111111111111111111111111111111111111111111111111111111111111110001101111111110110101111111111111111111111111110000000111111111
11111111111111111111111111111111111111111111111111111111111111111111111111111111111111111111111111111111111111111111111111111111111111110001101111111111011010011111111111111111111111110000000111111111
11111111111111111111111111111111111111111111111111111111111111111111111111111111111111111111111111111111111111111111111111111111111111110001101111111111101010011111111111111111111111110000000111111111
11111111111111111111111111111111111111111111111111111111111111111111111111111111111111111111111111111111111111111111111111111111111111110001101111111100110100011111111111111111111111110000000111111111
11111111111111111111111111111111111111111111111111111111111111111111111111111111111111111111111111111111111111111111111111111111111111110001101111111111001011111111111111111111111111110000000111111111
11111111111111111111111111111111111111111111111111111111111111111111111111111111111111111111111111111111111111111111111111111111111111110001101111111100110100011111111111111111111111110000000111111111
11111111111111111111111111111111111111111111111111111111111111111111111111111111111111111111111111111111111111111111111111111111111111110001101111111111000100011111111111111111111111110000000111111111
11111111111111111111111111111111111111111111111111111111111111111111111111111111111111111111111111111111111111111111111111111111111111110001101111111101000100011111111111111111111111110000000111111111
10011111100111111111111111111111111111111111111111000111100000000111111110000000011111111111111111111111111111111110001111111111111111111111111111111111111111101110100011111111111111110000000111111111
10011111100111111111111111111111111111111111111111000111100000000111111110000000011111111111111111111111111111111110001111111111111111111111111111111111111111110111001011111111111111110000000111111111
10011111100111111111111111111111111111111111111111000111100000000111111110000000011111111111111111111111111111111110001111111111111111111111111111111111111111111011011111111111111111110000000111111111
10011111100111111111111111111111111111111111111111000111100000000111111110000000011111111111111111111111111111111110001111111111111111111111111111111111111111111101110011111111111111110000000111111111
10011111100111111111111111111111111111111111111111000111100000000111111110000000011111111111111111111111111111111110001111111111111111111111111111111111111111101110100011111111111111110000000111111111
10011111100111111111111111111111111111111111111111000111100000000111111110000000011111111111111111111111111111111110001111111111111111111111111111111111111111110011010011111111111111110000000111111111
10011111100111111111111111111111111111111111111111000111100000000111111110000000011111111111111111111111111111111110001111111111111111111111111111111111111111100110100011111111111111110000000111111111
10011111100111111111111111111111111111111111111111000111100000000111111110000000011111111111111111111111111111111110001111111111111111111111111111111111111111101100000011111111111111110000000111111111
10011111100111111111111111111111111111111111111111000111100000000111111110000000011111111111111111111111111111111110001111111111111111111111111111111111111111100100000011111111111111110000000111111111
11111111111111111111111111111111111111111111111111111111111111111111111111111111111111111111111111111111111111111111111111111111111111111111111111111111111111111111111101101000111111110000000111111111
11111111111111111111111111111111111111111111111111111111111111111111111111111111111111111111111111111111111111111111111111111111111111111111111111111111111111111111111110110000111111110000000111111111
11111111111111111111111111111111111111111111111111111111111111111111111111111111111111111111111111111111111111111111111111111111111111111111111111111111111111111111111111011100111111110000000111111111
11111111111111111111111111111111111111111111111111111111111111111111111111111111111111111111111111111111111111111111111111111111111111111111111111111111111111111111111101101000111111110000000111111111
11111111111111111111111111111111111111111111111111111111111111111111111111111111111111111111111111111111111111111111111111111111111111111111111111111111111111111111111110110010111111110000000111111111
11111111111111111111111111111111111111111111111111111111111111111111111111111111111111111111111111111111111111111111111111111111111111111111111111111111111111111111111100100011111111110000000111111111
11111111111111111111111111111111111111111111111111111111111111111111111111111111111111111111111111111111111111111111111000101111111111111111111011111011111111111111111100001100111111110000000111111111
11111111111111111111111111111111111111111111111111111111111111111111111111111111111111111111111111111111111111111111111000101111111111111111111011111011111111111111111100000100111111110000000111111111
11111111111111111111111111111111111111111111111111111111111111111111111111111111111111111111111111111111111111111111111111111111111111111111111111111111111111111111111111111111000100110000000000000000
11111111111111111111111111111111111111111111111111111111111111111111111111111111111111111111111111111111111111111111111111111111111111111111111111111111111111111111111111111111000011010000000000000000
11111111111111111111111111111111111111111111111111111111111111111111111111111111111111111111111111111111111111111111111111111111111111111111111111111111111111111111111111111111000001100000000000000000
11111111111111111111111111111111111111111111111111111111111111111111111111111111111111111111111111111111111111111111111111111111111111111111111111111111111111111111111111111111100000010000000000000000
11111111111111111111111111111111111111111111111111111111111111111111111111111111111111111111111111111111111111111111111111111111111111111111111111111111111111111111111111111111010000010000000111111111
11111111111111111111111111111111111111111111111111111111111111111111111111111111111111111111111111111111111111111111111111111111111111111111111111111111111111111111111111111111011000110000000111111111
11111111111111111111111111111111111111111111111111111111111111111111111111111111111111111111111111111111111111111111111111111111111111111111111111111111111111111111111111111111101001010000000111111111
11111111111111111111111111111111111111111111111111111111111111111111111111111111111111111111111111111111111111111111111111111111111111111111111111111111111111111111111111111111110111100000000111111111
00000000000000000000000000000000000000000000000000000000000000000000000000000000000000000000000000000000000000000000000000000000000000000000000000000000000000000000000000000000000000000001111000000000
00000000000000000000000000000000000000000000000000000000000000000000000000000000000000000000000010000000000000000000000000000000000000000000000000000000000000000000000000000000000000000000111000000000
00000000000000000000000000000000000000000000000000000000000000000000000000000000000000000000000000000000000000000000000000000000000000000000000000000000000000000000000000000000000000000000000000000000
00000000000000000000000000000000000000000000000000000000000000000000000000000000000000000000000000000000000000000000000000000000000000000000000000000000000000000000000000000000000000001000011000000000
00000000000000000010000000000000000000000000000000000000000000000000000000000000000000000000000000000000000000000000000000000000000000000000000000000000000000000000000000000000000000001100011000000000
00000000000000000000000000000000000000000000000000000000000000000000000000000000000000000000000000000000000000000000000000000000000000000000000000000000000000000000000000000000000000001101100000000000
00000000000000000000000000000000000000000000000000000000000000000000000000000000000000000000000010000000000000000000000000000000000000000000000000000000000000000000000000000000000000001101100000000000
11111111111111111111111111111111111111111111111111111111111111111111111111111111111111111111111111111111111111111111111111111111111111111111111111111111111111111111111111111111000011110000000000011101
11111111111111111111111111111111111111111111111111111111111111111111111111111111111111111111111111111111111111111111111111111111111111111111111111111111111111111111111111111111000011110000000000001011
11111111111111111111111111111111111111111111111111111111111111111111111111111111111111111111111111111111111111111111111111111111111111111111111111111111111111111111111111111111000011110000000000000111
11111111111111111111111111111111111111111111111111111111111111111111111111111111111111111111111111111111111111111111111111111111111111111111111111111111111111111111111111111111000011110000000000000111
11111111111111111111111111111111111111111111111111111111111111111111111111111111111111111111111111111111111111111111111111111111111111111111111111111111111111111111111111111111000011110000000100001001
11111111111111111111111111111111111111111111111111111111111111111111111111111111111111111111111111111111111111111111111111111111111111111111111111111111111111111111111111111111000011110000000110010001
11111111111111111111111111111111111111111111111111111111111111111111111111111111111111111111111111111111111111111111111111111111111111111111111111111111111111111111111111111111000011110000000101100000
11111111111111111111111111111111111111111111111111111111111111111111111111111111111111111111111111111111111111111111111111111111111111111111111111111111111111111111111111111111000011110000000011100000
11111111111111111111111111111111111111111111111111111111111111111111111111111111111111111111111111111111111111111111111111111111111111111111111111111111111111111111111111111111000011110000000111111000
