0111010000000000111100000011111111111111111100000000011111111100000000
1011101000000000111100000011111111111111111100000000011111111100000000
1101101100000000111100000011111111111111111100000000011111111100000000
1110110110000000111100000011111111111111111100000000011111111100000000
0111010000000000111100000011111111111111111100000000011111111100000000
1001100000000000111100000011111111111111111100000000011111111100000000
0110000110000000111100000011111111111111111100000000011111111100000000
0011001000000000111100000011111111111111111100000000011111111100000000
0001001000000000111100000011111111111111111100000000011111111100000000
0000000000111001011000000011111111111111111100000000011111111100000000
0000000001011010111111111111111111111111111111111111111111111111111111
0000000001101100111111111111111111111111111111111111111111111111111111
0000000001110110111111111111111111111111111111111111111111111111111111
0000000000011000111111111111111111111111111111111111111111111111111111
0000000000101000111100000011111111111111111100000000011111111100000000
0000000001000000111111111111111111111111111111111111111111111111111111
1111111110111111010011111111111111111111111111111111111111111111111111
1111111111111111100111111111111111111111111111111111111111111111111111
1111111111111111000011111111111111111111111111111111111111111111111111
1111111110111111010011111111111111111111111111111111111111111111111111
0000000000111101111101000011111111111111111100000000011111111111111111
0000000000111101111110110011111111111111111100000000011111111100000000
0000000000111101111101000011111111111111111100000000011111111111111111
0000000000111101111101001011111111111111111111111111111111111111111111
0000000000111101111100010111111111111111111111111111111111111100000000
0000000000111101111100001011111111111111111111111111111111111100000000
1111111111111111111111111101101000011111111111111111111111111111111111
1111111111111111111111111110110000011111111111111111111111111111111111
1111111111111111111111111111010100011111111111111111111111111111111111
1111111111111111111111111101101010011111111111111111111111111111111111
1111111111111111111111111110010110011111111111111111111111111111111111
1111111111111111111111111100101011011111111111111111111111111111111111
1111111111111111111111111100011100011111111111111111111111111111111111
1111111111111111111111111100000100011111111111111111111111111111111111
1111111111111111111111111100000000011111111111111111111111111111111111
1111111111111111111111111111111111101100100011111111111111111111111111
1111111111111111111111111111111111110111000011111111111111111111111111
1111111111111111111111111111111111111011010111111111111111111111111111
1111111111111111111111111111111111101100100111111111111111111111111111
1111111111111111111111111111111111101100111011111111111111111111111111
1111111111111111111111111111111111110011011111111111111111111111111111
1111111111111111111111111111111111100101101011111111111111111111111111
1111111111111111111111111111111111100001110011111111111111111111111111
1111111111111111111111111111111111100110100011111111111111111111111111
0000000000111101111100011111111111111111111101110010011111111100000000
0000000000111101111100011111111111111111111110110100011111111100000000
0000000000111101111100011111111111111111111111011010011111111100000000
0000000000111101111100011111111111111111111111101101111111111100000000
0000000000111101111100011111111111111111111100110111111111111100000000
0000000000111101111100011111111111111111111101011010011111111100000000
0000000000111101111100011111111111111111111110101100011111111100000000
0000000000111101111100011111111111111111111100011000111111111100000000
0000000000111101111100011111111111111111111100011001011111111100000000
1111111111111111111111111111111111111111111111111111101110110011111111
1111111111111111111111111111111111111111111111111111110111000111111111
1111111111111111111111111111111111111111111111111111111011001011111111
1111111111111111111111111111111111111111111111111111111101001111111111
1111111111111111111111111111111111111111111111111111101110110111111111
1111111111111111111111111111111111111111111111111111110001011011111111
1111111111111111111111111111111111111111111111111111110001101011111111
1111111111111111111111111111111111111111111111111111100110110011111111
1111111111111111111111111111111111111111111111111111101011000011111111
0000000000111101111110110011111111111111111100000000011111111101111000
0000000000111101111110110011111111111111111100000000011111111110111110
0000000000111101111110110011111111111111111100000000011111111111011111
0000000000111101111110110011111111111111111100000000011111111111101100
0000000000111101111110110011111111111111111100000000011111111111110110
0000000000111101111110110011111111111111111100000000011111111101111010
0000000000111101111110110011111111111111111100000000011111111101101101
0000000000111101111110110011111111111111111100000000011111111100100010
