001011111111111111111100000000
000111111111111111111100000000
100011111111111111111100000000
010000111111111111111101000000
111000001010001111111101000000
111000001010001111111101000000
111100011000101111111101000000
111100101100001111111101000000
111111110100011111111101000000
111100011011001111111101000000
111111000101001111111101000000
111100000110001111111101000000
111100100000001111111101000000
111100001000001111111101000000
111111111111110111101001000000
111111111111111011110101000000
111111111111111101100001000000
111111111111111110101001000000
111111111111111111010001000000
111111111111110100100001000000
111111111111111001000101000000
111111111111110100001001000000
000000000000000000000000011111
000111111111111111111100000111
000000000000000000000000001110
000000000000000000000010001111
000000000000000000000010110000
000000000000000000000011110001
000000000000000000000011110001
000000000000000000000011010110
