000101111000000000000000000000000000000000111111110000000000
000010111000000000000000000000000000000000111111110000000000
000001101000000000000000000000000000000000111111110000000000
100000001000000000000000000000000000000000111111110000000000
010000010000000000000000000000000000000000111111110000000000
101000001000000000000000000000000000000000111111110000000000
111000011000000000000000000000000000000000111111110000000000
110010100000011000000000000000000000000000111111110000000000
111101100000000000000000000000000000000000111111110000000000
000000000001010100000000000000000000000000111111111000100000
000000000000101100000000000000000000000000111111110000000000
000000000100010100000000000000000000000000111111110000000000
000000000010001000000000000000000000000000111111110000000000
000000010101000000000000000000000000000000111111110000000000
000000010010100000000000000000000000000000111111110000000000
000000000111000000000000000000000000000000111111110000000000
000000000000000000011111000000000000000000111111110000000000
000000000000000000001011000000000000000000111111110000000000
000000000000000000000111000000000000000000111111110000000000
000000000000000010000000000000000000000000111111110000000000
000000000000000011000011000000000111111111111111110000000000
000000000000000010100011000000000111111111111111110000000000
000000000000000011101101000000000111111111111111110000000000
000000000000000011101110000000000111111111111111110000000000
000000000000000000000000000010110000000000111111110000000000
000000000000000000000000000001111000000000111111110000000000
000000000000000000000000000001111000000000111111110000000000
000000000000000000000000000000001000000000111111110000000000
000000000000000000000000100000011000000000111111110000000000
000000000000000000000000011000001000000000111111110000000000
000000000000000000000000111000011000000000111111110000000000
000000000000000000000000111010100000000000111111110000000000
000000000000000000000000011111100000000000111111110000000000
000000000000000000001111000000000000111110111111110000000000
000000000000000000001111000000000000011111111111110000000000
000000000000000000001111000000000000011111111111110000000000
000000000000000000001111000000000100001111111111110000000000
000000000000000000001111000000000111000111111111110000000000
000000000000000000001111000000000111100111111111110000000000
000000000000000000001111000000000111111001111111110000000000
000000000000000000001111000000000111111001111111110000000000
000000000000000000001111000000000011111110111111110000000000
111111111111111111111111111111111111111111000101101001000000
111111111111111111111111111111111111111111000010100000000000
111111111111111111111111111111111111111111000001110000000000
111111111111111111111111111111111111111111100001100100100001
111111111111111111111111111111111111111111010000010000000000
111111111111111111111111111111111111111111101100010001110011
111111111111111111111111111111111111111111111100010000000000
111111111111111111111111111111111111111111001011100000000000
000000000100000000000000000000000000000000100000000011100000
000000000000000000000000000000000000000000000100000000100000
000000000000000000000000000000000000000000000000001001000000
000000000000000000000000000000000000000000100001001010100000
000000000100000000000000000000000000000000000101001101000000
000000000000000000000000000000000000000000000001000000000011
000000000000000000000000000000000000000000000000000000000010
000000000000000000000000000000000000000000000000000000000000
000000000000000000000000000000000000000000000001000000011001
000000000000000000000000000000000000000000000101000000010010
