01110000001111111111110000000000000101000111111111
10110110111111111111111111000000000000000111111111
11011000011111111111111111000000000010111111111111
11101000011111111111111111000000000000000111111111
00110000011111111111111111000000000000000111111111
01000011011111111111111111000000000000000111111111
01000101011110111111111111000000000000000111111111
00000110111111111111111111000000000000000111111111
01000001011111111111111111000000000000000111111111
01111111101110000000001111000000000000000111111111
11111111110110000000000000000000000000000111111111
11111111111010000000001111000000000000000111111111
11111111111101000000000000000000000000101111111111
11111101100010111111110000000000000000000111111111
11111111100001011100000000000000000000000111111111
11111111100001101101000000000000000000000111111111
11111111100001110110110000000000000000000111111111
11111111100001111010000000000000000000000111111111
11111111100001001101000000000000000000000111111111
11111111100001010010000000000000000000000111111111
11111111100001001000000000000000000000000111111111
11111111100001001000000000000000000000000111111111
01111111110100000000000001000000000000000111111111
01111111110100000000000000000000000000000111111111
01111111110100000000000000000000000000000111111111
01111111110100000000001000000000000000000111111111
00000000000000000000000000000101110000000111111111
00000000000000000000000000000011111000000111111111
00000000000000000000000000000001011000000111111111
00000000000000000000000000100000111000000111111111
00000000000000000000000000010000011000000111111111
00000000000000000000000000111000101000000111111111
00000000000000000000000000110101011000000111111111
00000000000000000000000000111110101000000111111111
00000000000000000000000000011111110000000111111111
10000000000000000000000000000000000000011111111111
00100000000000000000000000000000000000011111111111
10000000000000000000000000000000000000001111111111
00100000000010000000000000000000000000000111111111
00100000000000000000000000000000000110000111111111
00100000000010000000000000000000000111000111111111
11111111111111111111111111111111111111111000010111
11111111111111111111111111111111111111111000001101
11111111111111111111111111111111111111111000001010
11111111111111111111111111111111111111111000000011
11111111111111111111111111111111111111111100000111
11111111111111111111111111111111111111111011000001
11111111111111111111111111111111111111111110010001
11111111111111111111111111111111111111111101110001
11111111111111111111111111111111111111111110111110
