0111001111111110101100000000000000000000
1011110111111111111100000000000000000000
1101110111111111111100000000000000000000
1110111111111111111100000000000000000000
0111000111100010100000000000000000000000
0111000111100011111000000000000000000000
1001000111111111111100000000000000000000
1111111011011001111100000000001010000000
1111111101100011111100000000000000000000
1111111110110111111100000000000000000000
1111111011011101111100000000000000000000
1111001101100001111100000000000000000000
1111001100100101111100000000000000000000
1111001001101001111100000000000000000000
1111111011000001111100000000000000000000
0111011111111110110000000000000000000000
1111111111111111011100000000010010000000
0111011111111111101000000000000000000000
1111011111111110110100000000000001111111
1111001111111110101000000000000110000000
0000000000000000000001110100000000000000
0000000000000000000010111000000000000000
0000000000000000000011011010000000000000
0000000000000000000011101101100000000000
0000000000000000000001110111000000000000
0000000000000000000010011000100000000000
0000000000000000000000101001000000000000
0000000000000000000000011010000000000000
0000000000000000000000010100000000000000
0000000000000000100000000000000010000000
0000000100000000000000000000000010000000
0000000000000000000100000000000010000000
0000000100000000100100000000011100000000
0000000000000000001000000000000000001011
0000000000000000001000000000000000000111
0000000000000000001000000000000000000010
0000000000000000001000000000000001000001
0000000000000000001000000000000000100011
0000000000000000001000000000000001110100
0000000000000000001000000000000001101100
