0000100111111111111111111111111100110000000001011011111111111111000000
0000010111111111111111111111111000000000000001011011111111111111000000
0000001111111111111111111111111000000000000001011011111111111111000000
0000001001111111111111111111111000000000000001011011111111111111000000
1000000111111111111111111111111000000000000001011011111111111111000000
0100000011111111111111111111111000000000000001011011111111111111000000
0011000101111111111111111111111000000000000001011011111111111111000000
1110101011111111111111111111111000000000000001011011111111111111000000
1110110101111111111111111111111001010000000001011011111111111111000000
1111111110000110000000000000000100100000000001011011111111111111000000
1111111110001100000000000000000000000000000001011011111111111111000000
1111111110001010000000000000000000000000000000000011111111111111000000
1111111110110111111111111111111000000000000000000011111111111111000000
1111111111101011111111111111111000000000000001011011111111111111000000
1111111111011100000000000000000000000000000001011011111111111111000000
1111111110001100001111100000000000000000010001011011111111111111000000
1111111110001100000111111111111000000000000001011011111111111111000000
1111111110001100000111100000000000000000000001011011111111111111000000
1111111110001101000011100000000000000000000001011011111111111111000000
1111111110001101110000100000000000000000000001011011111111111111000000
1111111110001101111001111111111000000000000001011011111111111111000000
1111111110001101111010111111111000000000000001011011111111111111000000
1111111110001101111111011111111000000000000001011011111111111111000000
1111111110001100100011100011111000000000000001011000000111111111000000
1111111110001100100011100001010000000000000001011011111111111111000000
1111111110001100100011100000111000000000000001011011111111111111000000
1111111110001100100011110000111000000000000001011011111111111111000000
1111111110001100100011111000011000000000000001011011111111111111000000
1111111110001100100011110110000000000000000001011011111111111111000000
1111111110001100100011111111001000000000000001011011111111111111000000
1111111110001100100011110111010000000000000001011011111111111111000000
1000000001000000000000000000000000110000000000000011111111111111000000
0000000000000000000000000000000000010000000001011011111111111111000000
0000000010000000000000000000000000110000000000000011111111111111000000
1000000001000000000000000000000101010000000001011011111111111111000000
1000000010000000000000000000000111100000000001011011111111111111000000
0000000000000000000000000000000000000001110000000011111111111111000000
0000000000000000000000000000000000000001010000000011111111111111000000
0000000000000000000000000000000000000000100000000011111111111111000000
0000000000000000000000000000000000001100110000000011111111111111000000
0000000000000000000000000000000000001011010000000011111111111111000000
0000000000000001000000000000000000001101100000000011111111111111000000
0000000000000000000000000000000000000000000000110111111111111111000000
0000000000000000000000000000000000000000000000010101011111111111000000
0000000000000000000000000000000000000000000000001111111111111111000000
1111111111100111111111111111111010110000000000001111111111111111000000
0000000000000000000000000000000000000000001000001111111111111111000000
1111111111100111111111111111111010110000001100001111111111111111000000
1111111111100111111111111111111010110000000011110011111111111111000000
0000000000000000000000000000000000000000001111110011111111111111000000
1111111111111111111111101111111111111111111011111101101011111111100001
1111111111111111111111101111111111111111111111111110100011111111000000
1111111111111111111111101111111111111111111011111111010011111111000000
1111111111111111111111101111111111111111111111111100101011111111000000
1111111111111111111111101111111111111111111111111110010111111111000000
1111111111111111111111111111111111111111111111111100001011111111000000
1111111111111111111111111111111111111111111111111111111100011101001000
1111111111111111111111111111111111111111111111111111111100010011000000
1111111111111111111111111111111111111111111111111111111100000111000000
1111111111111111111111111111111111111111111111111111111111001101000000
1111111111111111111111111111111111111111111111111111111110010011000000
1111111111111111111111111111111111111111111111111111111110110011000000
1111111111111111111111111111111111111111111111111111111101101100000000
1111111111111111111111111111111111111111111111111111111111111100000000
0000000000000000000000000000000000000000000000000010000000000000000010
0000000000000000000000000000000000000000000000000000000000000000000010
0000000000000000000000000000000000000000000000000000000010000000000001
0000000000000000000000000000000000000000000000000000000000000000000001
0000000000000000000000000000000000000000000000000000000000000000110001
0000000000000000000000000000000000000000000000000010000000000000001110
