0110000000011101111000000001111111111111
1011000001111111111000000001111111111111
1101110001111111111000000001111111111111
0110110001111111111000000001111111111111
0011000011111111111000000001111111111111
0011001101111111111000000001111111111111
0000010001111111111000000001111111111111
0000010001111111111000000001111111110000
0000100001111111111000000001111111111111
0111111110100001101000000001111111111111
0111111111010011111000000001111111111111
1111111110100011110000000001111111111111
1111111110000101111000000001111111111111
1111111110001001000000000001111111111111
0111111110110001111000000001111111111111
1111111111111110110000000001111111111111
1111111111111011000000000001111111111111
1111111110111011000000000001111111111111
1111111111101010000000000001111111111111
0000000000000000000011100011111111111111
0000000000000000000101100101111111111111
0000000000000000000110111001111111111111
0000000000000000000111011001111111111110
0000000000000000000001100101111111111111
0000000000000000000001100101111111111111
0000000000000000000010011001111111111111
0000000000000000000100000001111111111111
1111111111111111111111111110111101101111
1111111111111111111111111111011110001111
1111111111111111111111111111101110001111
1111111111111111111111111111110110001111
1111111111111111111111111111111011111111
1111111111111111111111111110111101101111
1111111111111111111111111111000110011111
1111111111111111111111111111000110011111
1111111111111111111111111110000101101111
1111111011111111111111111111111111110000
1111111011111111111111111111111111110010
1111111011111111111111111111111111110101
1111111011111111111111011111111111110010
