011101100111111111111111100101111111111111111111111111111111100011111111111111111110000000
101110000111111111111111111111111111111111111111111111111111100000111111111111111110000000
110110100111111111111111111111111111111111111111111111111111100000111111111111111110000000
111011010111111111111111111111111111111111111111111111111111100000111111111111111110000000
011101110111111111111111101111111111111111111111111111111111100000111111111111111110000000
100110111111111111111111111111111111111111111111111111111111100000111111111111111110000000
101011011111111111111111111111111111111111111111111111111111100000111111111111111110000000
000111100111111111111111111111111111111111111111111111111111100000111111111111111110000000
000001100111111111111111100010010000011111111111111111111111100000111111111111111110000000
111111111011000001111111111111111111111111111111111111111111101001111111111111111110000000
111111111101110001111111111111111111111111111111111111111111100000111111111111111110000000
111111111110110001111111111111111111111111111111111111111111100000111111111111111110000000
111111111011001001111111111111111111111111111111111111111111100000111111111111111110000000
111111111011001001111111111111111111111111111111111111111111100000111111111111111110000000
111111111000110001110110011111111111111111111111111111111111100000111111111111111110000000
111111111000000001111111111111111111111111111111111111111111100000111111111111111110000000
111111111000000001110110011111111111111111111111111111111111100000111111111111111110000000
111111111111111110101000011111111111111111111111111111111111111000111111111111111110000000
111111111111111111011001111111111111111111111111111111111111100000111111111111111110000000
111111111111111110101001111111111111111111111111111111111111100000111111111111111110000000
111111111111110101110110011111111111111111111111111111111111100000111111111111111110000000
111111111111111110001000011111111111111111111111111111111111100000111111111111111110000000
111111111111111110001000011111111111111111111111111111111111100000111111111111111110000000
111111111111110100110000011111111111111111111111111111111111100000111111111111111110000000
111111111111110100110000011111111111111111111111111111111111100000111111111111111110000000
011101110111111111111111101101111111111111111111111111111111100000111111111111111110000000
011111110111111111111111110100010000011111111111111111111111100000111111111111111110000000
111111110111111111111111111000010000011111111111111111111111100000111111111111111110000000
011111111111111111111111100001111111111111111111111111111111100000111111111111111110000000
111111110111111111111111110010110010111111111111111111111111100000111111111111111110000000
111111110111111111111111110011011100011111111111111111111111100000111111111111111110000000
111111111111111111111111111111101100111111111111111111111111100000111111111111111110000000
111111110111111111111111110010110011011111111111111111111111100000111111111111111110000000
111111110111111111111111110010110011011111111111111111111111100000111111111111111110000000
111111110111111111111111110011001100011111111111111111111111100000111111111111111110000000
111111110111111111111111110010001100011111111111111111111111100000111111111111111110000000
111111110111111111111111110011010000011111111111111111111111100000111111111111111110000000
111111111111111111111111111111111111101111000111111111111111100000111111111111111110000000
111111111111111111111111111111111111110110000111111111111111100000111111111111111110000010
111111111111111111111111111111111111111010000111111111111111100000111111111111111110100001
111111111111111111111111111111111111111101111111111111111111100000111111111111111110000000
111111111111111111111111111111111111110010000111111111111111100000111111111111111110000000
111111111111111111111111111111111111100010000111111111111111100000111111111111111110000000
111111111111111111111111111111111111100010000111111111111111100000111111111111111110000000
111111111111111111111111111111111111100010000111111111111111100000111111111111111110000000
111111111111111111111111111111111111111111111011010001111111100000111111111111111110000000
111111111111111111111111111111111111111111111101100001111111111000111111111111111110000000
111111111111111111111111111111111111111111111110100001111111100000111111111111111110000000
111111111111111111111111111111111111111111111011010001111111100000111111111111111110000000
111111111111111111111111111111111111111111111100101011111111100000111111111111111110000000
111111111111111111111111111111111111111111111000010101111111100000111111111111111110000000
111111111111111111111111111111111111111111111000001011111111100000111111111111111110000000
111111111111111111111111111111111111111111111000010101111111100000111111111111111110000000
111111111111111111111111111111111111111111111111111110110000000000111111111111111110000000
111111111111111111111111111111111111111111111111111111011000000000111111111111111110000000
111111111111111111111111111111111111111111111111111111101110000000111111111111111110000000
111111111111111111111111111111111111111111111111111110110110000000111111111111111110000000
111111111111111111111111111111111111111111111111111110011000000000111111111111111110000000
111111111111111111111111111111111111111111111111111110011000000000111111111111111110000000
111111111111111111111111111111111111111111111111111110000000100000111111111111111110000000
111111111111111111111111111111111111111111111111111110000001000000111111111111111110000000
000000000000000001000000000000000000000000000010000000000000000101111111111111111110000000
000000000100000001000000000000000000000000000010000000000000000011111111111111111110000000
000000000000000000000000000000000000000000000000000000000000010001111111111111111110000000
100000000000000000000000000000000000000000000000000000000000001001111111111111111110000000
100000000100000000000000000000000000000000000000000000000000011110111111111111111110000000
111111111111111111111111111111111111111111111111111111111111111111000011111111111110000000
111111111111111111111111111111111111111111111111111111111111111111000001101111111110000000
111111111111111111111111111111111111111111111111111111111111111111000000110111111110000000
111111111111111111111111111111111111111111111111111111111111111111000000001111111110000000
111111111111111111111111111111111111111111111111111111111111111111100000011111111110000000
111111111111111111111111111111111111111111111111111111111111111111110000110111111110000000
111111111111111111111111111111111111111111111111111111111111111111111001001111111110000000
111111111111111111111111111111111111111111111111111111111111111111101011001111111110000000
111111111111111111111111111111111111111111111111111111111111111111110110110111111110000000
111111111111111111111111111111111111111111111111111111111111111111111111111000111110000000
111111111111111111111111111111111111111111111111111111111111111111111111111000110010000000
111111111111111111111111111111111111111111111111111111111111111111111111111000001100000000
111111111111111111111111111111111111111111111111111111111111111111111111111110000010000000
111111111111111111111111111111111111111111111111111111111111111111111111111110000000000000
111111111111111111111111111111111111111111111111111111111111111111111111111101000110000000
111111111111111111111111111111111111111111111111111111111111111111111111111101001010000000
111111111111111111111111111111111111111111111111111111111111111111111111111110101100000000
000000000000000000000000000000000000000000000000000000000000000000000000000000000000001100
000000000000000000000000000000000000000100000000000000000000000000000000000000000000001011
000000000000000000000000000000000000000000000000000000000000000000000000000000000000000100
000000000000000000000000000000000000000000000000000000000000000000000000000000000001100011
000000000000000000000000000000000000000000000000000000000000000000000000000000000001010011
000000000000000000000000000000000000001000000000000000000000000000000000000000000000101101
000000000000000000000000000000000000000100000000000000000000000000000000000000000000101110
