0000101100111001111111110000000000000000
0000100100111001111111110000000000000000
0000011100111001111111110000000000000000
0000001100111001111111110000000000000000
1100000100111001111111110000000000000000
0010000011111111111111110000000000000000
1011000100111001111111110000000000000000
1111101000111001111111110000000000000000
0000010001111001111111110000000000000000
0000010010111001111111110000000000000000
1111111111011101111111110000000000000000
1111111111101111111111110000000000000000
1111111111110111111111110000000000000000
0000010000111001111111110000000000000000
0000010000011001111111110000000000000000
1111111111111110111010000000000000000000
1111111111111111011011000000000000000000
1111111111111111101100100000000000000000
1111111111111111110101010000000000000000
1111111111111110011000010000000000000000
1111111111111111100000000000000000000000
1111111111111110101000100000000000000000
1111111111111110010001000000000000000000
1111111111111110001100000000000000000000
0000000000000000000000000110100000000000
0000000000000000000000001011010000000000
0000000000000000000000001101101100000000
0000000000000000000000000110110000000000
0000000000000000000000001011011000000000
0000000000000000000000000101100000000000
0000000000000000000000000010100000000000
0000000000000000000000000010000000000000
0000000000000000000000000000000000010010
0000000000000000000000000000000000001111
0000000000000000000000000000000000001111
0000000000000000000000000000000010000010
0000000000000000000000000000000001100101
0000000000000000000000000000000001101001
0000000000000000000000000000000011110000
0000000000000000000000000000000001101100
