000111111111111100000011111111
000010111111111100000011111111
000001011111111100000011111111
100001111111111100000011111111
110000001111111100000011111111
101100111111111100000011111111
110101001111111100000011111111
111101001111111100000011111111
111111110001010100000000000000
111111110001010100000000000000
111111110000101101100000000000
111111111100000100000000000000
111111110010001000000011111111
111111111100001100000011111111
111111110010110001000011111111
111111111111010000000011111111
000000000000000000010100000000
000000000010001000000000000000
000000000010000000000000000000
000000000000000010000100000000
000000000000000000000000000000
000000000000000010010000000000
111111110000111100000000001111
111111110000111100000000000111
111111110000111100000000000001
111111110000111100000000000011
111111110000111100000010000101
111111110000111100000011001010
111111110000111100000011010101
111111110000111100000011111010
