00001001000000101111111100000011111111111111111000000010001101111111111000000000
00000110100000001111111100000011111111111111111000000010001101111111111000000000
00000101100000001111111100000011111111111111111000000010001101111111111000000000
00000011100000001111111100000011111111111111111000000010001101111111111000000000
10000000000000001111111100000011111111111111111000000010001101111111111000000000
01100000100000001111111100000011111111111111111000000010001101111111111000000000
01010000000000001111111100000011111111111111111000000010001101111111111000000000
10110000011100011111111100000011111111111111111000000010001101111111111000000000
01110100000000001111111100000011111111111111111000000010001101111111111000000000
00000001000010111111111100000011111111111111111000000010001101111111111000000000
00000001000001111111111100000011111111111111111000000010001101111111111000000000
00000001000000011111111100000011111111111111111000000010001101111111111000000000
00000000010000111111111100000011111111111111111000000010001101111111111000000000
00000000001000011111111100000011111111111111111000000010001101111111111000000000
10000000011010011111111100000011111111111111111000000010001101111111111000000000
00000001011111101111111100010111111111111111111000000010001101111111111000000000
11111111111111110001010100000011111111111111111000000010001101111111111000000000
11111111111111110000101100000011111111100000000000000000000000111111111000000000
11111111111111110000001100000011111111111111111000000010001101111111111000000000
11111111111111111000010100000011111111111111111000000010001101111111111000000000
11111111111111110100001000000011111111111111111000000010001101111111111000000000
11111111111111111001000000000011111111111111111000000010001101111111111000000000
11111111111111110110100000000011111111100000000000000000000000111111111000000000
11111111111111111111000000000011111111111111111000000010001101111111111000000000
00000000000000000000000001111111111111100000000000000000000000111111111000000000
00000000000000000000000010101111111111100000000000000000000000111111111000000000
00000000000000000000000011001111111111100000000111111100000000111111111000000000
00000000000000010000000010000111111111100000000111111100000000111111111000000000
00000000000000000000000011100011111111100000000111111100000000111111111000000000
00000000000000010000000011110011111111100000000111111100000000111111111000000000
11111111111111111111111111111100001111111111111111111110001101111111111000000000
11111111111111111111111111111100000111111111111111111110001101111111111000000000
11111111111111111111111111111100000101111111111111111110001101111111111000000000
11111111111111111111111111111100000000111111111111111110001101111111111000000000
11111111111111111111111111111110000011111111111111111110001101111111111000000000
11111111111111111111111111111111100011111111111111111110001101111111111000000000
11111111111111111111111111111111001101111111111111111110001101111111111000000000
11111111111111111111111111111111101110011111111111111110001101111111111000000000
11111111111111111111111111111111111110011111111111111110001101111111111000000000
11111111111111111011110100000011111111100010111000000000000000111111111000000000
11111111111111111011110100000011111111100000101000000000000000111111111000000000
11111111111111111011110100000011111111100000010000000000000000111111111000000000
11111111111111111011110100000011111111110000111000000000000000111111111000000000
11111111111111111011110100000011111111100000011000000010001101111111111000000000
11111111111111111011110100000011111111111010001000000010001101111111111000000000
11111111111111111011110100000011111111110111001000000010001101111111111000000000
11111111111111111011110100000011111111111011110000000000000000111111111000000000
00000000000000000000000000111111111111100000000000011100000000111111111000000000
00000000000000000000000000111111111111100000000000010000000000111111111000000000
00000000000000000000000000111111111111100000000000001100000000111111111000000000
00000000000000000000000000111111111111100000000000001100000000111111111000000000
00000000000000000000000000111111111111100000000110000100000000111111111000000000
00000000000000000000000000111111111111100000000101100000000000111111111000000000
00000000000000000000000000111111111111100000000101110000000000111111111000000000
11111111111111111011110100000011111111100001110000000000001111111111111000000000
00000000000000000000000000000000000000000000000000000000011111111111111000000000
00000000000000000000000000000000000000000000000000000000000011111111111000000000
00000000000000000000000000000000000000000000000000000001000010111111111000000000
11111111111111111011110100000011111111100001110000000011000100111111111000000000
11111111111111111011110100000011111111100001110000000011001000111111111000000000
00000000000000000000000000000000000000000000000000000011110001111111111000000000
11111111111111111011110100000011111111100001110000000011100010111111111000000000
11111111111111111111111111111111111111111111111111111111111111000111111000000000
11111111111111111111111111111111111111111111111111111111111111000101111000000000
11111111111111111111111111111111111111111111111111111111111111000011111000000000
11111111111111111111111111111111111111111111111111111111111111110001111000000000
11111111111111111111111111111111111111111111111111111111111111101000111000000000
11111111111111111111111111111111111111111111111111111111111111111100110000000000
11111111111111111111111111111111111111111111111111111111111111111111001000000000
11111111111111111111111111111111111111111111111111111111111111111111001000000000
11111111111111111111111111111111111111111111111111111111111111111110110000000000
00000000000000000000000000000000000000000000000000000000000000000000000000010111
00000000000000000000000000000000000000000000000000000000000000000000000000010100
00000000000000000000000000000000000000000000000000000000000000000000000000001111
00000000000000000000000000000000000000000000000000000000000000000000000000001001
00000000000000000000000000000000000000000000000000000000000000000000000110000011
00000000000000000000000000000000000000000000000000000000000000000000000001100000
00000000000000000000000000000000000000000000000000000000000000000000000111000011
00000000000000000000000000000000000000000000000000000000000000000000000101010101
00000000000000000000000000000000000000000000000000000000000000000000000101110110
