000011110000000000000000000011111110000000011111111100000000
000010011111111110000000000011111110000000011111111100000000
000001100000000000000000000011111110000000011111111100000000
000000111111111110000000000011111110000000011111111100000000
110000101111111110000000000011111110000000011111111100000000
101000011111111110000000000011111110000000011111111100000000
101110011111111110000000000011111110000000011111111100000000
110101101111111110000000000011111110000000011111111100000000
010111110000101010000000000011111110000000011111111100000000
010111110000100110000000000011111110000000011111111100000000
010111110000011000000000000011111110000000011111111100000000
010111110000010100000000000011111110000000011111111100000000
010111111100001011111100000011111110000000011111111100000000
010111110011000110000000000011111110000000011111111100000000
010111111010100110001111111111111111110010111111111100000000
010111110101011010000000000011111110000000011111111100000000
010111111100111100000000000011111110000000011111111100000000
000000000000100000001000000011111110000000011111111100000000
000000000000100000000111111111111111110010111111111100000000
000000000000100000000111111111111111110010111111111100000000
000000000000101001000111111111111111110010111111111100000000
000000000000101000111011111111111111110010111111111100000000
000000000000001000111100010111111111110010111111111100000000
000000000000001000111100001111111111110010111111111100000000
000000000000001000111100001111111111110010111111111100000000
000000000000001000111110000111111110000000011111111100000000
000000000000001000111101100011111111110010111111111100000000
000000000000001000111111110011111110000000011111111100000000
111111111111111111111111111100000111110010111111111100000000
111111111111111111111111111100000001110010111111111100000000
111111111111111111111111111100000001110010111111111100000000
111111111111111111111111111100000011110010111111111100000000
111111111111111111111111111100000001110010111111111100000000
111111111111111111111111111110000011110010111111111100000000
111111111111111111111111111110010101110010111111111100000000
000000000000001000111111101011111110001111111111111100000000
000000000000001000111111101011111110001001111111111100000000
000000000000001000111111101011111110000111111111111100000000
000000000000000000000000000000000001100011111111111100000000
000000000000000000000000000000000001010001111111111100000000
000000000000001000111111101011111111011000011111111100000000
000000000000000000000000000000000001111100111111111100000000
000000000000001000111111101011111111111101011111111100000000
111111111111111111111111111111111111111111100011111100000000
111111111111111111111111111111111111111111100001111100000000
111111111111111111111111111111111111111111100001111100000000
111111111111111111111111111111111111111111110000001100000000
111111111111111111111111111111111111111111111100010100000000
111111111111111111111111111111111111111111111100001100000000
111111111111111111111111111111111111111111111101000100000000
111111111111111111111111111111111111111111111110100000000000
111111111111111111111111111111111111111111111111110000000000
000000000000000000000000000000000000000000000000000000010111
000000000000000000000000000000000000000000000000000000001011
000000000000000000000000000000000000000000000000000000000000
000000000000000000000000000000000000000000000000000010000111
000000000000000000000000000000000000000000000000000001000000
000000000000000000000000000000000000000000000000000010010001
000000000000000000000000000000000000000000000000000011010001
000000000000000000000000000000000000000000000000000011010110
