001011000000000000110001111111111111111111111111111110000000
000011110000000000110001111111111111111111111111111110000000
100000100000000000110001111111111111111111111111111110000000
000000010000000011111111111111111111111111111111111110000000
110000110000000000110001111111111111111111111111111110000000
110000110000000011111111111111111111111111111111111110000000
011011010000000000110001111111111111111111111111111110000000
010111100000000011111111111111111111111111111111111110000000
000000000101000000110001111111111111111111111111111111111111
000000001010000100110001111111111111111111111111111111111111
000000000101100000110001111111111111111111111111111110000000
000000001010111000110001111111111111111111111111111110000000
000000000011000000110001111111111111111111111111111110000000
000000000001000000110001111111111111111111111111111110000000
000000000001000000110001111111111111111111111111111110000000
000000000100000000110001111111111111111111111111111110000000
000101010000000001100100111111111111111111111111111110000000
000101010000000010110110111111111111111111111111111110000000
111111111111111111011000010011111111111111111111111111111111
111111111111111101101000111111111111111111111111111111111111
000101010000000000110000111111111111111111111111111110000000
000101010000000011000010111001111111111111111111111110000000
000101010000000001000100111111111111111111111111111110000000
111111111111111100000000010101111111111111111111111111111111
111111111111111111011110010001111111111111111111111111111111
111111111111111111111111101101111111111111111111111111111111
111111111111111111011110010001111111111111111111111111111111
111111111111111111011011010011111111111111111111111111111111
111111111111111111111010000101111111111111111111111111111111
111111111111111111111111111110110000111111111111111111111111
111111111111111111111111111111011000111111111111111111111111
111111111111111111111111111111101000111111111111111111111111
111111111111111111111111111110110101111111111111111111111111
111111111111111111111111111110001010111111111000000001111111
111111111111111111111111111110000101111111111111111111111111
111111111111111111111111111110001010111111111000000001111111
111111111111111111111111111111111111000010010111111111111111
111111111111111111111111111111111111000001101111111111111111
111111111111111111111111111111111111000001011111111111111111
111111111111111111111111111111111111000000101111111111111111
111111111111111111111111111111111111100000010111111111111111
111111111111111111111111111111111111011000101111111111111111
111111111111111111111111111111111111010101001111111111111111
111111111111111111111111111111111111101010001111111111111111
111111111111111111111111111111111111011101110111111111111111
111111111111111111111111111111111010111111111000101111111111
111111111111111111111111111111111010111111111000011111111111
111111111111111111111111111111111010111111111000010111111111
111111111111111111111111111111111010111111111100001001111111
111111111111111111111111111111111010111111111011000111111111
111111111111111111111111111111111010111111111110100011111111
111111111111111111111111111111111010111111111111010011111111
111111111111111111111111111111111010111111111111011101111111
000000001100000000110001111111111111111111111111111110000111
000000001100000000110001111111111111111111111111111110000111
000000001100000000110001111111111111111111111111111110000110
000000001100000000110001111111111111111111111111111110000101
000000001100000000110001111111111111111111111111111111111001
000000001100000000110001111111111111111111111111111111110001
000000001100000000110001111111111111111111111111111111101110
