011000101111111111111111111111
101110001111111111111111111111
110101001111111111111111111111
011011101111111111111111111111
010101001111111111111111111111
001110001111111111111111111111
100100001111111111111111111111
000000001111111111111111111111
111111110001001111111111111111
111111110000111111111111111111
111111110000110011111111111111
111111111000001100000000000000
111111110110011111111111111111
111111110110101111111111111111
111111111101110000000000000000
111111111101110011111111111111
111111111110110100000111000000
111111111110110100000010000000
111111111110110100000001000000
111111111110110100000001000000
111111111110110100000001000000
111111111110110110000010000000
111111111110110111000101000000
111111111110110110111010111111
111111111110110100000001000111
111111111110110100000001000100
111111111110110100000001000011
111111111110110100000001110001
111111111110110100000001101000
111111111110110100000001101100
