011010111111111111111111111111111111111111000000001111111100000001111111110000000000001010
101111111111111111111111111111111111111111000000001111111100011111111111110000000000001010
110101010101111111111111111111111000000000000000000000000000000001111111110000000000001010
011010111111111111111111111111111111111111000000001111111100000001111111110000000000001010
110100010101111111111111111111111000000000000000000000000000011111111111110000000000001010
011000010101111111111111111111111000000000000000000000000000000001111111110000000000001010
110100010011111111111111111111111000000000000000001111111100000001111111110000000000001010
111111101101111111111111111111111000000000000000001111111100011111111111110000000000001010
110100010111111111111111111111111000000000000000001111111100000001111111110000000000001010
111111011011111111111111111111111000000000000000000000000000011111111111110000000000001010
110100101101111111111111111111111000000000000000000000000000000001111111110000000000001010
111111111110111100011111111100101111111111000000001111111100011111111111110000000000001010
111111111111011110011111111111111111111111000000001111111100011111111111110000000000001010
111111111111101110011111111111111111111111000000001111111100011111111111110000000000001010
111111111111110110011111111111111111111111000000001111111100011111111111110000000000001010
111111111111111001011111111111111111111111000000001111111100011111111111110000000000000000
111111111110111001011111111111111111111111000000001111111100011111111111110000000000000000
111111111110000110111111111111111111111111000000001111111100011111111111110000000000001010
111111111110000001011111111100000111111111000000001111111100011110000000000000000000000000
111111111111111111101110010011111111111111000000001111111100011111111111110000000000001010
111111111111111111110110100011111111111111000000001111111100011111111111110000000000001010
111111111111111111111011000011111111111111000000001111111100011111111111110000000000001010
111111111111111111111101101111111111111111000000001111111100011111111111110000000000001010
111111111111111111100110110011111111111111000000001111111100011111111111110000000000001010
111111111111111111101011011011111111111111000000001111111100011111111111110000000000001010
111111111111111111110001101011111111111111000000001111111100011111111111110000000000001010
111111111111111111100010110111111111111111000000001111111100011111111111110000000000001010
111111111111111111100010001011111111111111000000001111111100011111111111110000000000001010
111111111110111111011111111101111111111111000000001111111100011110000000000000000000001010
111111111110111111011111111110100111111111000000001111111100011111111111110000000000001010
111111111111111111011111111111000111111111000000001111111100011111111111110000000000001010
111111111110111111011111111110000111111111000000001111111100011111111111110000000000001010
111111111111111111011111111110000111111111000000001111111100011111111111110000000000001010
110100000001111111111111111111111011101100000000001111111100000001111111110000000000001010
110100000001111111111111111111111101110000000000001111111100000001111111110000000000001010
110100000001111111111111111111111110110000000000001111111100000001111111110000000000001010
110100000001111111111111111111111111011011000000001111111100000001111111110000000000001010
110100000001111111111111111111111011101111000000001111111100000001111111110000000000001010
110100000001111111111111111111111100110111000000001111111100000001111111110000000000001010
110100000001111111111111111111111100011010000000001111111100000001111111110000000000001010
110100000001111111111111111111111000111100000000001111111100000001111111110000000000001010
110100000001111111111111111111111000111000000000001111111100000001111111110000000000001010
000000000000000000000000000000000000000000011101000000000000000000000000000000000000000000
000000000000000000000000000000000000000000101100000000000000000000000000000000000000000000
000000000000000000000000000000000000000000110110110000000000000000000000000000000000000000
000000000000000000000000000000000000000000111011010000000000000000000000000000000000000000
000000000000000000000000000000000000000000001101100000000000000000000000000000000000000000
000000000000000000000000000000000000000000100110110000000000000000000000000000000000000000
000000000000000000000000000000000000000000001011000000000000000000000000000000000000000000
000000000000000000000000000000000000000000001101000000000000000000000000000000000000000000
110100111001111111111111111111111111111111000000000001011100000001111111110000000000001010
110100111001111111111111111111111111111111000000000001111100000001111111110000000000001010
110100111001111111111111111111111111111111000000000000111100000001111111110000000000001010
110100111001111111111111111111111111111111000000001100011100000001111111110000000000001010
110100111001111111111111111111111111111111000000000110001000000001111111110000000000001010
110100111001111111111111111111111111111111000000001111000100000001111111110000000000001010
110100111001111111111111111111111111111111000000001111100100000001111111110000000000001010
110100111001111111111111111111111111111111000000001111011000000001111111110000000000001010
000000000000000000000000000000000000000000000000000000000000001010000000000000000000000000
000000000000000000000000000000000000000000000000000000000000001010000000000000000000000000
000000000000000000000000000000000000000000000000000000000000000110000000000000000000000000
010010010101111111111111111111111000000000000000000000000000000111111111110000000000001010
010010010101111111111111111111111000000000000000000000000011000111111111110000000000001010
010010010101111111111111111111111000000000000000000000000000111001111111110000000000001010
010010010101111111111111111111111000000000000000000000000011111001111111110000000000001010
111111111111111111011111111101111111111111000000001111111100011110001011110000000000001010
111111111111111111011111111101111111111111000000001111111100011110000110110000000000001010
111111111111111111011111111101111111111111000000001111111100011110000001110000000000001010
111111111111111111011111111101111111111111000000001111111100011111000011110000000000001010
111111111111111111011111111101111111111111000000001111111100011110100001110000000000001010
111111111111111111011111111101111111111111000000001111111100011111101001110000000000001010
111111111111111111011111111101111111111111000000001111111100011111011110110000000000001010
111111111111111111011111111101111111111111000000001111111100011111111111010000000000001010
111111111111111111011111111101111111111111000000001111111100011111111111100000000000001010
000000000000000000000000000000000000000000000000000000000000000000000000000000101100000000
000000000000000000000000000000000000000000000000000000000000000000000000000000010110000000
000000000000000000000000000000000000000000000000000000000000000000000000000000010010000000
000000000000000000000000000000000000000000000000000000000000000000000000000000001010000000
000000000000000000000000000000000000000000000000000000000000000000000000001000000110000000
000000000000000000000000000000000000000000000000000000000000000000000000000110001100000000
000000000000000000000000000000000000000000000000000000000000000000000000001001010110000000
000000000000000000000000000000000000000000000000000000000000000000000000001100111010000000
000000000000000000000000000000000000000000000000000000000000000000000000000111101100000000
000000000000000000000000000000000000000000000000000000000000000000000000000000000000011111
000000000000000000000000000000000000000000000000000000000000000000000000000000000000000111
000000000000000000000000000000000000000000000000000000000000000000000000000000000001000101
111111111111111001011111111111111111111111000000001111111100011111111111110000000001000111
000000000000000000000000000000000000000000000000000000000000000000000000000000000001111001
111111111111111001011111111111111111111111000000001111111100011111111111110000000001101000
000000000000000000000000000000000000000000000000000000000000000000000000000000000001111100
