011011001111111111111111111111111111111111111111111111111111110000000000111111110000000000000000000000000000000000000000000000000000000000000000101011
101101011111111111111111111111111111111111111111111111111111111101000000111111110000000000000000000000000000000000000000000000000000000000000000101011
110110101111111111111111111111111111111111111111111111111111110000000000111111110000000000000000000000000000000000000000000000000000000000000000101011
011011011111111111111111111111111111111111111111111111111111110000000000111111110000000000000000000000000000000000000000000000000000000000000000101011
101101111111111111111111111111111111111111111111111111111111110000000000111111110000000000000000000000000000000000000000000000000000000000000000101011
110110101111111111111111111111111111111111111111111111111111110000000000111111110000000000000000000000000000000000000000000000000000000000000000101011
001011011111111111111111111111111111111111111111111111111111110000000000111111110000000000000000000000000000000000000000000000000000000000000000101011
010110101111111111111111111111111111111011111111111111111111110000000000111111110000000000000000000000000000000000000000000000000000000000000000101011
111111110111000111010011111111111111111111111111111111111111110000000000111111110000000000000000000000000000000000000000000000000000000000000000101011
111111111011001111010011111111111111111111111111111111111111110000000000111111110000000000000000000000000000000000000000000000000000000000000000101011
111111111101100111010011111111111111111111111111111111111111110000000000111111110000000000000000000000000000000000000000000000000000000000000000101011
111111111110100111010011111111111111111111111111111111111111110000000000111111110000000000000000000000000000000000000000000000000000000000000000101011
111111110011010111010011111111111111111111111111111111111111110000000000111111110000000000000000000000000000000000000000000000000000000000000000101011
111111110000100111111110000000011111111111110000000001111111110000000000111111110000000000000000000000000000000000000000000000000000000000000000101011
111111110100000111010011111111111111111111111111111111111111110000000000111111110000000000000000000000000000000000000000000000000000000000000000101011
111111111111111010000001111111111111111111111111111111111111110110000000111111110000000000000000000000000000000000000000000000000000000000000000101011
111111111111111101100001111111111111111111111111111111111111110000011001111111110000000000000000000000000000000000000000000000000000000000000000101011
111111111111111010110011111111111111111111111111111111111111110000000000111111110000000000000000000000000000000000000000000000000000000000000000101011
111111110000010011000001111111111111111111111111111111111111110000000000111111110000000000000000000000000000000000000000000000000000000000000000101011
111111111111111001001101111111111111111111111111111111111111110000000000111111110000000000000000000000000000000000000000000000000000000000000000101011
111111110000010000010101111111111111111111111111111111111111110000000000111111110000000000000000000000000000000000000000000000000000000000000000101011
111111110000010000011001111111111111111111111111111111111111110000000000111111110000000000000000000000000000000000000000000000000000000000000000101011
111111111111111001000001111111111111111111111111111111111111110000000000111111110000000000000000000000000000000000000000000000000000000000000000101011
111111111111101111111110111011011000111111110000000001111111110000000000111111110000000000000000000000000000000000000000000000000000000000000000101011
111111111111101111111111011101011111111111111111111111111111111000000000111111110000000000000000000000000000000000000000000000000000000000111000101011
111111111111101111111111101110011111111111110000000001111111110000000000111111110000000000000000000000000000000000000000001000100000000000111100101011
111111111111101111111111110110011111111111111111111111111111110000000000111111110000000000000000000000000000000000000000000000000000000000000000101011
111111111111101111111110111011011111111111110000000001111111110000000000111111110000000000000000000000000000000000000000000000000000000000000000101011
111111111111101111111111011101011111111111111111111111111111110000000000111111110000000000000000000000000000000000000000000000000000000000000000101011
111111111111101111111111100110111111111111110000000001111111110000000000111111110000000000000000000000000000000000000000000000000000000000000000101011
111111111111101111111110000001000110111111110000000001111111110000000000111111110000000000000000000000000000000000000000000000000000000000000000101011
111111111111111111111111111111001110111111110000000001111111110000000000111111110000000000000000000000000000000000000000000000000000000000000000101011
111111111111111111111111111111010110111111111111111111111111110000000000111111110000000000000000000000000000000000000000000001110000000000000000101011
111111111111111111111110111111111010111111110000000001111111110000000000111111110000000000000000000000000000000000000000000000000000000000000000101011
111111111111111111111110111111111100111111111111111111111111110000000000111111110000000000000000000000000000000000000000000000000000000000000000101011
111111111111111111111110111111000000111111110000000001111111110000000000111111110000000000000000000000000000000000000000000000000000000000000000101011
111111111111111111111111111111111111011100001111111111111111110000000000111111110000000000000000000000000000000000000000000000000000000000001100101011
111111111111111111111111111111111111101100001111111111111111110000000000111111110000000000000000000000000000000000000000000000000000000000000000101011
111111111111111111111111111111111111110111001111111111111111110000000101111111110000000000000000000000000000000000000000000000000000000000000000101011
111111101111111111111111111111111111111011111111111111111111110000000000111111110000000000000000000000000000000000000000000000000000000000000000101011
111111111111111111111111111111111111001100101111111111111111110000000000111111110000000000000000000000000000000000000000000000000000000000000000101011
111111111111111111111111111111111111001100101111111111111111110000000000111111110000000000000000000000000000000000000000000000000000000000000000101011
111111111111111111111111111111111111000111001111111111111111110000000000111111110000000000000000000000000000000000000000000000000000000000000000101011
111111111111111111111111111111111111000100001111111111111111110000000000111111110000000000000000000000000000000000000000000000000000000000000000101011
111111111111101111111110101010001010111111110111110011111111110000000000111111110000000000000000000000000000000000000000000000000000000000000000101011
111111111111101111111110101010001010111111111011110011111111110000000000111111110000000000000000000000000000000000000000000000000000000000000000101011
111111111111101111111110101010001010111111111101110011111111110000000000111111110000000000000000000000000000000000000000000000000000000000000000101011
111111111111101111111110101010001010111111111110111101111111110000000000111111110000000000000000000000000000000000000000000000000000000000000000101011
111111111111101111111110101010001010111111111111011101111111110000000000111111110000000000000000000000000000000000000000000000000000000000000000101011
111111111111101111111110101010001010111111111111101111111111110000010000111111110000000000000000000000000000000000000000000000000000000000000000101011
111111111111101111111110101010001010111111110001110101111111110000000000111111110000000000000000000000000000000000000000000000000000000000000000101011
111111111111101111111110101010001010111111110001111001111111110000000000111111110000000000000000000000000000000000000000000000000000000000000000101011
111111111111101111111110101010001010111111111110010001111111110000000000111111110000000000000000000000000000000000000000000000000000000000000000101011
111111111111111111111111111111111111111111111111111110001111110000000000111111110000000000000000000000000000000000000000001110010000000000000000101011
111111111111111111111111111111111111111111111111111110000011110000000000111111110000000000000000000000000000000000000000000000000000000000000000101011
111111111111111111111111111111111111111111111111111110000001110000000000111111110000000000000000000000000000000000000000000000000000000000000000101011
111111111111111111111111111111111111111111111111111111000111110000000000111111110000000000000000000000000000000000000000000000000000000000000000101011
111111111111111111111111111111111111111111111111111111001010110000000000111111110000000000000000000000000000000000000000000000000000000000000000101011
111111111111111111111111111111111111111111111111111111101100100000000000111111110000000000000000000000000000000000000000000000000000000000000000101011
111111111111111111111111111111111111111111111111111111111000010000000000111111110000000000000000000000000000000000000000000000000000000000000000101011
111111111111111111111111111111111111111111111111111111111110010000000000111111110000000000000000000000000000000000000000000000000000000000000000101011
111111111111111111111111111111111111111111111111111111111101100000000000111111110000000000000000000000000000000000000000000000000000000000000000101011
010000000000000000000000100000000000000000000000000000000000000010000000111111110000000000000000000000000000000000000000000000000000000000000000101011
010000000000000100000000000000000000000000000000000000000000000001000000111111110000000000000000000000000000000000000000000000000000000000000000101011
000000000000000100000000000000000000000000000000000000000000001000000000111111110000000000000000000000000000000000000000000000000000000000000000101011
010000000000000000000000000000000000000000000000000000000000000100000000111111110000000000000000000000000000000000000000000000000000000000000000101011
000000000000000000000000000000000000000000000000000000000000000000000011111111110000000000000000000000000000000000000000000000000000000000000000101011
000000000000000010000000000000000000000000000000010000000000000000000001111111110000000000000000000000000000000000000000000000000000000000000000101011
000000000000000010000000000000000000000000000000000000000000000000000000111111110000000000000000000000000000000000000000000000000000000000000000101011
000000000000000000000000000000000000001000000000000000000000000000000000111111110000000000000000000000000000000000000000000000000000000000000000101011
000000000000000000000000000000000000000000000000000000000000000000100000111111110000000000000000000000000000000000000000000000000000000000000000101011
000000000000000010000000000000000000001000000000000000000000000000110000111111110000000000000000000000000000000000000000000000000000000000000000101011
111111111111111111111111111111111111111111111111111111111111111111111111000011110000000000000000000000000000000000000000000000000000000000000000000000
111111111111111111111111111111111111111111111111111111111111111111111111000001110000000000000000000000000000000000000000000000000000000000000000101011
111111111111111111111111111111111111111111111111111111111111111111111111000001110000000000000000000000000000000000000000000000000000000000000000101011
111111111111111111111111111111111111111111111111111111111111111111111111000000010000000000000000000000000000000000000000000000000000000000000000101011
111111111111111111111111111111111111111111111111111111111111111111111111100000100000000000000000000000000000000000000000000000000000000000000000000000
111111111111111111111111111111111111111111111111111111111111111111111111111000010000000000000000000000000000000000000000000000000000000000000000101011
111111111111111111111111111111111111111111111111111111111111111111111111111010000000000000000000000000000000000000000000000000000000000000000000000000
111111111111111111111111111111111111111111111111111111111111111111111111111101000000000000000000000000000000000000000000000000000000000000000000000000
000000000000000000000000000000000000000000000000000000000000000000000000000000000001010110000000000000000000000000000000000000000000000000000000000000
000000000000000000000000000000000000000000000000000000000000000000000000000000000000111110000000000000000000000000000000000000000000000000000000000000
000000000000000000000000000000000000000000000000000000000000000000000000000000000000111010000000000000000000000000000000000000000000000000000000000000
000000000000000000000000000000000000000000000000000000000000000000000000000000001000001110000000000000000000000000000000000000000000000000000000000000
000000000000000000000000000000000000000000000000000000000000000000000000000000000110001100000000000000000000000000000000000000000000000000000000000000
000000000000000000000000000000000000000000000000000000000000000000000000000000001110001110000000000000000000000000000000000000000000000000000000000000
000000000000000000000000000000000000000000000000000000000000000000000000000000000111110000000000000000000000000000000000000000000000000000000000000000
000000000000000000000000000000000000000000000000000000000000000000000000000000001101110010000000000000000000000000000000000000000000000000000000000000
000000000000000000000000000000000000000000000000000000000000000000000000000000001111010100000000000000000000000000000000000000000000000000000000000000
000000000000000000000000000000000000000000000000000000000000000000000000000000000000000000000111110000000000000000000000000000000000000000000000000000
000000000000000000000000000000000000000000000000000000000000000000000000000000000000000000000011110000000000000000000000000000000000000000000000000000
000000000000000000000000000000000000000000000000000000000000000000000000000000000000000000000000110000000000000000000000000000000000000000000000000000
000000000000000000000000000000000000000000000000000000000000000000000000000000000000000000000000010000000000000000000000000000000000000000000000000000
000000000000000000000000000000000000000000000000000000000000000000000000000000000000000001000000110000000000000000000000000000000000000000000000000000
000000000000000000000000000000000000000000000000000000000000000000000000000000000000000001100001110000000000000000000000000000000000000000000000000000
000000000000000000000000000000000000000000000000000000000000000000000000000000000000000001100010000000000000000000000000000000000000000000000000000000
000000000000000000000000000000000000000000000000000000000000000000000000000000000000000001110110000000000000000000000000000000000000000000000000000000
000000000000000000000000000000000000000000000000000000000000000000000000000000000000000001111110000000000000000000000000000000000000000000000000000000
000000000000000000000000000000000000000000000000000000000000000000000000000000000000000000000000000000111100000000000000000000000000000000000000000000
000000000000000000000000000000000000000000000000000000000000000000000000000000000000000000000000000000101000000000000000000000000000000000000000000000
000000000000000000000000000000000000000000000000000000000000000000000000000000000000000000000000000000011100000000000000000000000000000000000000000000
000000000000000000000000000000000000000000000000000000000000000000000000000000000000000000000000000000010000000000000000000000000000000000000000000000
000000000000000000000000000000000000000000000000000000000000000000000000000000000000000000000000001100001100000000000000000000000000000000000000000000
000000000000000000000000000000000000000000000000000000000000000000000000000000000000000000000000001011000100000000000000000000000000000000000000000000
000000000000000000000000000000000000000000000000000000000000000000000000000000000000000000000000001110100100000000000000000000000000000000000000000000
000000000000000000000000000000000000000000000000000000000000000000000000000000000000000000000000001010111000000000000000000000000000000000000000000000
000000000000000000000000000000000000000000000000000000000000000000000000000000000000000000000000000000000000000111100000000000000000000000000000000000
000000000000000000000000000000000000000000000000000000000000000000000000000000000000000000000000000000000000000111100000000000000000000000000000000000
000000000000000000000000000000000000000000000000000000000000000000000000000000000000000000000000000000000000000101000000000000000000000000000000000000
000000000000000000000000000000000000000000000000000000000000000000000000000000000000000000000000000000000000000011100000000000000000000000000000000000
000000000000000000000000000000000000000000000000000000000000000000000000000000000000000000000000000000000000000010100000000000000000000000000000000000
000000000000000000000000000000000000000000000000000000000000000000000000000000000000000000000000000000000011100001000000000000000000000000000000000000
000000000000000000000000000000000000000000000000000000000000000000000000000000000000000000000000000000000011011000100000000000000000000000000000000000
000000000000000000000000000000000000000000000000000000000000000000000000000000000000000000000000000000000011110100000000000000000000000000000000000000
000000000000000000000000000000000000000000000000000000000000000000000000000000000000000000000000000000000011011010000000110000000000000000000000000000
000000000000000000000000000000000000000000000000000000000000000000000000000000000000000000000000000000000000000000000101110000000000000000000000000000
000000000000000000000000000000000000000000000000000000000000000000000000000000000000000000000000000000000000000000000010010000000000000000000000000000
000000000000000000000000000000000000000000000000000000000000000000000000000000000000000000000000000000000000000000010001110000000000000000000000000000
000000000000000000000000000000000000000000000000000000000000000000000000000000000000000000000000000000000000000000001000010000000000000000000000000000
000000000000000000000000000000000000000000000000000000000000000000000000000000000000000000000000000000000000000000010100110000000000000000000000000000
000000000000000000000000000000000000000000000000000000000000000000000000000000000000000000000000000000000000000000110101000000000000000000000000000000
000000000000000000000000000000000000000000000000000000000000000000000000000000000000000000000000000000000000000000111111000000000000000000000000000000
000000000000000000000000010000000000000000000000000001000000000000000000000000000000000000000000000000000000000000000000000001110000000000000000000000
000000000000000000000000000000000000000000000000000001000000000000000000000000000000000000000000000000000000000000000000000001110000000000000000000000
000000000000000000000000000000000000000000000000000001000000000000000000000000000000000000000000000000000000000000000000000000010000000000000000000000
000000000000000000000000000000001000000000000000000000000000000000000000000000000000000000000000000000000000000000000000001100000000000000000000000000
000000000000000000000000010000001000000000000000000000000000000000000000000000000000000000000000000000000000000000000000001100000000000000000000000000
000000000000000000000000000000001000000000000000000001000000000000000000000000000000000000000000000000000000000000000000001110000000000000000000000000
000000000000000000000000000000000000000000000000000000000000000000000000000000000000000000000000000000000000000000000000000000000000110010000000000000
000000000000000000000000000000000000000000000000000000000000000000000000000000000000000000000000000000000000000000000000000000000000101010000000000000
000000000000000000000000000000000000000000000000000000000000000000000000000000000000000000000000000000000000000000000000000000000000010110000000000000
000000000000000000000000000000000000000000000000000000000000000000000000000000000000000000000000000000000000000000000000000000000000001110000000000000
000000000000000000000000000000000000000000000000000000000000000000000000000000000000000000000000000000000000000000000000000000001100000110000000000000
000000000000000000000000000000000000000000000000000000000000000000000000000000000000000000000000000000000000000000000000000000001010000100000000000000
000000000000000000000000000000000000000000000000000000000000000000000000000000000000000000000000000000000000000000000000000000000101000100000000000000
000000000000000000000000000000000000000000000000000000000000000000000000000000000000000000000000000000000000000000000000000000000011111010000000000000
000000000000000000000000000000000000000000000000000000000000000000000000000000000000000000000000000000000000000000000000000000001111100100000000000000
000000000000000000000000000000000000000000000000000000000000000000000000000000000000000000000000000000000000000000000000000000000000000000011100000000
000000000000000000000000110000000000000000000000000000000000000000000000000000000000000000000000000000000000000000000000000000000000000000010100000000
000000000000000000000000110000000000000000000000000000000000000000000000000000000000000000000000000000000000000000000000000000000000000001101100000000
000000000000000000000000110000000000100000000000000000000000000000000000000000000000000000000000000000000000000000000000000000000000000001010100000000
000000000000000000000000010000000000100000000000000000000000000000000000000000000000000000000000000000000000000000000000000000000000000001111000000000
000000000000000000000000000000000000000000000000000000000000000000000000000000000000000000000000000000000000000000000000000000000000000000000000010101
000000000000000000000000000000000000000000000000000000000000000000000000000000000000000000000000000000000000000000000000000000000000000000000000000011
111111111111111111111111111111111111111111111111111111111111111111111111011101000000000000000000000000000000000000000000000000000000000000000000001011
000000000000000000000000000000000000000000000000000000000000000000000000000000000000000000000000000000000000000000000000000000000000000000000010000101
111111111111111111111111111111111111111111111111111111111111111111111111011101000000000000000000000000000000000000000000000000000000000000000000100010
000000000000000000000000000000000000000000000000000000000000000000000000000000000000000000000000000000000000000000000000000000000000000000000010010001
111111111111111111111111111111111111111111111111111111111111111111111111011101000000000000000000000000000000000000000000000000000000000000000001101001
111111111111111111111111111111111111111111111111111111111111111111111111011101000000000000000000000000000000000000000000000000000000000000000011110110
