000010110000000000000000000000000000000000000000000000000000000000000000000000000111111111
000010110000000000000000000000000000000000000000000000000000000000000000000000000111111111
000001110000000000000000000000000000000000000000000000000000000000000000000000000111111111
000001010000000000000000000000000000000000000000000000000000000000000000000000000111111111
110000010000000000000000000000000000000000000000000000000000000000000000000000000111111111
001100010000000000000000000000000000000000000000000000000000000000000000000000000111111111
111000000000001000000000000000000000000000000000000000000000000000000000000000000111111111
111111000000001000000000000000000000000000000000000000000000000000000000000000000111111111
000000000000100100000000000000000000000000000000000000000000000000000000000000000111111111
000000000000011100000000000000000000000000000000000000000000000000000000000000000111111111
000000000000011100000000000000000000000000000000000000000000000000000000000000000111111111
000000000000001000000000000000000000000000000000000000000000000000000000000000000111111111
000000001000000100000000000000000000000000000000000000000000000000000000000000000111111111
000000000110000100000000000000000000000000000000000000000000000000000000000000000111111111
000000110111000000000000000000000000000000000000000000000000000000000000000000000111111111
000000001110110000000000000000000000000000000000000000000000000000000000000000000111111111
000000000000000000011011000000000000000000000000000000000000000000000000000000000111111111
000000000000000000001111000000000000000000000000000000000000000000000000000000000111111111
000000000000000000000111000000000000000000000000000000000000000000000000000000000111111111
000000000000000010000011000000000000000000000000000000000000000000000000000000000111111111
000000000000000011000001000000000000000000000000000000000000000000000000000000000111111111
000000000000000001100010000000000000000000000000000000000000000000000000000000000111111111
000000000000000011110101000000000000000000000000000000000000000000000000000000000111111111
000000000000000011111010000000000000000000000000000000000000000000000000000000000111111111
000000000000000000000000000011111000000000000000000000000000000000000000000000000111111111
000000000000000000000000000001111000000000000000000000000000000000000000000000000111111111
000000000000000000000000000000111000000000000000000000000000000000000000000000000111111111
000000000000000000000000000000111000000000000000000000000000000000000000000000000111111111
000000000000000000000000100001011000000000000000000000000000000000000000000000000111111111
000000000000000000000000110010010000000000000000000000000000000000000000000000000111111111
000000000000000000000000111100001000000000000000000000000000000000000000000000000111111111
000000000000000000000000111111001000000000000000000000000000000000000000000000000111111111
000000000000000000000000111110110000000000000000000000000000000000000000000000000111111111
000000000000000000000000000000000000011110000000000000000000000000000000000000000111111111
000000000000000000000000000000000000011110000000000000000000000000000000000000000111111111
000000000000000000000000000000000000011110000000000000000000000000000000000000000111111111
000000000000000000000000000000000000001110000000000000000000000000000000000000000111111111
000000000000000000000000000000000111000010000000000000000000000000000000000000000111111111
000000000000000000000000000000000111100000000000000110010000000000000000000000000111111111
000000000000000000000000000000000111100000000000000110010000000000000000000000000111111111
000000000000000000000000000000000111110000000000000110010000000000000000000000000111111111
000000000000000000000000000000000000000000001100110000000000000000000000000000000111111111
000000000000000000000000000000000000000000000111110000000000000000000000000000000111111111
000000000000000000000000000000000000000000000011010000000000000000000000000000000111111111
000000000000000000000000000000000000000001000000110000000000000000000000000000000111111111
000000000000000000000000000000000000000001100001110000000000000000000000000000000111111111
000000000000000000000000000000000000000000110000000000000000000000000000000000000111111111
000000000000000000000000000000000000000000110100010000000000000000000000000000000111111111
000000000000000000000000000000000000000001101100000000000000000000000000000000000111111111
000000000000000000000000000000000000000001111101000000000000000000000000000000000111111111
000000000000000000000000000000000000000000000000000001100000000000000000000000000111111111
000000000000000000000000000000000000001110000000000000011111111111111111000000000111111111
000000000000000000000000000000000000001110000000000000000000000000000000000000000111111111
000000000000000000000000000000000000000000000000001000100000000000000000000000000111111111
000000000000000000000000000000000000000000000000001001011111111111111111000000000111111111
000000000000000000000000000000000000001110000000000100101111111111111111000000000111111111
000000000000000000000000000000000000000000000000000100110110000000000000000000000111111111
000000000000000000000000000000000000000000000000000100111010000000000000000000000111111111
000000000000000000000000000000000000000000000000000100111101000111111111000000000111111111
000000000000000000000000000000000000000000000000000100110010100000000000000000000111111111
000000000000000000000000000000000000000000000000000100110001000000000000000000000111111111
000000000000000000000000000000000000000000000000000100110000001111111111000000000111111111
000000000000000000000000000000000000000000000000000100110000010000000000000000000111111111
000000000000000000000000000000000000000000000000000100110010010011010000000000000111111111
000000000000000000000000000000000000000000000000000100110010010101101000000000000111111111
000000000000000000000000000000000000000000000000000100110010010110110000000000000111111111
000000000000000000000000000000000000000000000000000100110010010011010000000000000111111111
000000000000000000000000000000000000000000000000000100110010010101101000000000000111111111
000000000000000000000000000000000000000000000000000100110010010010010100000000000111111111
000000000000000000000000000000000000000000000000000100110010010000001000000000000111111111
000000000000000000000000000000000000000000000000000100110010010000000000000000000111111111
000000000000000000000000000000000000000000000000000100110010010000000000000000000111111111
000000000000000000000000000000000000000000000000000000000000000000000000011010001111111111
000000000000000000000000000000000000000000000000000000000000000000000000101101100111111111
000000000000000000000000000000000000000000000000000000000000000000000000110110001111111111
000000000000000000000000000000000000000000000000000000000000000000000000011011010111111111
000000000000000000000000000000000000000000000000000000000000000000000000101101100111111111
000000000000000000000000000000000000000000000000000000000000000000000000010110110111111111
000000000000000000000000000000000000000000000000000000000000000000000000010011000111111111
000000000000000000000000000000000000000000000000000000000000000000000000000101000111111111
000000000000000000000000000000000000000000000000000000000000000000000000101000000111111111
111111111111111111111111111111111111111111111111111111111111111111111111111111111011010100
111111111111111111111111111111111111111111111111111111111111111111111111111111111101101000
111111111111111111111111111111111111111111111111111111111111111111111111111111111110111000
111111111111111111111111111111111111111111111111111111111111111111111111111111111011010100
111111111111111111111111111111111111111111111111111111111111111111111111111111111101101100
111111111111111111111111111111111111111111111111111111111111111111111111111111111011010111
111111111111111111111111111111111111111111111111111111111111111111111111111111111100111011
111111111111111111111111111111111111111111111111111111111111111111111111111111111000001100
111111111111111111111111111111111111111111111111111111111111111111111111111111111000001100
