00010110001000000000000000000011011111111010111111
00001001100000000000000000000011110111111100000000
00000111100000000000000000000010110111111100000000
10000010100000000000000000000011111111111100000000
01000001100000000000000000000011111111111100000000
10100000100001100000000000000011111111111100000000
10110000000000000000000000000011111111111100000000
01101000000000000000000000000011111111111100000000
01111100000000000000000000000011111111111100000000
00000000000010100000000000000011111111111110111111
10000000000000100000000000000011111111111110111111
00000000000001100000000000000011111111111100000000
00000000010000000000000000000011111111111110111111
00000100000100100000000000000011111111111100000000
00000100011101000000000000000011111111111110111111
00000000000000000111110000000010111111111100000000
00000000000000000011111110110111111111111100000000
00000000000000010001110000000011111111111100000000
00000000000000011000010000000011111111111100000000
00000000000000011100001110110111111111111100000000
00000000000000011100011110110111111111111100000000
00000000000000011110101110110111111111111100000000
00000000000000001001110000011111111111111100000000
00000000000000001001110000001011111111111100000000
00000000000000001001110000000111111111111100000000
00000000000000000000000000000111111111111100000000
00000000000000001001110000000011111111111100000000
00000000000000001001111000001111111111111100000000
00000000000000000000001100010011111111110100000000
00000000000000001001111011010011111111111100000000
11111111111111111111111111111101100111111110111111
11011111111111101111111111111110111111111110111111
01111111111111111111111111111111011111111110111111
11111111111111111111111111111101100111111110111111
10011111111111111111111111111101100111111110111111
11111111111111111111111111111111111010100010111111
11111111111111111111111111111111111101001010111111
11111111111111111111111111111111111010100110111111
11111111111111111111111111111111111101011010111111
11111111111111111111111111111111111000100010111111
11111111111111111111111111110111111010100010111111
01111111111111111111111111111111111001000010111111
10000000011010100000000000000011111111111100000111
00000000000000000000000000000000000000000000000111
10000000011010100000000000000011111111111100000010
10000000011010100000000000000011111111111100000001
10000000011010100000000000000011111111111100000000
10000000011010100000000000000011111111111111000011
10000000011010100000000000000011111111111111100100
10000000011010100000000000000011111111111111010100
