0111000011111111111111111111111111111111111100000000111111111000000000000001111111000000000111111111
1011001111111111111111111111111100011111111100000000111111111000000000000001111111000000000111111111
1101110011111111111111111111111100011111111100000000111111111000000000000001111111000000000111111111
1110110011111111111111111111111100011111111100000000111111111000000000000001111111000000000111111111
0011001011111111111111111111111100011111111100000000111111111000000000000001111111000000000111111111
0011001011111111111111111111111100011111111100000000111111111000000000000001111111000000000111111111
0100110011111111111111111111111100011111111100000000111111111000000000000001111111000000000111111111
0100000011111111111111111111111100011111111100000000111111111000000000000001111111000000000111111111
1111111101100001111111111111111100011111111100000000111111111000000000000001111111000000000111111111
1111111110100101111111111111111100011111111100000000000000000000010000000001111111000000000111111111
1111111111000111111111111111111100011111111100000000111111111000100000000001111111000000000111111111
1111111100000001111111111111111100011111111100000000111111111000000000000001111111000000000111111111
1111111100000001111111111111111100011111111100000000111111111000000000000001111111000000000111111111
1111111101100001111111111111111100011111111100000000000000000000000000000001111111000000000111111111
1111111100100001111111111111111100011111111100000000111111111000000000000001111111000000000111111111
1111111111111110000111111111111100011111111100000000111111111000000000000001111111000000000111111111
1111111111111110000011111111111100011111111100000000111111111000000000000001111111000000000111111111
1111111111111110000000111111111100011111111100000000111111111000000000000001111111000000000111111111
1111111111111110000000011111111100011111111100000000111111111000000000000001111111000000000111111111
1111111111111111000000111111111100011111111100000000111111111101010000000001111111000000000111111111
1111111111111111100001101111111100011111111100000000111111111000000000000001111111000000000111111111
1111111111111111100010011111111100011111111100000000111111111000000000000001111111000000000111111111
1111111111111111110110011111111100011111111100000000111111111000000000000001111111000000000111111111
1111111111111111111101101111111100011111111100000000111111111000000000000001111111000000000111111111
1111111111111111111111110001010100000000000000000000111111111000000000000001111111000000000111111111
1111111111111111111111110000101100000000000000000000111111111000000000000001111111000000000111111111
1111111111111111111111110000001100011111111100000000111111111000000000000001111111000000000111111111
1111111111111111111111111000010000000000000000000000111111111000000000000001111111000000000111111111
1111111111111111111111110100001000011111111100000000111111111000000000000001111111000000000111111111
1111111111111111111111111001001100011111111100000000111111111000000000000001111111000000000111111111
1111111111111111111111110110110100000000000000000000111111111000000000000001111111000000000111111111
1111111111111111111111111110011000011111111100000000111111111000000000000001111111000000000111111111
1000000000000000000000000000000000100000000000000000000000000000000000000001111111000000000111111111
1000000000000000000000000000000000000000000000000000000000000000000000000001111111000000000111111111
1000000000000000000000000000000010000000000000000000000000000000000000000001111111000000000111111111
1111111111111111111111110010110100000010101100000000111111111000000000000001111111000000000111111111
1111111111111111111111110010110100000001011000000000111111111000000000000001111111000000000111111111
1111111111111111111111110010110100000000001000000000111111111000000000000001111111000000000111111111
1111111111111111111111110010110100010000101100000000111111111000000000000001111111000000000111111111
1111111111111111111111110010110100001000010100000000111111111000000000000001111111000000000111111111
1111111111111111111111110010110100010010000100000000111111111000000000000001111111000000000111111111
1111111111111111111111110010110100001001000100000000111111111000000000000001111111000000000111111111
1111111111111111111111110010110100011110000100000000111111111000000000000001111111000000000111111111
1111111111111111111111110010110100010011111000000000111111111000000000000001111111000000000111111111
0000000000000000000000000000000000000000000000010011000000000000000000000001111111000000000111111111
0000000000000000000000000000000000000000000000001111000000000000000000000001111111000000000111111111
0000000000000000000000000000000000000000000000001101000000000000000000000001111111000000000111111111
0000000000000000000000000000000000000000000010000011000000000000000000000001111111000000000111111111
0000000000000000000000000000000000000000000001100011000000000000000000000001111111000000000111111111
0000000000000000000000000000000000000000000001100010000000000000000000000001111111000000000111111111
0000000000000000000000000000000000000000000011011101000000000000000000000001111111000000000111111111
0000000000000000000000000000000000000000000011111010000000000000000000000001111111000000000111111111
1111111110111011111111111111111100011111111100000000000101011000000000000001111111000000000111111111
1111111110111011111111111111111100011111111100000000000010111000000000000001111111000000000111111111
1111111110111011111111111111111100011111111100000000000000100000000000000001111111000000000111111111
1111111110111011111111111111111100011111111100000000100001011000000000000001111111000000000111111111
1111111110111011111111111111111100011111111100000000010000100000000000000001111111000000000111111111
1111111110111011111111111111111100011111111100000000100100011000000000000001111111000000000111111111
1111111110111011111111111111111100011111111100000000011010001000000000000001111111000000000111111111
1111111110111011111111111111111100011111111100000000110101001000000000000001111111000000000111111111
1111111110111011111111111111111100011111111100000000110101110000000000000001111111000000000111111111
0000000000000000000100000000000000000000000000000000000000000001010000000001111111000000000111111111
0000000000000000000000000000000000000000000000000000000000000000110000000001111111000000000111111111
0000000000000000000100000000000000000000000000000000000000000100010000000001111111000000000111111111
0000000000100000000000000000000000000000000000000000000000000010010000000001111111000000000111111111
0000000001000000000100000000000000000000000000000000000000000111100000000001111111000000000111111111
0000000000000000000000000000000000000000000000000000000000000000000000110111111111000000000111111111
0000000000000000000000000000000000000000000000000000000000000000000000010111111111000000000111111111
0000000000000000000000000000000000000000000000000000000000000000000000001111111111000000000111111111
0000000000000000000000000000000000000000000000000000000000000000000000001111111111000000000111111111
0000000000000000000000000000000000000000000000000000000000000000001000000001111111000000000111111111
0000000000000000000000000000000000000000000000000000000000000000001100000001111111000000000111111111
0000000000000000000000000000000000000000000000000000000000000000000011000111111111000000000111111111
0000000000000000000000000000000000000000000000000000000000000000001111001011111111000000000111111111
0000000000000000000000000000000000000000000000000000000000000000001111001101111111000000000111111111
1111111111111111111111111111111111111111111111111111111111111111111111111110000111000000000111111111
1111111111111111111111111111111111111111111111111111111111111111111111111110001001000000000111111111
1111111111111111111111111111111111111111111111111111111111111111111111111110000011000000000111111111
1111111111111111111111111111111111111111111111111111111111111111111111111110100000000000000111111111
1111111111111111111111111111111111111111111111111111111111111111111111111111000000000000000111111111
1111111111111111111111111111111111111111111111111111111111111111111111111111010000000000000111111111
1111111111111111111111111111111111111111111111111111111111111111111111111111110000000000000111111111
0000000000000000000000000000000000000000000000000000000000000000000000000000000000000010011111111111
0000000000000000000000000000000000000000000000000000000000000000000000000000000000000001011111111111
0000000000000000000000000000000000000000000000000000000000000000000000000000000000000000100111111111
0000000000000000000000000000000000000000000000000000000000000000000000000000000000000000100111111111
0000000000000000000000000000000000000000000000000000000000000000000000000000000000100000011111111111
0000000000000000000000000000000000000000000000000000000000000000000000000000000000010000001111111111
0000000000000000000000000000000000000000000000000000000000000000000000000000000000001100000111111111
0000000000000000000000000000000000000000000000000000000000000000000000000000000000110010000111111111
0000000000000000000000000000000000000000000000000000000000000000000000000000000000110011000111111111
1111111111111111111111111111111111111111111111111111111111111111111111111111111111111111111000101011
1111111111111111111111111111111111111111111111111111111111111111111111111111111111111111111000010111
1111111111111111111111111111111111111111111111111111111111111111111111111111111111111111111000000111
1111111111111111111111111111111111111111111111111111111111111111111111111111111111111111111100001010
1111111111111111111111111111111111111111111111111111111111111111111111111111111111111111111010000001
1111111111111111111111111111111111111111111111111111111111111111111111111111111111111111111100100001
1111111111111111111111111111111111111111111111111111111111111111111111111111111111111111111011000011
1111111111111111111111111111111111111111111111111111111111111111111111111111111111111111111111100101
1111111111111111111111111111111111111111111111111111111111111111111111111111111111111111111111011110
