000011011111111000000001111111110000000011111111000000000000000000000110000000000000000000
000010111111111000000001111111110000000011111111000000000000000000000110000000000000000000
000001111111111000000001111111110000000011111111000000000000000000000110000000000000000000
000000001111111000000001111111110000000011111111000000000000000000000110000000000000000000
110000111111111000000001111111110000000011111111111111111000000000000110000000000000000000
101000111111111000000001111111110000000011111111111111111000000000000110000000000000000000
011011001111111000000001111111110000000011111111111111111000000000000110000000000000000000
111011001111111000000001111111110000000011111111111111111000000000000110000000000000000000
111111110000111000000000000000000000000011111111111111111000000000000110000000000000000000
111111110000111000000000000000000000000011111111111111111000000000000110000000000000000000
111111110000110000000000000000000000000011111111111111111000000000000110000000000000000000
111111110000011000000000000000000000000011111111111111111000000000000110000000000000000000
111111111110011000000001111111110000000011111111111111111000000000000110000000000000000000
111111111111101000000000000000000000000011111111111111111000000000000110000000000000000000
111111111101110000000001111111110000000011111111111111111000000000000110000000000000000000
000000000000000011110100000000000000000011111111000000000000000000000110000000000000000000
000000000000000101101000000000000000000011111111000000000000000000111111100000000000000000
000000000000000110101000000000000000000011111111000000000000000000111111100000000000000000
000000000000000111010000000000000000000011111111000000000000000000111111100000000000000000
000000000000000100100110000000000000000011111111000000000000000000111111100000000000000000
000000000000000011000000000000000000000011111111000000000000000000111111100000000000000000
000000000000000100010010000000000000000011111111000000000000000000111111100000000000000000
000000000000000000010100000000000000000011111111000000000000000000111111100000000000000000
111111110000101000000000111010000000000011111111111111111000000000000110000000000000000000
111111110000101000000001011100010000000011111111111111111000000000000110000000000000000000
111111110000101000000001101111100000000011111111111111111000000000000110000000000000000000
111111110000101000000001110111100000000011111111111111111000000000000110000000000000000000
111111110000101000000000111010010000000011111111111111111000000000000110000000000000000000
111111110000101000000001011100010000000011111111111111111000000000000110000000000000000000
111111110000101000000000011000100000000011111111111111111000000000000110000000000000000000
111111110000101000000000011001000000000011111111111111111000000000000110000000000000000000
111111110000101000000000100110000000000011111111111111111000000000000110000000000000000000
000000000000000000000000000000000110100011111111000000000000000000000110000000000000000000
000000000000000000000000000000001011000011111111000000000000000000000110000000000000000000
000000000000000000000000000000001101010011111111000000000000000000000110000000000000000000
000000000000000000000000000000000110100011111111000000000000000000000110000000000000000000
000000000000000000000000000000001001010011111111000000000000000000000110000000000000000000
000000000000000000000000000000000010101011111111000000000000000000000110000000000000000000
000000000000000000000000000000000000010011111111000000000000000000000110000000000000000000
000000000000000000000000000000000000000011111111000000000000000000000110000000000000000000
111111111111111111111111111111111111111101110000111111111000000000111111100000000000000000
111111111111111111111111111111111111111110110000111111111000000000111111100000000000000000
111111111111111111111111111111111111111111010011111111111000000000111111100000000000000000
111111111111111111111111111111111111111111101101111111111000000000111111100000000000000000
111111111111111111111111111111111111111100010110111111111000000000111111100000000000000000
111111111111111111111111111111111111111100011010111111111000000000111111100000000000000000
111111111111111111111111111111111111111100101100111111111000000000111111100000000000000000
111111111111111111111111111111111111111100110000111111111000000000111111100000000000000000
000011111111111000000001111111110000000011111111011010100000000000000110000000000000000000
000011111111111000000001111111110000000011111111101101000000000000000110000000000000000000
000011111111111000000001111111110000000011111111110110000000000000000110000000000000000000
000011111111111000000001111111110000000011111111011011110000000000000110000000000000000000
000011111111111000000001111111110000000011111111101101011000000000000110000000000000000000
000011111111111000000001111111110000000011111111010110110000000000000110000000000000000000
000011111111111000000001111111110000000011111111100101001000000000000110000000000000000000
000011111111111000000001111111110000000011111111000111001000000000000110000000000000000000
000011111111111000000001111111110000000011111111000010110000000000000110000000000000000000
000000000000000000000000000000000000000000000000000000000010100000000110000000000000000000
000000000000000000000000000000000000000000000000000000000101010100000110000000000000000000
000000000000000000000000000000000000000000000000000000000010100000000110000000000000000000
000000000000000000000000000000000000000000000000000000000101011000000110000000000000000000
000000000000000000000000000000000000000000000000000000000010100001000110000000000000000000
000000000000000000000000000000000000000000000000000000000000100010000110000000000000000000
000000000000000000000000000000000000000000000000000000000010000011000110000000000000000000
000000000000000000000000000000000000000000000000000000000000001100000110000000000000000000
000000000000000000000000000000000000000000000000000000000000010100000110000000000000000000
000000000000000011111110000000000000000011111111000000000000000000011100000000000000000000
000000000000000011111110000000000000000011111111000000000000000000101010000000000000000000
000000000000000011111110000000000000000011111111000000000000000000110100100000000000000000
111111111111111111111111111111111111111111111111111111111111111111101011000000000000000000
111111111111111111111111111111111111111111111111111111111111111111010101100000000000000000
000000000000000011111110000000000000000011111111000000000000000000000110000000000000000000
000000000000000011111110000000000000000011111111000000000000000000001010000000000000000000
000000000000000000000000000000000000000000000000000000000000000000000000000001011100000000
000000000000000000000000000000000000000000000000000000000000000000000000000001010100000000
000000000000000000000000000000000000000000000000000000000000000000000000000000111100000000
000000000000000000000000000000000000000000000000000000000000000000000000000000101000000000
000000000000000000000000000000000000000000000000000000000000000000000000011000010100000000
000000000000000000000000000000000000000000000000000000000000000000000000000110001100000000
000000000000000000000000000000000000000000000000000000000000000000000000011101000000000000
000000000000000000000000000000000000000000000000000000000000000000000000010110100000000000
000000000000000000000000000000000000000000000000000000000000000000000000011101100000000000
000000000000000000000000000000000000000000000000000000000000000000000000000000000000011000
000000000000000000000000000000000000000000000000000000000000000000000000000000000000001111
000000000000000000000000000000000000000000000000000000000000000000000000000000000000000111
000000000000000000000000000000000000000000000000000000000000000000000000000000000010000001
000000000000000000000000000000000000000000000000000000000000000000000000000000000011000011
000000000000000000000000000000000000000000000000000000000000000000000000000000000001100001
000000000000000000000000000000000000000000000000000000000000000000000000000000000001101001
000000000000000000000000000000000000000000000000000000000000000000000000000000000001111110
