00111111111110001011100000000011111111100000000000000000000001111111111000001000000000000000000000001111111100000111111111000000000000000000000001111111110000000000000001111000000000000000000000000000
00011000000000000000011111111111111111100000000000000000000001111111100000000000000000000000000000001111111100000111111111000000000000000000000001111111110000000000000001111000000000000000000000000000
10011111111110001011111111111111111111100000000000000000000001111111100000000000000000000000000000001111111100000111111111000000000000000000000001111111110000000000000001111000000000000000000000000000
11101111111110001011111111111111111111100000000000000000000001111111111000001000000000000000000000001111111100000111111111000000000000000000000001111111110000000000000001111000000000000000000000000000
11110111111110001011111111111111111111100000000000000000000001111111111000001000000000000000000000001111111111100111111111000000000000000000000001111111110000000000000001111000000000000000000000000000
10111000110110001011100000000011111111100000000000000000000001111111111000001000000000000000000000001111111100000111111111000000000000000000000001111111110000000000000001111000000000000000000000000000
10111000011010001011100000000011111111100000000000000000000001111111111000001000000000000000000000001111111100000111111111000000000000000000000001111111110000000000000001111000000000000000000000000000
10111000001110001011100000000011111111100000000000000000000001111111111000001000000000000000000000001111111100000111111111000000000000000000000001111111110000000000000001111000000000000000000000000000
10111100000100001011100000000011111111100000000000000000000001111111111000001000000000000000000000001111111100000111111111110010000000000000000001111111110000000000000001111000000000000000000000000000
10111110000010001011100000000011111111100000000000000000000001111111111000001000000000000000000000001111111100000111111111000000000000000000000001111111110000000000000001111000000000000000000000000000
10111011000000001011100000000011111111100000000000000000000001111111111000001000000000000000000000001111111100000111111111000000000000000000000001111111110000000000000001111000000000000000000000000000
10111101100010001011100000000011111111100000000000000000000001111111111000001000000000000000000000001111111100000111111111000000000000000000000001111111110000000000000001111000000000000000000000000000
10111111010100001011100000000011111111100000000000000000000001111111111000001000000000000000000000001111111100000111111111000000000000000000000001111111110000000000000001111000000000000000000000000000
00000000000000000101100000000011111111100000000000000000000001111111100000000000000000000000000000001111111100000111111111000000000000000000000001111111110000000000000001001000000000000000000000000000
00000000000000000011100000000011111111100000000000000000000001111111100000000000000000000000000000001111111100000111111111000000000000000000000001111111110000000000000001111000000000000000000000000000
00000000000000000001100000000011111111100000000000000000000001111111100000000000000000000000000000001111111100000111111111000000000000000000000001111111110000000000000001111000000000000000000000000000
10111111111110000000111111111111111111100000000000000000010101111111111000001000000000000000000000001111111100000111111111000000000000000000000001111111110000000000000001111000000000000000000000000000
00000000000001000000000000000011111111100000000000000000000001111111100000000000000000000000000000001111111100000111111111000000000000000000000001111111110000000000000001111000000000000000000000000000
10111111111110100000111111111111111111100000000000000000000001111111111000001000000000000000000000001111111100000111111111000000000000000000000001111111110000000000000001111000000000000000000000000000
10111111111111110000011111111111111111100000000000000000000001111111111000001000000000000000000000001111111100000111111111000000000000000000000001111111110000000000000001111000000000000000000000000000
10111111111111111010011111111111111111100000000000000000000001111111111000001000000000000000000000001111111100000111111111000000000000000000000001111111110000000000000001111000000000000000000000000000
01111000000000001011100001010111111111100000000000000000000001111111100000000000000000000000000000001111111100000111111111000000000000000000000001111111110000000000000001111000000000000000000000000000
01111000000000001011100000111111111111100000000000000000000001111111100000000000000000000000000000001111111100000111111111000000000000000000000001111111110000000000000001111000000000000000000000000000
01111000000000001011100000100111111111100000000000000000000001111111100000000000000000000000000000001111111100000111111111000000000000000000000001111111110000000000000001111000000000000000000000000000
01111000000000001011100000011111111111100000000000000000000001111111100000000000000000000000000000001111111100000111111111000000000000000000000001111111110000000000000001111000000000000000000000000000
01111000000000001011110000001111111111100000000000000000000001111111100000000000000000000000000000001111111100000111111111000000000000000000000001111111110000000000000001111000000000000000000000000000
01111000000000001011101100000011111111100000000000000000000001111111100000000000000000000000000000001111111100000111111111000000000000000000000001111111110000000000000001111000000000000000000000000000
01111000000000001011111010001111111111100000000000000000000001111111100000000000000000000000000000001111111100000111111111000000000000000000000001111111110000000000000001111000000000000000000000000000
01111000000000001011101011010111111111100000000000000000000001111111100000000000000000000000000000001111111100000111111111000000000000000000000001111111110000000000000001111000000000000000000000000000
01111000000000001011111111011011111111100000000000000000000001111111100000000000000000000000000000001111111100000111111111000000000000000000000001111111110000000000000001111000000000000000000000000000
11111111111111111111111111111100001011100000000000000000000001111111111000001000000000000111000000001111111111111111111111100110000000000000000001111111110000000000000001111000000000000000000000000000
11111111111111111111111111111100001011100000000000000000000001111111111000001000000000000000000000001111111100000111111111000000000000000000000001111111110000000000000001111000000000000000000000000000
11111111111111111111111111111100000111100000000000000000000001111111111000001000000000000000000000001111111100000111111111000000000000000000000001111111110000000000000001111000000000000000000000000000
11111111111111111111111111111100000101000000000000000000000001111111111000001000000000000000000000001111111100000111111111000000000000000000000001111111110000000000000001111000000000000000000000000000
11111111111111111111111111111111000010100000000000000000010111111111111000001000000000010000000000001111111100000111111111000000000000000000000001111111110000110000000001111000000000000000000000000000
11111111111111111111111111111100110001100000000000000000000001111111111000001000000000000000000000001111111100000111111111000000000000000000000001111111110000000000000001111000000000000000000000000000
11111111111111111111111111111111101000100000000000000000000011111111111000001000000000111110000000001111111100000111111111001100000000000000000001111111110000000000000001111000000000000000000000000000
11111111111111111111111111111111110100000000000000000000000001111111111000001000000000000000000000001111111100000111111111000000000000000000000001111111110000000000000001111000000000000000000000000000
11111111111111111111111111111111101110000000000000000000000001111111111000001000000000000000000000001111111100000111111111000000000000000000000001111111110000000000000001111000000000000000000000000000
00000000000000000000000000000000000000000001001000000000000001111111100000000000000000000000000000001111111100000111111111000000000000000000000001111111110000000000000001111000000000000000000000000000
00000000000000000000000000000000000000000000111100000000000001111111100000000000000000000000000000001111111100000111111111000000000000000000000001111111110000000000000001111000000000000000000000000000
00000000000000000000000000000000000000000000111100000000000001111111100000000000000000000000000000001111111100000111111111000000000000000000000001111111110000000000000000010000000000000000000000000000
00000000000000000000000000000000000000000000010100000000000001111111100000000000000000000000000000001111111100000111111111000000000000000000000001111111110000000000000001111000000000000000000000000000
00000000000000000000000000000000000000010000000100000000000001111111100000000000000000000000000000001111111100000111111111000000000000000000000001111111110000000000000001111000000000000000000000000000
00000000000000000000000000000000000000001100000000000000000001111111100000000000000000000000000000001111111100000111111111000000000000000000000001111111110000000000000001111000000000000000000000000000
00000000000000000000000000000000000000001110001100000000000001111111100000000000000000000000000000001111111100000111111111000000000000000000000001111111110000000000000001111000000000000000000000000000
00000000000000000000000000000000000000011100010100000000000001111111100000000000000000000000000000001111111100000111111111000000000000000000000001111111110000000000000001111000000000000000000000000000
00000000000000000000000000000000000000001111011000000000000001111111100000000000000000000000000000001111111100000111111111000000000000000000000001111111110000000000000001111000000000000000000000000000
00000000000000000000000000000000000000000000000000001111100001111111100000000000000000000000000000001111111100000111111111000000000000000000000001111111110000000000000001111000000000000000000000000000
00000000000000000000000000000000000000000000000000000111100001111111100000000000000000000000000000001111111100000111111111000000000000000000000001111111110000000000000001111000000000000000000000000000
00000000000000000000000000000000000000000000000000000010000001111111100000000000000000000000000000001111111100000111111111000000000000000000000001111111110000000000000001111000000000000000000000000000
00000000000000000000000000000000000000000000000000000000100001111111100000000000000000000000000000001111111100000111111111000000000000000000000001111111110000000000000001111000000000000000000000000000
00000000000000000000000000000000000000000000000010000000000001111111100000000000000000000000000000001111111100000111111111000000000000000000000001111111110000000000000001111000000000000000000000000000
00000000000000000000000000000000000000000000000011000001100001111111100000000000000000000000000000001111111100000111111111000000000000000000000001111111110000000000000001111000000000000000000000000000
00000000000000000000000000000000000000000000000011100001100001111111100000000000000000000000000000001111111100000111111111000000000000000000000001111111110000000000000001111000000000000000000000000000
00000000000000000000000000000000000000000000000011000110100001111111100000000000000000000000000000001111111100000111111111000000000000000000000001111111110000000000000001111000000000000000000000000000
00000000000000000000000000000000000000000000000011010111000001111111100000000000000000000000000000001111111100000111111111000000000000000000000001111111110000000000000001111000000000000000000000000000
00000000000000001000000000000000001000000000000000000000000011111111100000000000000000000000000000001111111100000111111111000000000000000000000001111111110000000000000001111000000000000000000000000000
00000000000000000000000000000000000000000000000000000000000011111111100000000000000000000000000000001111111100000111111111000000000000000000000001111111110000000000000001111000000000000000000000000000
00000000000000001000000000000000001000000000000000000000000001111111111000001000000000000000000000001111111100000111111111000000000000000000000001111111110000000000000001100000000000000000000000000000
00000000000000000000000000000000001010000000000000000000011001111111111000001000000000000000000000001111111100000111111111000000000000000000000001111111110000000000000001111000000000000000000000000000
11111111111111111111111111111111111111111111111111111111111110000110111000001000000000000000000000001111111100000111111111000000000000000000000001111111110000000000000001111000000000000000000000000000
11111111111111111111111111111111111111111111111111111111111110000101011000001000000000000000000000001111111100000000000000000000000000000000000001111111110000000000000001111000000000000000000000000000
11111111111111111111111111111111111111111111111111111111111110000011111000001000000000000000000000001111111100000111111111000000000000000000000001111111110000000000000001111000000000000000000000000000
11111111111111111111111111111111111111111111111111111111111110000011111000001000000000000000000000001111111100000111111111000000000000000000000001111111110000000000000001111000000000000000000000000000
11111111111111111111111111111111111111111111111111111111111111100000111000001000000000000000000000001111111100000000000000000000000000000000000001111111110000000000000001111000000000000000000000000000
11111111111111111111111111111111111111111111111111111111111111011000111000001000000000000000000000001111111100000111111111000000000000000000000001111111110000000000000001111000000000000000000000000000
11111111111111111111111111111111111111111111111111111111111110111000111000001000000000000000000000001111111100000000000000000000000000000000000001111111110000000000000001111000000000000000000000000000
11111111111111111111111111111111111111111111111111111111111111011111011000001000000000000000000000001111111100000111111111000000000000000000000001111111110000000000000001111000000000000000000000000000
10011111111110001011100000000011111111100000000000000000000111111111100000111000000000000000000000001111111100000111111111000000000000000000000001111111110000000000000001111000000000000000000000000000
10011111111110001011100000000011111111100000000000000000000111111111100000111000000000000000000000001111111100000111111111000000000000000000000001111111110000000000000001111000000000000000000000000000
00000000000000000000000000000000000000000000000000000000000000000000000000111000000000000000000000001111111100000000000000000000000000000000000001111111110000000000000001111000000000000000000000000000
00000000000000000000000000000000000000000000000000000000000000000000000000111000000000000000000000001111111100000000000000000000000000000000000001111111110000000000000001111000000000000000000000000000
00000000000000000000000000000000000000000000000000000000000000000000000000111000000000000000000000001111111100000000000000000000000000000000000001111111110000000000000001111000000000000000000000000000
00000000000000000000000000000000000000000000000000000000000000000000011111011000000000000000000000001111111100000000000000000000000000000000000001111111110000000000000001111000000000000000000000000000
00000000000000000000000000000000000000000000000000000000000000000000011111101000000000000000000000001111111100000000000000000000000000000000000001111111110000000000000001111000000000000000000000000000
10011111111110001011100000000011111111100000000000000000000111111111111111110000000000000000000000001111111100000111111111000000000000000000000001111111110000000000000001111000000000000000000000000000
00000000000000000000000000000000000000000000000000000000000000000000000000000000011111000000000000001111111100000000000000000000000000000000000001111111110000000000000001111000000000000000000000000000
00000000000000000000000000000000000000000000000000000000000000000000000000000000010011000000000000001111111100000000000000000000000000000000000001111111110000000000000001111000000000000000000000000000
00000000000000000000000000000000000000000000000000000000000000000000000000000000001111000000000000001111111100000000000000000000000000000000000001111111110000000000000001111000000000000000000000000000
00000000000000000000000000000000000000000000000000000000000000000000000000000000000001000000000000001111111100000000000000000000000000000000000001111111110000000000000001111000000000000000000000000000
00000000000000000000000000000000000000000000000000000000000000000000000000000110000100000000000000001111111100000000000000000000000000000000000001111111110000000000000001111000000000000000000000000000
00000000000000000000000000000000000000000000000000000000000000000000000000000101000011000000000000001111111100000000000000000000000000000000000001111111110000000000000001111000000000000000000000000000
00000000000000000000000000000000000000000000000000000000000000000000000000000101010011000000000000001111111100000000000000000000000000000000000001111111110000000000000001111000000000000000000000000000
00000000000000000000000000000000000000000000000000000000000000000000000000000111001101000000000000001111111100000000000000000000000000000000000001111111110000000000000001111000000000000000000000000000
00000000000000000000000000000000000000000000000000000000000000000000000000000111101110000000000000001111111100000000000000000000000000000000000001111111110000000000000001111000000000000000000000000000
00000000000000000000000000000000000010000000000000000000000000000000000000000000000000001111000000001111111100000000000000000000000000000000000001111111110000000000000001111000000000000000000000000000
00000000000000000000000000000000001010000000000000000000000000000000000000000000000000000110000000001111111100000000000000000000000000000000000001111111110000000000000001111000000000000000000000000000
00000000000000000000000000000000000010000000000000000000000000000000000000000000000000100001000000001111111100000000000000000000000000000000000001111111110000000000000001111000000000000000000000000000
00000000000000000000000000000010000010000000000000000000000000000000000000000000000000110011000000001111111100000000000000000000000000000000000001111111110000000000000001111000000000000000000000000000
00000000000000000000000000000010000010000000000000000000000000000000000000000000000000110101000000001111111100000000000000000000000000000000000001111111110000000000000001111000000000000000000000000000
00000000000000000000000000000010000000000000000000000000000000000000000000000000000000101110000000001111111100000000000000000000000000000000000001111111110000000000000001111000000000000000000000000000
00000000000000000000000000000000000000000000000000000000000000000000000000000000000000000000000011111111111100000000000000000000000000000000000001111111110000000000000001111000000000000000000000000000
00000000000000000000000000000000000000000000000000000000000000000000000000000000000000000000000001011111111100000000000000000000000000000000000001111111110000000000000001111000000000000000000000000000
00000000000000000000000000000000000000000000000000000000000000000000000000000000000000000000000000111111111100000000000000000000000000000000000001111111110000000000000001111000000000000000000000000000
00000000000000000000000000000000000000000000000000000000000000000000000000000000000000000000000000101111111100000000000000000000000000000000000001111111110000000000000001111000000000000000000000000000
00000000000000000000000000000000000000000000000000000000000000000000000000000000000000000000100001111111111100000000000000000000000000000000000001111111110000000000000001111000000000000000000000000000
00000000000000000000000000000000000000000000000000000000000000000000000000000000000000000000110010011111111100000000000000000000000000000000000001111111110000000000000001111000000000000000000000000000
00000000000000000000000000000000000000000000000000000000000000000000000000000000000000000000101110011111111100000000000000000000000000000000000001111111110000000000000001111000000000000000000000000000
00000000000000000000000000000000000000000000000000000000000000000000000000000000000000000000111011101111111100000000000000000000000000000000000001111111110000000000000001111000000000000000000000000000
11111111111111111111111111111111111111111111111111111111111111111111111111111111111111111111111111110001111100001111111111000000000000000000000001111111110000000000000001111000000000000000000000000000
11111111111111111111111111111111111111111111111111111111111111111111111111111111111111111111111111110001011100000111111111000000000000000000000001111111110000000000000001111000000000000000000000000000
11111111111111111111111111111111111111111111111111111111111111111111111111111111111111111111111111110000111100000111111111000000000000000000000001111111110000000000000001111000000000000000000000000000
11111111111111111111111111111111111111111111111111111111111111111111111111111111111111111111111111111100000100000111111111000000000000000000000001111111110000000000000001111000000000000000000000000000
11111111111111111111111111111111111111111111111111111111111111111111111111111111111111111111111111111010011000000111111111000000000000000000000001111111110000000000000001111000000000000000000000000000
11111111111111111111111111111111111111111111111111111111111111111111111111111111111111111111111111111110101100000111111111000000000000000000000001111111110000000000000001111000000000000000000000000000
11111111111111111111111111111111111111111111111111111111111111111111111111111111111111111111111111111110110100000111111111000000000000000000000001111111110000000000000001111000000000000000000000000000
11111111111111111111111111111111111111111111111111111111111111111111111111111111111111111111111111111111011000000111111111000000000000000000000001111111110000000000000001111000000000000000000000000000
00001000000000000000000000000010000000000000000000000000000000000000000000000000000000000000000000000000000000011000000000000000000000000000000001111111110000000000000001111000000000000000000000000000
00001000000000000000000000000010000000000000000000000000000000000000000000000000000000000000000000000000000000011000000000000000000000000000000001111111110000000000000001111000000000000000000000000000
00001000000000000000000000000010000000000000000000000000000000000000000000000000000000000000000000000000000000001000000000000000000000000000000001111111110000000000000001111000000000000000000000000000
00000000000000000000000000000010000000000000000000000000000000000000000000000000000000000000000000000000000011000000000000000000000000000000000001111111110000000000000001111000000000000000000000000000
00000000000000000000000000000010000000000000000000000000000000000000000000000000000000000000000000001000000011100000000000000000000000000000000001111111110000000000000001111000000000000000000000000000
11111111111111111111111111111111111111111111111111111111111111011010111000001000000000000000000000001111111100000000010111000000000000000000000001111111110000000000000001111000000000000000000000000000
11111111111111111111111111111111111111111111111111111111111111011010111000001000000000000000000000001111111100000000010111000000000000000000000001111111110000000000000001111000000000000000000000000000
11111111111111111111111111111111111111111111111111111111111111011010111000001000000000000000000000001111111100000000001111000000000000000000000001111111110000000000000001111000000000000000000000000000
11111111111111111111111111111111111111111111111111111111111111011010111000001000000000000000000000001111111100000000001001000000000000000000000001111111110000000000000001111000000000000000000000000000
11111111111111111111111111111111111111111111111111111111111111011010111000001000000000000000000000001111111100000110000111000000000000000000000001111111110000000000000001111000000000000000000000000000
11111111111111111111111111111111111111111111111111111111111111011010111000001000000000000000000000001111111100000001100000000000000000000000000001111111110000000000000001111000000000000000000000000000
11111111111111111111111111111111111111111111111111111111111111011010111000001000000000000000000000001111111100000111010001000000000000000000000001111111110000000000000001111000000000000000000000000000
11111111111111111111111111111111111111111111111111111111111111011010111000001000000000000000000000001111111100000111010001000000000000000000000001111111110000000000000001111000000000000000000000000000
11111111111111111111111111111111111111111111111111111111111111011010111000001000000000000000000000001111111100000111110110000000000000000000000001111111110000000000000001111000000000000000000000000000
00000000100000000000000000000010000000000000000000000000000000000000000000000000000000000000000000000000000000000000000000000110000000000000000001111111110000000000000001111000000000000000000000000000
00000000100000000000000000000000000000000000000000000000000000000000000000000000000000000000000000000000000000000000000000001110000000000000000001111111110000000000000001111000000000000000000000000000
00000000000000000000000000000000000010000000000000000000000000000000000000000000000000000000000000000000000000000000000000010010000000000000000001111111110000000000000001111111111111000000000000000000
00000000000000000000000000000010000010000000000000000000000000000000000000000000000000000000000000000000000000000000000000110010000000000000000001111111110000000000000001111111111111000000000000000000
00000000100000000000000000000010000000000000000000000000000000000000000000000000000000000000000000000000000000000000000000111100000000000000000001111111110000000000000001111000000000000000000000000000
00000000000000000000000000000000000000000000000000000000000000000000000000000000000000000000000000000000000000000000000000000000000010010000000001111111110000000000000001111000000000000000000000000000
00000000000000000000000000000000000000000000000000000000000000000000000000000000000000000000000000000000000000000000000000000000000001100000000001111111110000000000000001111000000000000000000000000000
00000000000000000000000000000000000000000000000000000000000000000000000000000000000000000000000000000000000000000000000000000000000001010000000001111111110000000000000001111000000000000000000000000000
00000000000000000000000000000000000000000000000000000000000000000000000000000000000000000000000000000000000000000000000000000000000000110000000001111111110000000000000001111000000000000000000000000000
00000000000000000000000000000000000000000000000000000000000000000000000000000000000000000000000000000000000000000000000000000000000000110000000001111111110000000000000001111000000000000000000000000000
00000000000000000000000000000000000000000000000000000000000000000000000000000000000000000000000000000000000000000000000000000001000000000000000001111111110000000000000001111000000000000000000000000000
00000000000000000000000000000000000000000000000000000000000000000000000000000000000000000000000000000000000000000000000000000000110000000000000001111111110000000000000001111000000000000000000000000000
00000000000000000000000000000000000000000000000000000000000000000000000000000000000000000000000000000000000000000000000000000000101100000000000001111111110000000000000001111000000000000000000000000000
00000000000000000000000000000000000000000000000000000000000000000000000000000000000000000000000000000000000000000000000000000001011100000000000001111111110000000000000001111000000000000000000000000000
00000000000000000000000000000000000000000000000000000000000000000000000000000000000000000000000000000000000000000000000000000000000000000000111011111111110000000000000001111000000000000000000000000000
00000000000000000000000000000000000000000000000000000000000000000000000000000000000000000000000000000000000000000000000000000000000000000000010111111111110000000000000001111000000000000000000000000000
00000000000000000000000000000000000000000000000000000000000000000000000000000000000000000000000000000000000000000000000000000000000000000000001101111111110000000000000001111000000000000000000000000000
00000000000000000000000000000000000000000000000000000000000000000000000000000000000000000000000000000000000000000000000000000000000000000000000101111111110000000000000001111000000000000000000000000000
00000000000000000000000000000000000000000000000000000000000000000000000000000000000000000000000000000000000000000000000000000000000000001000011011111111110000000000000001111000000000000000000000000000
00000000000000000000000000000000000000000000000000000000000000000000000000000000000000000000000000000000000000000000000000000000000000001100100011111111110000000000000001111000000000000000000000000000
00000000000000000000000000000000000000000000000000000000000000000000000000000000000000000000000000000000000000000000000000000000000000001010100001111111110000000000000001111000000000000000000000000000
00000000000000000000000000000000000000000000000000000000000000000000000000000000000000000000000000000000000000000000000000000000000000000111000001111111110000000000000001111000000000000000000000000000
00000000000000000000000000000000000000000000000000000000000000000000000000000000000000000000000000000000000000000000000000000000000000001100110001111111110000000000000001111000000000000000000000000000
11111111111111111111111111111111111111111111111111111111111111111111111111111111111111111111111111111111111111111111111111111111111111111111111110001011110000000000000001111111111111000000000000000000
11111111111111111111111111111111111111111111111111111111111111111111111111111111111111111111111111111111111111111111111111111111111111111111111110000100110000000000000001111111111111000000000000000000
11111111111111111111111111111111111111111111111111111111111111111111111111111111111111111111111111111111111111111111111111111111111111111111111110000011010000000000000001111111111111000000000000000000
11111111111111111111111111111111111111111111111111111111111111111111111111111111111111111111111111111111111111111111111111111111111111111111111111000001001100000000000001111111111111000000000000000000
11111111111111111111111111111111111111111111111111111111111111111111111111111111111111111111111111111111111111111111111111111111111111111111111110100000100000000000000001111111111111000000000000000000
11111111111111111111111111111111111111111111111111111111111111111111111111111111111111111111111111111111111111111111111111111111111111111111111111010000000000000000000001111111111111000000000000000000
11111111111111111111111111111111111111111111111111111111111111111111111111111111111111111111111111111111111111111111111111111111111111111111111111011000110000000000000001111111111111000000000000000000
11111111111111111111111111111111111111111111111111111111111111111111111111111111111111111111111111111111111111111111111111111111111111111111111111100101010000000000000001111111111111000000000000000000
11111111111111111111111111111111111111111111111111111111111111111111111111111111111111111111111111111111111111111111111111111111111111111111111111110001100000000000000001111111111111000000000000000000
00000000000000000000000000000000000000000000000000000000000000000000000000000000000000000000000000000000000000000000000000000000000000000000000000001000000010110000000001111000000000000000000000000000
00000000000000000000000000000000000000000000000000000000000000000000000000000000000000000000000000000000000000000000000000000000000000000000000000001000000001110000000001111000000000000000000000000000
00000000000000000000000000000000000000000000000000000000000000000000000000000000000000000000000000000000000000000000000000000000000000000000000000000000001000010000000001111000000000000000000000000000
00000000000000000000000000000000000000000000000000000000000000000000000000000000000000000000000000000000000000000000000000000000000000000000000000000000000100010000000001111000000000000000000000000000
00000000000000000000000000000000001000000000000000000000000000000000000000000000000000000000000000000000000000000000000000000000000000000000000000000000001100000000000001111000000000000000000000000000
00000000000000000000000000000000001000000000000000000000000000000000000000000000000000000000000000000000000000000000000000000000000000000000000000000000001111000000000001111000000000000000000000000000
00000000000000000000000000000000000000000000000000000000000000000000000000000000000000000000000000000000000000000000000000000000000000000000000000000000000000000000010011111000000000000000000000000000
00000000000000000000000000000000000000000000000000000000000000000000000000000000000000000000000000000000000000000000000000000000000000000000000000000000000000000000001111111000000000000000000000000000
00000000000000000000000000000000000000000000000000000000000000000000000000000000000000000000000000000000000000000000000000000000000000000000000000000000000000000000001101111000000000000000000000000000
00000000000000000000000000000000000000000000000000000000000000000000000000000000000000000000000000000000000000000000000000000000000000000000000000000000000000000000001101111000000000000000000000000000
00000000000000000000000000000000000000000000000000000000000000000000000000000000000000000000000000000000000000000000000000000000000000000000000000000000000000000000000111111000000000000000000000000000
00000000000000000000000000000000000000000000000000000000000000000000000000000000000000000000000000000000000000000000000000000000000000000000000000000000000000001000000011111000000000000000000000000000
00000000000000000000000000000000000000000000000000000000000000000000000000000000000000000000000000000000000000000000000000000000000000000000000000000000000000000111000111111000000000000000000000000000
00000000000000000000000000000000000000000000000000000000000000000000000000000000000000000000000000000000000000000000000000000000000000000000000000000000000000000111101011111000000000000000000000000000
00000000000000000000000000000000000000000000000000000000000000000000000000000000000000000000000000000000000000000000000000000000000000000000000000000000000000001100111101111000000000000000000000000000
11111111111111111111111111111111111111111011111111111111111111111111111111111111111111111111111111111111111111111111111111111111111111111111111111111111111111111111111110110000000000000000000000000000
11111111111110111111111111111111111111111011111111111111111111111111111111111111111111111111111111111111111111111111111111111111111111111111111111111111111111111111111111011000000000000000000000000000
11111111111110111111111111111111111111111111111111111111111011111111111111111111111111111111111111111111111111111111111111111111111111111111111111111111111111111111111111101111111111000000000000000000
11111111111111111111111111111111111111111011111111111111111011111111111111111111111111111111111111111111111111111111111111111111111111111111111111111111111111111111111110110111111111000000000000000000
00000000000000000000000000000000000000000000000000000000000000000000000000000000000000000000000000000000000000000000000000001100000000000000000001111111110000000000000000011011010001000000000000000000
00000000000000000000000000000000000000000000000000000000000000000000000000000000000000000000000000000000000000000000000000001100000000000000000001111111110000000000000000011101101100000000000000000000
00000000000000000000000000000000000000000000000000000000000000000000000000000000000000000000000000000000000000000000000000001100000000000000000001111111110000000000000000011110111000000000000000000000
00000000000000000000000000000000000000000000000000000000000000000000000000000000000000000000000000000000000000000000000000001100000000000000000001111111110000000000000000011011010010000000000000000000
00000000000000000000000000000000000000000000000000000000000000000000000000000000000000000000000000000000000000000000000000001100000000000000000001111111110000000000000000011101101100000000000000000000
00000000000000000000000000000000000000000000000000000000000000000000000000000000000000000000000000000000000000000000000000001100000000000000000001111111110000000000000000011011010010000000000000000000
00000000000000000000000000000000000000000000000000000000000000000000000000000000000000000000000000000000000000000000000000001100000000000000000001111111110000000000000000011010010011000000000000000000
00000000000000000000000000000000000000000000000000000000000000000000000000000000000000000000000000000000000000000000000000001100000000000000000001111111110000000000000000011000101100000000000000000000
00000000000000000000000000000000000000000000000000000000000000000000000000000000000000000000000000000000000000000000000000001100000000000000000001111111110000000000000000011100000100000000000000000000
00000000000000000000000000000000000000000000000000000000000000000000000000000000000000000000000000000000000000000000000000000000000000000000000000000000000000000000000000000000000000011001000000000000
00000000000000000000000000000000000000000000000000000000000000000000000000000000000000000000000000000000000000000000000000000000000000000000000000000000000000000000000000000000000000101110011000000000
00000000000000000000000000000000000000000000000000000000000000000000000000000000000000000000000000000000000000000000000000000000000000000000000000000000000000000000000000000000000000110110100000000000
00000000000000000000000000000000000000000000000000000000000000000000000000000000000000000000000000000000000000000000000000000000000000000000000000000000000000000000000000000000000000011001010000000000
00000000000000000000000000000000000000000000000000000000000000000000000000000000000000000000000000000000000000000000000000000000000000000000000000000000000000000000000000000000000000011001100000000000
00000000000000000000000000000000000000000000000000000000000000000000000000000000000000000000000000000000000000000000000000000000000000000000000000000000000000000000000000000000000000100110100000000000
00000000000000000000000000000000000000000000000000000000000000000000000000000000000000000000000000000000000000000000000000000000000000000000000000000000000000000000000000000000000000001011000000000000
00000000000000000000000000000000000000000000000000000000000000000000000000000000000000000000000000000000000000000000000000000000000000000000000000000000000000000000000000000000000000010100001000000000
00000000000000000000000000000000000000000000000000000000000000000000000000000000000000000000000000000000000000000000000000000000000000000000000000000000000000000000000000000000000000010000010000000000
00000000000000000000000000000000000000000000000000000000000000000000000000000000000000000000000000000000000000000000000000000000000000000000000000000000000000000000000000000000000000000000000000011011
00000000000000000000000000000000000000000000000000000000000000000000000000000000000000000000000000000000000000000000000000000000000000000000000000000000000000000000000000000000000000000000000000010111
00000000000000000000000000000000000000000000000000000000000000000000000000000000000000000000000000000000000000000000000000000000000000000000000000000000000000000000000000000000000000000000000000001111
00000000000000000000000000000000000000000000000000000000000000000000000000000000000000000000000000000000000000000000000000000000000000000000000000000000000000000000000000000000000000000000000000000001
00000000000000000000000000000000000000000000000000000000000000000000000000000000000000000000000000000000000000000000000000000000000000000000000000000000000000000000000000000000000000000000000110000111
00000000000000000000000000000000000000000000000000000000000000000000000000000000000000000000000000000000000000000000000000000000000000000000000000000000000000000000000000000000000000000000000101000111
00000000000000000000000000000000000000000000000000000000000000000000000000000000000000000000000000000000000000000000000000000000000000000000000000000000000000000000000000000000000000000000000011011011
00000000000000000000000000000000000000000000000000000000000000000000000000000000000000000000000000000000000000000000000000000000000000000000000000000000000000000000000000000000000000000000000111011100
00000000000000000000000000000000000000000000000000000000000000000000000000000000000000000000000000000000000000000000000000000000000000000000000000000000000000000000000000000000000000000000000111111100
