00011111111110000000000000111111111111111111111111
00001111000000000000000000111111111111111111111111
00000001000000000000000000111111111111111111111111
10000100001111111100110011111111111111111111111111
11000011000000000000000000111111111111111111111111
11010011111011001100000000111111111111111111111111
11001100000000000000000000111111111111111111111111
11101100000000000000000000111111111111111111111111
10000100001111000000000000111111111111111111111111
10000100001111000000000000111111111111111111111111
10010100110010110000110011111111111111111111111111
10010000110001000000000000111111111111111111111111
10010100111000100100000000111111111111111111111111
00010100110100000000000000111111111111111111111111
00010000001010000000000000111111111111111111111111
00010000001000001100000000111111111111111111111111
00010100000000010100110011111111111111111111111111
00010100000010011000110011111111111111111111111111
00000000000000000000001000111111111111111111111111
00000000000000000000001000111111111111111111111111
00010000001000001100000111111111111111111111111111
00010000001000001100000111111111111111111111111111
00000000000000000011000111111111111111111111111111
00000000000000000000111011111111111111111111111111
00010000001000001100111101111111111111111111111111
00010000001000001100111110111111111111111111111111
11111111111111111111111111000000111111111111111111
11111111111111111111111111000000111111111111111111
11111111111111111111111111000001011111111111111111
11111111111111111111111111000001011111111111111111
11111111111111111111111111000000011111111111111111
11111111111111111111111111001100111111111111111111
11111111111111111111111111110001011111111111111111
11111111111111111111111111111111100001011111111111
11111111111111111111111111111111100000110111111111
11111111111111111111111111111111100000101111111111
11111111111111111111111111111111100000011111111111
11111111111111111111111111111111110000001111111111
11111111111111111111111111111111101100011111111111
11111111111111111111111111111111111010101111111111
11111111111111111111111111111111110111110111111111
11111111111111111111111111111111111111111000011011
11111111111111111111111111111111111111111000001110
11111111111111111111111111111111111111111000000110
11111111111111111111111111111111111111111000000001
11111111111111111111111111111111111111111100000001
11111111111111111111111111111111111111111110000011
11111111111111111111111111111111111111111011000001
11111111111111111111111111111111111111111111001001
11111111111111111111111111111111111111111100111110
