00001110000000111111110000000000000000011111111100000000111111111111111111111111
00000110000000111111110000000000000000011111111111111111111111111111111111111111
00001100000000111111110000000000000000011111111100000000111111111111111111111111
00000000000000111111110000000000000000011111111111111111111111111111111111111111
10100010000000111111110000000000000000011111111100000000111111111111111111111111
11100010000000111111110000000000000000011111111100000000111111111111111111111111
11001100000000111111110000000000000000011111111111111111111111111111111111111111
00000000001111111111110000000000000000011111111100000000111111111111111111111111
00000000000111111111110000000000000000011111111100000000111111111111111111111111
00000000000111111111110000000000000000011111111100000000111111111111111111111111
00000001000111111111110000000000000000011111111100000000111111111111111111111111
00000001111011111111110000000000000000011111111100000000111111111111111111111111
00000001111101111111110000000000000000011111111100000000111111111111111111111111
00000001111110111111110000000000000000011111111100000000111111111111111111111111
11111111111111000001110000000000000000011111111111111111111111111111111111111111
11111111111111000000110000000000000000011111111111111111111111111111111111111111
11111111111111000000110000000000000000011111111111111111111111111111111111111111
11111111111111000000010000000000000000011111111111111111111111111111111111111111
11111111111111000000000000000000000000011111111111111111111111111111111111111111
11111111111111100000010000000000000000011111111111111111111111111111111111111111
11111111111111111000000000000000000000011111111111111111111111111111111111111111
11111111111111111101000000000000000000011111111111111111111111111111111111111111
00000000000000000000000001010110000000011111111100000000111111111111111111111111
00000000000000000000000000101110000000011111111100000000111111111111111111111111
00000000000000000000000000011110000000011111111100000000111111111111111111111111
00000000000000000000001000010000000000011111111100000000111111111111111111111111
00000000000000000000000100001000000000011111111100000000111111111111111111111111
00000000000000000000001011000100000000011111111100000000111111111111111111111111
00000000000000000000000110100010000000011111111100000000111111111111111111111111
00000000000000000000001110010000000000011111111100000000111111111111111111111111
00000000000000000000001110001000000000011111111100000000111111111111111111111111
00000000000000000000000000000000000100111111111100000000111111111111111111111111
00000000000000000000000000000000000011111111111100000000111111111111111111111111
00000000000000000000000000000000000010111111111100000000111111111111111111111111
00000000000000000000000000000000000001011111111100000000111111111111111111111111
00000000000000000000000000000001000000111111111100000000111111111111111111111111
00000000000000000000000000000000110000111111111100000000111111111111111111111111
00000000000000000000000000000000101000111111111100000000111111111111111111111111
00000000000000000000000000000001110111011111111100000000111111111111111111111111
11111111111111111111111111111111111111100010111111111111111111111111111111111111
11111111111111111111111111111111111111100001111111111111111111111111111111111111
11111111111111111111111111111111111111100001011011111111111111111111111111111111
11111111111111111111111111111111111111110000001111111111111111111111111111111111
11111111111111111111111111111111111111101100110111111111111111111111111111111111
11111111111111111111111111111111111111111001011111111111111111111111111111111111
11111111111111111111111111111111111111111101100111111111111111111111111111111111
11111111111111111111111111111111111111111110100111111111111111111111111111111111
11111111111111111111111111111111111111111011111011111111111111111111111111111111
01010010000000111111110000000000000000011111111100101111111111111111111111111111
01010010000000111111110000000000000000011111111100001011111111111111111111111111
01010010000000111111110000000000000000011111111110000111111111111111111111111111
01010010000000111111110000000000000000011111111100000110111111111111111111111111
01010010000000111111110000000000000000011111111111000001111111111111111111111111
01010010000000111111110000000000000000011111111110110001111111111111111111111111
01010010000000111111110000000000000000011111111111110001111111111111111111111111
01010010000000111111110000000000000000011111111111101110111111111111111111111111
11111111111111111111111111111111111111111111111111111111011000011111111111111111
11111111111111111111111111111111111111111111111111111111101100011111111111111111
11111111111111111111111111111111111111111111111111111111110111111111111111111111
11111111111111111111111111111111111111111111111111111111011010011111111111111111
11111111111111111111111111111111111111111111111111111111001100000000000111111111
11111111111111111111111111111111111111111111111111111111001000111111111111111111
11111111111111111111111111111111111111111111111111111111001001000000000111111111
11111111111111111111111111111111111111111111111111111111111101001111000111111111
11111111111111111111111111111111111111111111111111111111111101010111010111111111
11111111111111111111111111111111111111111111111111111111111101011011000111111111
11111111111111111111111111111111111111111111111111111111111101011101101111111111
11111111111111111111111111111111111111111111111111111111111101011110110111111111
11111111111111111111111111111111111111111111111111111111111101000011010111111111
11111111111111111111111111111111111111111111111111111111111101001001101111111111
11111111111111111111111111111111111111111111111111111111111101000010010111111111
11111111111111111111111111111111111111111111111111111111111111111111111011100011
11111111111111111111111111111111111111111111111111111111111111111111111101101000
11111111111111111111111111111111111111111111111111111111111111111111111110110100
11111111111111111111111111111111111111111111111111111111111111111111111111011100
11111111111111111111111111111111111111111111111111111111111111111111111001101000
11111111111111111111111111111111111111111111111111111111111111111111111010110000
11111111111111111111111111111111111111111111111111111111111111111111111001100010
11111111111111111111111111111111111111111111111111111111111111111111111100000100
11111111111111111111111111111111111111111111111111111111111111111111111100000000
