0000111111111110000001111111000100100001111111110000000000001110000000
0001111000000000000001111111000100000000111111110000000000001110000000
0000001000000000000000000000000000000000111111110000000000000000000000
0100010000000000000001111111000100000000111111110000000000001110000000
1100000111111110000101111111000100000000111111110000000000001110000000
1101001111111110000001111111000100000000111111110000000000001110000000
1110010111111110000000000000000000000000111111110000000000000000000000
1000111000111101101011111111000100000000111111110000000000001110000000
1000111000001110000001111111000100000000111111110000000000001110000000
1000111000011010000001111111000100000000111111110000000000001110000000
1000111100010000000001111111000100000000111111110000000000001110000000
1000111101100111110011111111000100000000111111110000000000001110000000
1000111111000110000001111111000100000000111111110000000000001110000000
1000111110011010000001111111000100000010111111110000000000001110000000
1000111011011100000001111111000100000000111111110000000000001110000000
0000000100010000001110000000000000000000111111110000000000000000000000
0000000100010000001110000000000000000000111111110000000000000000000000
0000000000010000000010000000000000000000111111110000000000000000000000
0000000100000001100110000000000000000000111111110000000000000000000000
0000100000000001101010000000000000000000111111110000000000000000000000
0000000100010001111100000000000000000000111111110000000000000000000000
1101110111111110000000011111000000000000111111110000000000000000000000
1101110111111110000000000111000000000000111111110000000000000000000000
1101110111111110000001001111000000000000111111110000000000001110000000
1101110111111110000001010110000000100010111111110000000000001110000000
1101110111111110000001111001000100000000111111110000000000000000000000
1101110111111110000001111001000000000000111111110000000000001110000000
1101110111111110000001110110000000000000111111110000000000001110000000
0000000000000000000000000000000111000000111111110000000000000000000000
0000000000000000000000000000000011000000111111110000000000000000000000
0000000000000000000000000000000011000000111111110000000000000000000000
1101110111111110000000000100100011000000111111110000000000000000000000
0000000000000000000000000000111100000000111111110000000000000000000000
0000000000000000000000000000111100000000111111110000000000000000000000
1000000000000000000000001000000000000001111111110000000000000000000000
0000000000000000000000000000000000000011111111110000000000000000000000
0000000000000000000000000000000000000011111111110000000000000000000000
0000000000000000000000000000000000000001111111110000000000000000000000
0000000000000100000000001000000000011001111111110000000000000000000000
1000000000000000000000000000000000111110111111110000000000000000000000
1111111111111111111111111111111111111111000111110000000000001110000000
1111111111111111111111111111111111111111000001110000000000001110000000
1111111111111111111111111111111111111111000000100000000000001110000000
1111111111111111111111111111111111111111100011110000000000001110000000
1111111111111111111111111111111111111111100101010000000000001110000000
1111111111111111111111111111111111111111110110010000000000001110000000
1111111111111111111111111111111111111111111100010000000000001110000000
1111111111111111111111111111111111111111110111100000000000001110000000
0000000000000000000000000000000000000000000000000001110100000000000000
0000000000000000000000000000000000000000000000000001011100000000000000
0000000000000000000000000000000000000000000000000000111100000000000000
0000000000000000000000000000000000000000000000001100001100000000000000
0000000000000000000000000000000000000000000000001010001100000000101101
0000000000000000000000000000000000000000000000001110001100000000000000
0000000000000000000000000000000000000000000000000111110100000000101101
0000000000000000000000000000000000000000000000001111111000000000101101
0000000000000000000000000000000000000000000000000000000000011100000000
0000000000000000000000000000000000000000000000000000000000000111000000
0000000000000000000000000000000000000000000000000000000000000001000000
0000000000000000000000000000000000000000000000000000000010001010000000
1101110111111110000000011011000000000000111111110000000010010001000000
1101110111111110000000011011000000000000111111110000000011000011000000
1101110111111110000000011011000000000000111111110000000001010101000000
0000000000000000000000000000000000000000000000000000000001101110000000
0000000000000000000000000000000000000000000000000000101100000000000011
0000000000000000000000000000000000000000000000000000000000000000000000
0000000000000000000000000000000000000000000000000000101100000000000011
0000000000000000000000000000000000000000000000000000101100000000000011
0000000000000000000000000000000000000000000000000000000000000000101101
0000000000000000000000000000000000000000000000000000101100000000101110
