011100000111111111111000000001111111111111111111000000000111111111011111000000000000000000000111111111000000000111111111111111110000000000000000000000
101100110111111111111000000001111111111111111111000000000111111111111111000000000000000000000111111111000000000111111111111111110000000000000000111111
110101001111111111111000000001111111111111111111000000000111111111111111000000000000000000000111111111000000000111111111111111110000000000000000000000
111010001111111111111000000001111111111111111111000000000111111111111111000000000000000000000111111111000000000111111111111111110000000000000000000000
000101000000111111111000000000111111111111111111000000000111111111111111000000000000000000000111111111000000000111111111111111110000000000000000000000
001010000111111111111000000001111111111111111111000000000111111111111111000000000000000000000111111111000000000111111111111111110000000000000000000000
010000010111110110010000000001110111111111111111000000000111111111111111000000000000000000000111111111000000000111111111111111110000000000000000000000
010000100111111111111000000001111111111111111111000000000111111111111111000000000000000000000111111111000000000111111111111111110000000000000000000000
001100000110111111111000000000100111111111111111000000000111111111111101000000000000000000000111111111000000000111111111111111110000000000000000000000
111101111010001111111000000001111111111111111111000000000111111111111111000000000000000000000111111111000000000111111111111111110000000000000000000000
111101111101001111111000000001111111111111111111000000000111111111111111111010000000000000000111111111000000000111111111111111110000000000000000000000
111101110010101111111000000001111111111111111111000000000111111111111111000000000000000000000111111111000000000111111111111111110000000000000000000000
111111111001011111111000000001111111111111111111000000000111111111111111000000000000000000000111111111000000000111111111111111110000000000000000000000
111111111000101111111000000001111111111111111111000000000111111111111111000000000000000000000111111111000000000111111111111111110000000000000000000000
111111011111110111000000000001111111111111111111000000000111111111111111000000000000000000000111111111000000000111111111111111110000000000000000000000
111111111111111011010000000001111111111111111111000000000111111111111111000000000000000000000111111111000000000111111111111111110000000000000000000000
111111111111111101100000000001111100000111111111000000000111111111111111000000011001100000000111111111000000000111111111111111110000000000000000000000
111111011111111110111000000001111111111111111111000000000111111111111111000000000100100000000111111111000000000111111111111111110000000000000000000000
111111011111110011010000000001111111111111111111000000000111111111111111000000000000000000000111111111000000000111111111111111110000000000000000000000
111111111111110101100000000001111111111111111111000000000111111111111111000000000000000000000111111111000000000111111111111111110000000000000000000000
111111011111110001000000000001111111111111111111000000000111111111111111000000000000000000000111111111000000000111111111111111110000000000000000000000
000000000000000000000011111001111111111111111111000000000111111111101010000000000000000000000111111111000000000111111111111111110000000000000000000000
000000000000000000000101111001111111111111111111000000000111111111111111000000000000000000000111111111000000000111111111111111110000000000000000000000
000000000000000000000110110101111111111111111111000000000111111111111111000000000000000000000111111111000000000111111111111111111111111100000000000000
000000000000000000000111010101111111111111111111000000000111111111111111000000000000000000000111111111000000000111111111111111111111111100000000000000
000000000000000000000111101001111111111111111111000000000111111111111111000000000000000000000111111111000000000111111111111111111111111100000000000000
000000000000000000000110010101111111111111111111000000000111111111111111000000000000000000000111111111000000000111111111111111110000000000000000000000
000000000000000000000001101001111011100111111111000000000111111111111111000000000000000000000111111111000000000111111111111111110000000000000000000000
000000000000000000000000000000011111111111111111000000000111111111111111000000000000000000000111111111000000000111111111111111111111111100000000000000
111101110111111111111111111100110111111111111111000000000111111111111111000000000000000000000111111111000000000111111111111111111111111100000000000000
111111111111111111111111111101010111111111111111000000000111111111111111000000000000000000000111111111000000000111111111111111111111111100000000000000
111111110111111111111111111111100111111111111111000000000111111111111111000000000000000000000111111111000000000111111111111111111111111100000000000000
111111010111111111111111111110000111111111111111000000000111111111111111000000000000000000000111111111000000000111111111111111111111111100000000000000
111111111111111111111111111011111011101111111111000000000111111111111111000000000000000000000111111111000000000111111111111111111111111100000000000000
111111111111111101111111111111111101000111111111000000000111111111111111000000000000000000000111111111000000000111111111111111111111111100000000000010
111111111111111101111111111111111110010111111111000000000111111111111111000000000000000000000111111111000000000111111111111111111111111100000000000000
111111111111111101111111111111111100010111111111000000000111111111111111000000000000000000000111111111000000000111111111111111111111111100000000000000
111111111111111101111111111011111001100111111111000000000111111111111111000000000000000000000111111111000000000111111111111111111111111100000000000000
111111111111111101111111111011111100000111111111000000000111111111111111000000000000000000000111111111000000000111111111111111111111111100000000000000
111111111111111111111111111111111111111011010100000000000111111111111111000000000000000000000111111111000000000111111111111111111111111100000000000000
111111111111111111111111111111111111111101101000000000000111111111111111000000000000000000000111111111000000000111111111111111111111111100000000000000
111111111111111111111111111111111111111110110010000000000111111111111111000000000000000000000111111111000000000111111111111111111111111100000000000000
111111111111111111111111111111111111111011011100000000000111111111111111000000000000000000000111111111000000000111111111111111111111111100000000000000
111111111111111111111111111111111111111101101010000000000111111111111111000000000000000000000111111111000000000111111111111111111111111100000000000000
111111111111111111111111111111111111111010110101000000000111111111111111000000000000000000000111111111000000000111111111111111111111111100000000000000
111111111111111111111111111111111111111100101000000000000111111111111111000000000000000000000111111111000000000111111111111111111111111100000000000000
111111111111111111111111111111111111111001010000000000000111111111111111000000000000000000000111111111000000000111111111111111111111111100000000000000
111111111111111111111111111111111111111000001000000000000111111111111111000000000000000000000111111111000000000111111111111111111111111100000000000000
000000000000000000000000000000000000000000000000011010000111111111111111000000000000000000000111111111000000000111111111111111110000000000000000000000
000000000000000000000000000000000000000000000000101101100111111111111111000000000000000000000111111111000000000111111111111111110000000000000000000000
000000000000000000000000000000000000000000000000110110010111111111111111000000000000000000000111111111000000000111111111111111110000000000000000000000
000000000000000000000000000000000000000000000000011010001111111111111111000000000000000000000111111111000000000111111111111111110000000000000000000000
000000000000000000000000000000000000000000000000101101100111111111111111000000000000000000000111111111000000000111111111111111110000000000000000000000
000000000000000000000000000000000000000000000000010010110111111111111111000000000000000000000111111111000000000111111111111111110000000000000000000000
000000000000000000000000000000000000000000000000010011010111111111111111000000000000000000000111111111000000000111111111111111110000000000000000000000
000000000000000000000000000000000000000000000000001001100111111111111111000000000000000000000111111111000000000111111111111111110000000000000000000000
000000000000000000000000000000000000000000000000000100000111111111111111000000000000000000000111111111000000000111111111111111110000000000000000000000
111111111111111111111111111111111111111111111111111111111011100100111111000000000000000000000111111111000000000111111111111111111111111100000000000000
111111111111111111111111111111111111111111111111111111111101111000111111000000000000000000000111111111000000000111111111111111111111111100000000000000
111111111111111111111111111111111111111111111111111111111110111000111111000000000000000000000111111111000000000111111111111111111111111100000000000000
111111111111111111111111111111111111111111111111111111111111011110111111000000000000000000000111111111000000000111111111111111111111111100000000000000
111111111111111111111111111111111111111111111111111111111011100100111111000000000000000000000111111111000000000111111111111111111111111100000000000000
111111111111111111111111111111111111111111111111111111111011100111111111000000000000000000000111111111000000000111111111111111111111111100000000000000
111111111111111111111111111111111111111111111111111111111100111011111111000000000000000000000111111111000000000111111111111111111111111100000000000000
111111111111111111111111111111111111111111111111111111111000101100111111000000000000000000000111111111000000000111111111111111111111111100000000000000
111111111111111111111111111111111111111111111111111111111000001100111111000000000000000000000111111111000000000111111111111111111111111100000000000000
011111111111111111111111111111111111111111111111111111111111111111011110000000000000000000000111111111000000000111111111111111111111111100000000000000
111111111111111111111011111111111111111111111111111111111111111111101110000101100001000000000111111111000000000111111111111111111111111100000000000000
111111111111111111111111111111111111111111111111111111111111111111110110000000000000000000000111111111000000000111111111111111111111111100000000000000
111111111111111111111011111111111111111111111111111111111111111111111011000000000000000000000111111111000000000111111111111111111111111100000000000000
111111110111111111111111111111111111111111111111111111111111111111111101000000000000000000000111111111000000000111111111111111111111111100000000000000
111111111111111111111011111111111111111111111111111111111111111111000110000000000000000000000111111111000000000111111111111111111111111100000000000000
000000000010000000000000000000000000000000000000000000000000000000000000000011100000000000000111111111000000000111111111111111110000000000000000000000
000000000010000000000000000000000000000000000000000000000000000000000000000001100000000000000111111111000000000111111111111111110000000000000000000000
000000000010000000000000000000000000000000000000000000000000000000000000000000100000000000000111111111000000000111111111111111110000000000000000000000
000000000000000000000000000000000000000000000000000000000000000000010000000001000000000000000111111111000000000111111111111111110000000000000000000000
000000000010000000000000000000000000000000000000000000000000000000000000100000100000000000000111111111000000000111111111111111110000000000000000000000
000000000000000000000000000000000000000000000000000000000000000000010000110100000000000000000111111111000000000111111111111111110000000000000000000000
000000000000000000000000000000000000000000000000000000000000000000010000111010000000000000000111111111000000000111111111111111110000000000000000000000
000000000000000010000000000000000000000000000000000000000000000000000000000000000111100000000111111111000000000111111111111111110000000000000000000000
000000000000000010000000000000000000000000000000000000000000000000000000000000000010000000000111111111000000000111111111111111110000000000000000000000
000000000000000001000000000000000000000000000000000000000000000000000000000000010001100000000111111111000000000111111111111111110000000000000000000000
000000000000000000000000000000000000000000000000000000000000000000000000000000011001100000000111111111000000000111111111111111110000000000000000000000
000000000000000010000000000000000000000000000000000000000000000000010000000000010110100000000111111111000000000111111111111111110000000000000000000000
000000000000000011000000000000000000000000000000000000000000000000000000000000010111000000000111111111000000000111111111111111110000000000000000000000
000000000000000000000000000000000000000000000000000000000000000000000000000000000000000010111111111111000000000111111111111111110000000000000000000000
000000000000000000000000000000000000000000000000000000000000000000000000000000000000000001011111111111000000000111111111111111110000000000000000000000
000000000000000000000000000000000000000000000000000000000000000000000000000000000000000000000111111111000000000111111111111111110000000010011111000000
000000000000000000000000000000000000000000000000000000000000000000000000000000000000010000101111111111000000000111111111111111110000000000000000000000
000000000000000000000000000000000000000000000000000000000000000000000000000000000000001000010111111111000000000111111111111111110000000010011111000000
000000000000000000000000000000000000000000000000000000000000000000000000000000000000010010001111111111000000000111111111111111110000000010011111000000
000000000000000000000000000000000000000000000000000000000000000000000000000000000000011001000111111111000000000111111111111111110000000010011111000000
000000000000000000000000000000000000000000000000000000000000000000000000000000000000011010100111111111000000000111111111111111110000000010011111000000
111111111111111111111111111111111111111111111111111111111111111111111111111111111111111111111000010011000000000111111111111111111111111110011111000000
111111111111111111111111111111111111111111111111111111111111111111111111111111111111111111111000001111000000000111111111111111111111111110011111000000
111111111111111111111111111111111111111111111111111111111111111111111111111111111111111111111000001011000000000111111111111111111111111110011111000000
111111111111111111111111111111111111111111111111111111111111111111111111111111111111111111111000000111000000000111111111111111111111111110011111000000
111111111111111111111111111111111111111111111111111111111111111111111111111111111111111111111100000000000000000111111111111111111111111110011111000000
111111111111111111111111111111111111111111111111111111111111111111111111111111111111111111111011000011000000000111111111111111111111111110011111000000
111111111111111111111111111111111111111111111111111111111111111111111111111111111111111111111010100011000000000111111111111111111111111110011111000000
111111111111111111111111111111111111111111111111111111111111111111111111111111111111111111111111101101000000000111111111111111111111111110011111000000
111111111111111111111111111111111111111111111111111111111111111111111111111111111111111111111111101110000000000111111111111111111111111110011111000000
000000000000000000000000000000000000000000000000000000000000000000000000000000000000000000000000000000000101111111111111111111110000000000000000000000
000000000000000000000000000000000000000000000000000000000000000000000000000000000000000000000000000000000011111111111111111111110000000000000000000000
000000000000000000000000000000000000000000000000000000000000000000000000000000000000000000000000000000000010111111111111111111110000000000000000000000
000000000000000000000000000000000000000000000000000000000000000000000000000000000000000000000000000000100001111111111111111111110000000000000000000000
000000000000000000000000000000000000000000000000000000000000000000000000000000000000000000000000000000011000011111111111111111110000000000000000000000
000000000000000000000000000000000000000000000000000000000000000000000000000000000000000000000000000000110100001111111111111111110000000000000000000000
000000000000000000000000000000000000000000000000000000000000000000000000000000000000000000000000000000111100010111111111111111110000000000000000000000
000000000000000000000000000000000000000000000000000000000000000000000000000000000000000000000000000000111110100111111111111111110000000000000000000000
000000000000000000000000000000000000000000000000000000000000000000000000000000000000000000000000000000111111000111111111111111110000000000000000000000
111111111111111111111111111111111111111111111111111111111111111111111111111111111111111111111111111111111111111001011111111111111111111110011111000000
111111111111111111111111111111111111111111111111111111111111111111111111111111111111111111111111111111111111111000100111111111111111111110011111000000
111111111111111111111111111111111111111111111111111111111111111111111111111111111111111111111111111111111111111100001101111111111111111110011111000000
111111111111111111111111111111111111111111111111111111111111111111111111111111111111111111111111111111111111111010000111111111111111111110011111000000
111111111111111111111111111111111111111111111111111111111111111111111111111111111111111111111111111111111111111100000011111111111111111110011111000000
111111111111111111111111111111111111111111111111111111111111111111111111111111111111111111111111111111111111111101000111111111111111111110011111000000
111111111111111111111111111111111111111111111111111111111111111111111111111111111111111111111111111111111111111111101011111111111111111110011111000000
111111111111111111111111111111111111111111111111111111111111111111111111111111111111111111111111111111111111111110111101111111111111111110011111000000
111111111111111111111111111111111111111111111111111111111111111111111111111111111111111111111111111111111111111111111110000111111111111110011111000000
111111111111111111111111111111111111111111111111111111111111111111111111111111111111111111111111111111111111111111111110000110111111111110011111000000
111111111111111111111111111111111111111111111111111111111111111111111111111111111111111111111111111111111111111111111110000001111111111110011111000000
111111111111111111111111111111111111111111111111111111111111111111111111111111111111111111111111111111111111111111111110000001011111111110011111000000
111111111111111111111111111111111111111111111111111111111111111111111111111111111111111111111111111111111111111111111111100010111111111110011111000001
111111111111111111111111111111111111111111111111111111111111111111111111111111111111111111111111111111111111111111111111100100011111111110011111000000
111111111111111111111111111111111111111111111111111111111111111111111111111111111111111111111111111111111111111111111111011000111111111110011111000000
111111111111111111111111111111111111111111111111111111111111111111111111111111111111111111111111111111111111111111111111110101011111111110011111000000
111111111111111111111111111111111111111111111111111111111111111111111111111111111111111111111111111111111111111111111111111111101111111110011111000000
000000000000000000000001110011111111111111111111000000000111111111111111000000000000000000000111111111000000000111111111111111110000111100000000000000
000000000000000000000001110011111111111111111111000000000111111111111111000000000000000000000111111111000000000111111111111111110000110100000000000000
000000000000000000000001110011111111111111111111000000000111111111111111000000000000000000000111111111000000000111111111111111110000011100000000000000
000000000000000000000001110011111111111111111111000000000111111111111111000000000000000000000111111111000000000111111111111111110000001100000000000000
000000000000000000000001110011111111111111111111000000000111111111111111000000000000000000000111111111000000000111111111111111111100011100000000000000
000000000000000000000001110011111111111111111111000000000111111111111111000000000000000000000111111111000000000111111111111111111110101000000000000000
000000000000000000000001110011111111111111111111000000000111111111111111000000000000000000000111111111000000000111111111111111111011110100000000000000
000000000000000000000001110011111111111111111111000000000111111111111111000000000000000000000111111111000000000111111111111111111111101000000000000000
000000000000000000000000000000000000000000000000000000000000000000000000000000000000000101111111111111000000000111111111111111110000000000011111000000
000000000000000000000000000000000000000000000000000000000000000000000000000000000000000000000000000000000000000000000000000000000000000000000111000000
000000000000000000000000000000000000000000000000000000000000000000000000000000000000000000000000000000000000000000000000000000000000000000000011000000
000000000000000000000000000000000000000000000000000000000000000000000000000000000000000101111111111111000000000111111111111111110000000010001111000000
000000000000000000000000000000000000000000000000000000000000000000000000000000000000000101111111111111000000000111111111111111110000000010010111000000
000000000000000000000000000000000000000000000000000000000000000000000000000000000000000101111111111111000000000111111111111111110000000011011001000000
000000000000000000000000000000000000000000000000000000000000000000000000000000000000000101111111111111000000000111111111111111110000000011111000000000
000000000000000000000000000000000000000000000000000000000000000000000000000000000000000101111111111111000000000111111111111111110000000011111100000000
010000000000000000000000000000000000000000000000000000000000000000000000000000000000000000000000000000000000000000000000000000000000000000000000000111
010000000000000000000000000000000000000000000000000000000000000000000000000000000000000000000000000000000000000000000000000000000000000000000000000111
010000000000000000000000000000000000000000000000000000000000000000000000000000000000000000000000000000000000000000000000000000000000000000000000000101
010000000000000000000000000000000000000000000000000000000000000000000000000000000000000000000000000000000000000000000000000000000000000000000000111000
010000000000000000000000000000000010000000000000000000000000000000000000000000000000000000000000000000000000000000000000000000000000000000000000110001
010000000000000000000000000000000000000000000000000000000000000000000000000000000000000000000000000000000000000000000000000100000000000000000000111010
