000010000000001111111111111100000100000011111111111111111110000000011111010000000000000000
000111100000000000000000110100000100000011111111111111111110000000011111010000000000000000
000111100000000000000001111100000100000011111111111111111110000000011111010000000000000000
011000000000000000000001111111111110000011111111111111111110000000011111010000000000000000
111001100000000000000001111100000100000011111111111111111110000000011111010000000000000000
011010000000001111111111111100000100000011111111111111111110000000011111010000000000000000
011010000000001111111111111111111110000011111111111111111110000000011111010000000000000000
000000000111110000000001111100000100000011111111111111111110000000011111010000000000000000
000000000001110000000001111100000100000011111111111111111110000000011111111000000000000000
000000010011110000000001111100000100000011111111111111111110000000011111010000000000000000
000000010101110000000001111100000100000011111111111111111111111111111111010000000000000000
000000011110110000000001111100000100000011111111111111111110000000011111111000000000000000
000000011111000000000001111100000100000011111111111111111110000000011111111000000000000000
000000011111000000000001111100000100000011111111111111111111111111111111111000000000000000
100001100000000110011101111100000100000011111111111111111110000000011111010000000000000000
100001100000001011000001111100000100000011111111111111111110000000011111010000000000000000
100001100000001101100001111100000100000011111111111111111110000000011111010000000000000000
100001100000000110111101111100000100000011111111111111111110000000011111010000000000000000
100001100000000011010101111100000100000011111111111111111110000000011111010000000000000000
100001100000001001101011111100000100000011111111111111111110000000011111010000000000000000
100001100000001001010011100100000100000011111111111111111110000000011111010000000000000000
100001100000001001100011111100000100000011111111111111111110000000011111010000000000000000
100001100000000000011101111100000100000011111111111111111110000000011111010000000000000000
101111111111111111111110000111111110000011111111111111111111111111111111111000000000000000
111111111111111111111110011111111110000011111111111111111111111111111111111000000000000000
111111111111111111110110100100000100000000011111111111111111111111111111111000000000000000
101111111111111111110110100100000100000000011111111111111111111111111111111000000000000000
111111111111111111111111111011010010000011111111111111111111111111111111111000000000000000
000100100000000000000001100101100000000011111111111111111110000000011111010000000000000000
000100100000000000000001100110101100000011111111111111111110000000011111010000000000000000
000100100000000000000001100011011000000011111111111111111110000000011111010000000000000000
000100100000000000000001100100100010000011111111111111111110000000011111010000000000000000
000100100000000000000001100001100000000011111111111111111110000000011111010000000000000000
111111111111111111111111111001000000000011111111111111111111111111111111111000000000000000
000100100000000000000001100100010000000011111111111111111110000000011111010000000000000000
000000000000000000000000000000000000001001011111111111111110000000011111010000000000000000
000000000000000000000000000000000000000111111111111111111110000000011111010000000000000000
000000000000000000000000000000000000000110111111111111111110000000011111010000000000000000
000000000000000000000000000000000001000000011111111111111110000000011111010000000000000000
000000000000000000000000000000000000110000011111111111111110000000011111010000000000000000
111111111111111111111111100111111110110000011111111111111111111111111111111000000000000000
111111111111111111111111100111111111100000111111111111111111111111111111111000000000000000
111111111111111111111111100111111110110001011111111111111111111111111111111000000000000000
111111111111111111111111111111111111111111100011111000000001111111111111111000000000000000
111111111111111111111111111111111111111111100010001000000001111111111111111000000000000000
111111111111111111111111111111111111111111100000111111111111111111111111111000000000000000
111111111111111111111111111111111111111111111001000000000001111111111111111000000000000000
111111111111111111111111111111111111111111110010111111111111111111111111111000000000000000
111111111111111111111111111111111111111111110101011111111111111111111111111000000000000000
111111111111111111111111111111111111111111110101100111111111111111111111111000000000000000
111111111111111111111111111111111111111111111101100111111111111111111111111000000000000000
111111111111111111111111111111111111111111100101111000011101111111111111111000000000000000
111111111111111111111111111111111111111111100101111000000111111111111111111000000000000000
111111111111111111111111111111111111111111100101111000000111111111111111111000000000000000
111111111111111111111111111111111111111111100101111000000101111111111111111000000000000000
111111111111111111111111111111111111111111100101111100001011111111111111111000000000000000
111111111111111111111111111111111111111111100101111100010011111111111111111000000000000000
111111111111111111111111111111111111111111100101111111100011111111111111111000000000000000
111111111111111111111111111111111111111111100101111011011101111111111111111000000000000000
000000000010010000000001111100000100000011111111111111111110010111111111010000000000000000
000000000010010000000001111100000100000011111111111111111110001011111111010000000000000000
000000000010010000000001111100000100000011111111111111111111000111111111010000000000000000
000000000010010000000001111100000100000011111111111111111110100001111111010000000000000000
000000000010010000000001111100000100000011111111111111111111010011111111010000000000000000
000000000010010000000001111100000100000011111111111111111111110100111111010000000000000000
000000000010010000000001111100000100000011111111111111111111111100111111010000000000000000
000000000010010000000001111100000100000011111111111111111111111111011111010000000000000000
111111111111111111111111111111111111111111111111111111111111111111101111000000000000000000
111111111111111111111111111111111111111111111111111111111111111111110111001000000000000000
111111111111111111111111111111111111111111111111111111111111111111111011100000000000000000
111111111111111111111111111111111111111111111111111111111111111111111101100000000000000000
111111111111111111111111111111111111111111111111111111111111111111111110111000000000000000
000000001001110000000001111100000100000011111111111111111110000000000111000000000000000000
111111111111111111111111111111111111111111111111111111111111111111100001000000000000000000
000000001001110000000001111100000100000011111111111111111110000000001001000000000000000000
000000000000000000000000000000000000000000000000000000000000000000000000000011100001000000
000000000000000000000000000000000000000000000000000000000000000000000000000101110000000000
000000000000000000000000000000000000000000000000000000000000000000000000000110111010000000
000000000000000000000000000000000000000000000000000000000000000000000000000111011100000000
000000000000000000000000000000000000000000000000000000000000000000000000000011101011000000
000000000000000000000000000000000000000000000000000000000000000000000000000001110101000000
000000000000000000000000000000000000000000000000000000000000000000000000000000101010000000
000000000000000000000000000000000000000000000000000000000000000000000000000001010100000000
000000000000000000000000000000000000000000000000000000000000000000000000000100011000000000
000000000000000000000000000000000000000000000000000000000000000000000000000000000000000011
000000000000000000000000000000000000000000000000000000000000000000000000000000000000000001
000000000000000000000000000000000000000000000000000000000000000000000000000000000000000001
000000000000000000000000000000000000000000000000000000000000000000000000000000000000000001
000000000000000000000000000000000000000000000000000000000000000000000000000000000000100001
000000000000000000000000000000000000000000000000000000000000000000000000000000000000111110
