010000011111111111111000000000
101000011111111111111111111111
010010111111111111111000000000
000001011110000111111111111111
001001111110000100111000000000
000110011110000111111000000000
001010011110000111111000000000
111111101101001111111111111111
111111110111010111111111111111
111111111011110111111111111111
111111101101100111111111111111
111000011110101111111111111111
111000000111010111111111111111
111000001100100111111111111111
111000010001000111111111111111
111111111111111011100111111111
111101111111111101101111111111
111101111111111110110111111111
111111111111111111010111111111
111111111111111001101111111111
111111111111111010010111111111
010100011111111111111000011111
010100011111111111111000001000
010100011111111111111000000111
010100011111111111111000000111
010100011111111111111100000110
010100011111111111111110000001
010100011111111111111101110001
010100011111111111111101110001
010100011111111111111101101110
