011110000011100000000001111111110110111111111111000001110000
101100000011100000000001111111111111111111111111111111111111
110100000011100000000001111111111111111111111111111111111111
111010000011100000000001111111111111111111111111111111111111
100100000011100000000001111111111111111111111111111111111111
000000011111110000000001111111111111111111111111000001110000
000000000011100000000001111111111111111111111111111111111111
000001001111010000000001111111111111111111111111111111111111
000001010111010000000001111111111111111111111111111111111111
000001011011100000000001111111111111111111111111111111111111
111111111101100000000001111111111111111111111111111111111111
111111111110100000000001111111111111111111111111111111111111
111111100111000000000001111111111111111111111111111111111111
000001011000000000000001111111111111111111111111111111111111
000000000000000110000001111111111111111111111111000001110000
000000000000001010101001111111111111111111111111000001110000
000000000000001101000101111111111101111111111111000001110000
000000000000000010100001111111111111111111111111000001110000
000000000000000101010001111111110110111111111111000001110000
000000000000000000101001111111111111111111111111000001110000
000000000000000100010011111111111000111111111111000001110000
000000000000000010000001111111111111111111111111000001110000
000000000000000000001001111111111111111111111111000001110000
111111111111111111111110111100101111111111111111111111111111
111111111111111111111111011100101111111111111111111111111111
111111111111111111111111101111001111111111111111111111111111
111111111111111111111111110111001111111111111111111111111111
111111111111111111111111111011011111111111111111111111111111
111111111111111111111110011100101111111111111111111111111111
111111111111111111111110011100101111111111111111111111111111
111111111111111111111111100011001111111111111111111111111111
111111111111111111111110000100001111111111111111111111111111
011111111111111111011111111111110100111111111111111111111111
111111111111111111110111111111111000111111111111111111111111
111111111111111101110111111111110000111111111111111111111111
011111111111111111010111111111110000111111111111111111111111
111111111111111111111111111111111111011100000111111111111111
111111111111111111111111111111111111101110100111111111111111
111111111111111111111111111111111111110111000111111111111111
111111111111111111111111111111111111111011000111111111111111
111111111111111111111111111111111111011100000111111111111111
111111111111111111111111111111111111001100111111111111111111
111111111111111111111111111111111111010001011111111111111111
111111111111111111111111111111111111000001100111111111111111
111111111111111111111111111111111111000001100111111111111111
111111111111111111111111111111111111111111111011010011111111
111111111111111111111111111111111111111111111101100011111111
111111111111111111111111111111111111111111111110100011111111
011110111111110000000001111111111111111111111011011001110000
011110111111110000000001111111111111111111111100100011111111
011110111111110000000001111111111111111111111000100111111111
011110111111110000000001111111111111111111111000001011111111
011110111111110000000001111111111111111111111111011101110000
111111111111111111111111111111111111111111111111111110100100
111111111111111111111111111111111111111111111111111111001000
111111111111111111111111111111111111111111111111111110001110
011110111111110000000001111111111111111111111111011100110110
011110111111110000000001111111111111111111111111011101011011
011110111111110000000001111111111111111111111111011100011101
011110111111110000000001111111111111111111111111011100000110
