011110000000000000000000000000
101100001111111000000000000000
110100001111111000000000000000
111011111111111000000000000000
100100001111111000000000000000
000100111111111000000000000000
000101000000000000000000000000
000101000000000000000000000000
011111000010001000000000000000
011111000001111000000000000000
011111001000000000000000000000
011111000100111000000000000000
011111000101011000000000000000
011111000101100000000000000000
011111001101100000000000000000
000000000000000000011110000000
000000000000000000011010000000
000000000000000000000110000000
000000000000000000001111111011
000000000000000110000111111011
000000000000000110100101111011
000000000000000101111011111011
000000000000000111110101111011
000000000000000000111110010111
000000000000000000111110001011
000000000000000000111111000111
000000000000000000111110100010
000000000000000000000001010001
000000000000000000111111111001
000000000000000000111111110110
