0001000000000000111010000000000111111111111111111000011111111111111110001110111111110000000111111111
0000110000000000111111110000000111111111111111111000011111111111111110001110111111110000000111111111
0000111000000000111111110000000111111111111111111000011111111111111110001110111111110111111111111111
1000001000000000111010000000000111111111111111111000011111111111111110001110111111110111111111111111
0110011000000000111111110010000111111111111111111001111111111111111110001110111111110111111111111111
0110101000000000111111110000011111111111111111111000011111111111111110001110111111110111111111111111
0011110000000000111111110000000111111111111111111000011111111111111110001110111111110111111111111111
0000000011101010111010000000000111111111111111111000011111111111111110001110111111110000000111111111
0000000101110000111010000000000111111111111111111000011111111111111110001110111111110000000111111111
0000000110110100111010000000000111111111111111111000011111111111111110001110111111110000000111111111
0000000111011011111010000000000111111111111111111000011111111111111110001110111111110000000111111111
0000000011101101111010000000000111111111111111111000011111111111111110001110111111110000000111111111
0000000100110110111010000000000111111111111111111000011111111111111110001110111111110000000111111111
0000000001011001111010000000000111111111111111111000011111111111111110001110111111110000000111111111
0000000100101000111010000000000111111111111111111000011111111111111110001110111111110000000111111111
0000000000110100111010000000000111111111111111111000011111111111111110001110111111110000000111111111
1111111111111111010100000000000111111111111111111000111111111111111110001110111111110111111111111111
1111111111111111101101010000000111111111111111111000011111111111111110001110111111110111111111111111
1111111111111111010110000000000111111111111111111000011111111111111110001110111111110111111111111111
0110111000000000111010100000000111111111111111111000011111111111111110001110111111110000000111111111
1111111111111111001101000000000111111111111111111000011111111111111110001110111111110111111111111111
0110111000000000010010000000000111111111111111111000011111111111111110001110111111110000000111111111
0110111000000000000100000000000111111111111111111000011111111111111110001110111111110000000111111111
0110111000000000010000000000000111111111111111111000011111111111111110001110111111110000000111111111
0000000000000000000000000000101111111111111111111000011111111111111110001110111111110000000111111111
0000000000000000000000000000101111111111111111111000011111111111111110001110111111110000000111111111
0000100000000000000000000000011111111111111111111000011111111111111110001110111111110000000111111111
0000000000000000000000000000000111111111111111111000011111111111111110001110111111110000000111111111
0000000000000000000000001100010111111111111111111000011111111111111110001110111111110000000111111111
0000010000000000000000000010101111111111111111111000011111111111111110001110111111110000000111111111
0000010000000000000000001110010111111111111111111000011111111111111110001110111111110000000111111111
1111111111111111111111111111111000100111111111111000011111111111111110001110111111110111111111111111
1111111111111111111111111111111000011111111111111000011111111111111110001110111111110111111111111111
1111111111111111111111111111111000011001111111111000011111111111111110001110111111110111111111111111
1111111111111111111111111111111100000101111111111000011111111111111110001110111111110111111111111111
1111111111111111111111111111111011000011111111111000011111111111111110001110111111110111111111111111
1111111111111111111111111111111011000010111111111000011111111111111110001110111111110111111111111111
1111111111111111111111111111111110100011111111111100011111111111111110001110111111110111111111111111
1111111111111111111111111111111110011101111111111000011111111111111110001110111111110111111111111111
1111111111111111111111111111111111110110111111111111011111111111111110001110111111110111111111111111
1111111111111111111111111111111111111111000000011000011111111111111110001110111111110111111111111111
1111111111111111111111111111111111111111000000011000011111111111111110001110111111110111111111111111
1111111111111111111111111111111111111111000000011000011111111111111110001110111111110111111111111111
1111111111111111111111111111111111111111000000011000011111111111111110001110111111110111111111111111
1111111111111111111111111111111111111111000000001000011111111111111110001110111111110111111111111111
1111111111111111111111111111111111111111000000001000011111111111111110001110111111110111111111111111
1111111111111111111111111111111111111111000000000000011111111111111110001110111111110111111111111111
1111111111111111111111111111111111111111111100000000011111111111111110001110111111110111111111111111
1111111111111111111111111111111111111111111111000000011111111111111110001110111111110111111111111111
0000000000000000000000000000000000000101000000000001011111111111111110001110111111110000000111111111
0000000000000000000000000000000000000001000000000000111111111111111110001110111111110000000111111111
0000100000000000000000000000000000000001000000000100011111111111111110001110111111110000000111111111
0000100000000000100000000000000000000000000000000010011111111111111110001110111111110000000111111111
1111111111111111111111111111111111111111111111111111100010011111111110001110111111110111111111111111
1111111111111111111111111111111111111111111111111111100001111111111110001110111111110111111111111111
1111111111111111111111111111111111111111111111111111100001100111111110001110111111110111111111111111
1111111111111111111111111111111111111111111111111111110000011111111110001110111111110111111111111111
1111111111111111111111111111111111111111111111111111101100011111111110001110111111110111111111111111
1111111111111111111111111111111111111111111111111111101100000111111110001110111111110111111111111111
1111111111111111111111111111111111111111111111111111111011001111111110001110111111110111111111111111
1111111111111111111111111111111111111111111111111111111011010111111110001110111111110111111111111111
1111111111111111111111111111111111111111111111111111111111111000010110000000011111110111111111111111
1111111111111111111111111111111111111111111111111111111111111000001010000000011111110111111111111111
1111111111111111111111111111111111111111111111111111111111111000001010000000011111110111111111111111
1111111111111111111111111111111111111111111111111111111111111000000100001110111111110111111111111111
1111111111111111111111111111111111111111111111111111111111111100000000000000011111110111111111111111
1111111111111111111111111111111111111111111111111111111111111011000100001110111111110111111111111111
1111111111111111111111111111111111111111111111111111111111111100101010001110111111110111111111111111
1111111111111111111111111111111111111111111111111111111111111111000100001110111111110111111111111111
0000000000000000000000000000000000000000000000000000000000000000000000000101011111110000000111111111
0000000000000000000000000000000000000000000000000000000000000000000000000011111111110000000111111111
0000000000000000000000000000000000000000000000000000000000000000000000000011011111110000000111111111
1111111111111111111111111111111111111111111111111111111111111000101110000100111111110111111111111111
1111111111111111111111111111111111111111111111111111111111111000101111001000111111110111111111111111
1111111111111111111111111111111111111111111111111111111111111000101110110000111111110111111111111111
0000000000000000000000000000000000000000000000000000000000000000000001110000111111110000000111111111
1111111111111111111111111111111111111111111111111111111111111000101110101111011111110111111111111111
1111111111111111111111111111111111111111111111111111111111111111111111111111101011100111111111111111
1111111111111111111111111111111111111111111111111111111111111111111111111111110011010111111111111111
1111111111111111111111111111111111111111111111111111111111111111111111111111100000110111111111111111
1111111111111111111111111111111111111111111111111111111111111111111111111111111001000111111111111111
1111111111111111111111111111111111111111111111111111111111111111111111111111111010010111111111111111
1111111111111111111111111111111111111111111111111111111111111111111111111111110100010111111111111111
1111111111111111111111111111111111111111111111111111111111111111111111111111101101100111111111111111
0000000000000000000000000000000000000000000000000000000000000000000000000000000000000000111111111111
0011111000000000111010000000000111111111111111111000011111111111111110001110111111110001111111111111
0011111000000000111010000000000111111111111111111000011111111111111110001110111111110001000111111111
0011111000000000111010000000000111111111111111111000011111111111111110001110111111110110110111111111
0011111000000000111010000000000111111111111111111000011111111111111110001110111111111101001111111111
0011111000000000111010000000000111111111111111111000011111111111111110001110111111111101001111111111
0011111000000000111010000000000111111111111111111000011111111111111110001110111111111100110111111111
1111111111111111111111111111111111111111111111111111111111111111111111111111111111111111111000011101
1111111111111111111111111111111111111111111111111111111111111111111111111111111111111111111000001111
1111111111111111111111111111111111111111111111111111111111111111111111111111111111111111111000000110
1111111111111111111111111111111111111111111111111111111111111111111111111111111111111111111000000001
1111111111111111111111111111111111111111111111111111111111111111111111111111111111111111111100000011
1111111111111111111111111111111111111111111111111111111111111111111111111111111111111111111110000111
1111111111111111111111111111111111111111111111111111111111111111111111111111111111111111111111001011
1111111111111111111111111111111111111111111111111111111111111111111111111111111111111111111011011100
1111111111111111111111111111111111111111111111111111111111111111111111111111111111111111111110111100
