011101000101010000000000000000
101111011111110000000000000000
110110101111110000000000000000
111011001111110000000000000000
011101100101010000000000000000
110110101111110000000000000000
001011011111110000000000000000
010000101110110000000000000000
011101110111000000000000000000
111111111011000000000000000000
011101111101100000000000000000
111111101110110000000000000000
011101110011000000000000000000
111111110001000000000000000000
000000000000000111000000000000
000000000000001011001100000000
000000000000001101100000000000
000000000000001110110000000000
000000000000000011010000000000
000000000000000001100000000000
000000000000000100000000000000
000000000000000100000010000000
000000000000000000000100000000
000000000000000000000000100000
000000000000000000000001011001
000000000000000000000000101010
000000000000000000000000110100
000000000000000000000000001010
000000000000000000000000010100
000000000000000000000000100000
