00001010000000011110011111111111111110000000011111111100000000011111111111111111
00001010000000000000011111111111111110000000011111111100000000011111111111111111
00000100000000000000011111111111111110000000011111111100000000011111111111111111
00000110000000000000011111111111111110000000011111111100000000011111111111111111
11000000000000000000011111111111111110000000011111111100000000011111111111111111
00110001100011000000011111111111111110000000011111111100000000011111111111111111
11010001100011000000011111111111111110000000011111111100000000011111111111111111
00000110000100000000011111111111111110000000011111111100000000011111111111111111
00000110000001000000011111111111111111111111111111111111111111111111111111111111
00000000000010000000011111111111111111111111111111111111111111111111111111111111
00000000000000000000011111111111111111111111111111111111111111111111111111111111
00000001000011000000011111111111111110000000011111111100000000011111111111111111
00000110010101000000011111111111111111111111111111111111111111111111111111111111
00000110100110000000011111111111111111111111111111111111111111111111111111111111
00000000000000001100011111111111111110000000011111111100000000011111111111111111
10000000000000000011111111111111111110000000011111111100000000011111111111111111
10000000000000100000111111111111111110000000011111111100000000011111111111111111
10000000000000100001011111111111111110000000011111111100000000011111111111111111
10000000000000010000111111111111111110000000011111111100000000011111111111111111
00000000000000010100011111111111111110000000011111111100000000011111111111111111
00000000000000011010011111111111111110000000011111111100000000011111111111111111
11111111111111111111100001110111111111111111111111111111111111111111111111111111
11111111111111111111100000011111111111111111111111111111111111111111111111111111
11111111111111111111100000111111111111111111100000000011111111111111111111111111
11111111111111111111100000100111111111111111100000000011111111111111111111111111
11111111111111111111110000001111111111111111100000000011111111111111111111111111
11111111111111111111110110001111111111111111111111111111111111111111111111111111
11111111111111111111111100001111111111111111111111111111111111111111111111111111
11111111111111111111101101110111111111111111111111111111111111111111111111111111
11111111111111111111111111111011000001111111111111111111111111111111111111111111
11111111111111111111111111111101011001111111111111111111111111111111111111111111
11111111111111111111111111111110100101111111111111111111111111111111111111111111
11111111111111111111111111111001011011111111111111111111111111111111111111111111
11111111111111111111111111111010101001111111111111111111111111100000000011111111
11111111111111111111111111111010110101111111111111111111111111100000000011111111
11111111111111111111111111111001001001111111111111111111111111111111111111111111
11111111111111111111111111111000100001111111111111111111111111111111111111111111
00000000111011000000011111111111111110110101111111111111111111111111111111111111
00000000111011000000011111111111111111011000011111111111111111111111111111111111
00000000111011000000011111111111111111101110011111111111111111111111111111111111
00000000111011000000011111111111111110110110011111111111111111111111111111111111
00000000111011000000011111111111111111011010011111111100000000011111111111111111
00000000111011000000011111111111111110011100011111111100000000011111111111111111
00000000111011000000011111111111111111000000011111111111111111111111111111111111
00000000111011000000011111111111111111000000011111111100000000011111111111111111
11111111111111111111111000111111111111111111101100000111111111111111111111111111
11111111111111111111111000111111111111111111110110000011111111111111111111111111
11111111111111111111111000111111111111111111111010000111111111111111111111111111
11111111111111111111111000111111111111111111101101110011111111111111111111111111
11111111111111111111111000111111111111111111100010100011111111111111111111111111
11111111111111111111111000111111111111111111100011001011111111111111111111111111
11111111111111111111111000111111111111111111100010001011111111111111111111111111
11111111111111111111111000111111111111111111100000110011111111111111111111111111
11111111111111111111111000111111111111111111110100000011111111111111111111111111
00000000111011000000011111111111111111111001011111111101110010011111111111111111
00000000111011000000011111111111111111111001011111111110111100011111111111111111
00000000111011000000011111111111111111111001011111111111011100011111111111111111
00000000111011000000011111111111111111111001011111111111101110111111111111111111
00000000111011000000011111111111111111111001011111111101110010011111111111111111
00000000111011000000011111111111111111111001011111111101110011011111111111111111
00000000111011000000011111111111111111111001011111111110011100011111111111111111
00000000111011000000011111111111111111111001011111111100000100111111111111111111
00000000111011000000011111111111111111111001011111111100010001011111111111111111
11111111111111111111111111111111100111111111111111111111111111101110100011111111
11111111111111111111111111111111100111111111111111111111111111110111000011111111
11111111111111111111111111111111100111111111111111111111111111111011010011111111
11111111111111111111111111111111100111111111111111111111111111111101111111111111
11111111111111111111111111111111100111111111111111111111111111101110111011111111
11111111111111111111111111111111100111111111111111111111111111110011001011111111
11111111111111111111111111111111100111111111111111111111111111100111000011111111
11111111111111111111111111111111100111111111111111111111111111100011100111111111
11111111111111111111111111111111100111111111111111111111111111100010001011111111
11111111111111111111111111111111111111111111111111111111111111111111111101100100
11111111111111111111111111111111111111111111111111111111111111111111111110110100
11111111111111111111111111111111111111111111111111111111111111111111111111010000
11111111111111111111111111111111111111111111111111111111111111111111111101101010
11111111111111111111111111111111111111111111111111111111111111111111111100010000
11111111111111111111111111111111111111111111111111111111111111111111111111000000
11111111111111111111111111111111111111111111111111111111111111111111111100010000
11111111111111111111111111111111111111111111111111111111111111111111111100000000
