0111010000000000000000001111110011000000000000011111111001011100000000000000000000000000000000000000
1011101000000000000000001111100000000000000000011111111001011100000000000000000000000000000000000000
1101101000000000000000001111110001000000000000011111111001011100000000000000000000000000000000000000
1110111000000000000000001111100000000000000000011111111001011100000000000000000000000000000000000000
0111010000000000000000001011100000000000000000011111111001011100000000000000000000000000000000000000
1001100000000000000000001111100000000000000000011111111001011100000000000000000000000000000000000000
0111000000000000000000001100000000000000000000011111111001011100000000000000000000000000000000000000
0000000000000000000000001111100000000000000000011111111001011100000000000000000000000000000000000000
0000000000000000000000001111000000000000000000011111111001011100000000000000000000000000000000000000
0000000000111100111111111111100000000000000000011111111001011111111001000000000000000000000000000000
0000000001011101111111111111100000000000000000011111111001011111111001000000000000000000000000000000
0000000001101110111111111111100000000000000000011111111001011111111001000000000000000000000000000000
0000000001110110111111111111100000000000000000011111111001011111111001000000000000000000000000000000
0000000001111010000000001111100000000000000000011111111001011100000000000000000000000000000000000000
0000000000011100111111111111100000000000000000011111111001011111111001000000000000000000000000000000
0000000000100000000000001111100000000000000000011111111001011100000000000000000000000000000000000000
0000000001111010011010001111100000000000000000011111111001011111111001000000000000000000000000000000
0000000001111010101100001111100000000000000000011111111001011111111001000000000000000000000000000000
0000000001111010110100101111100000000000000000011111111001011111111001000000000000000000000000000000
0000000001111010011011011111100000000000000000011111111001011111111001000000000000000000000000000000
0000000001111010100101111111100000000000000000011111111001011111111001000000000000000000000000000000
0000000001111010000110111111100000000010000000011111111001011111111001000000000000000000000000000000
0000000001111010001011011111100000000000000000011111111001011111111001000000000000000000000000000000
0000000001111010000111101111100000101001111111111111111001011111111001000000000000000000000000000000
1111111111111111111111110111000000000000000000011111111001011111111001000000000000000000000000000000
1111011111111111111111111011100000000000000000011111111001011111111001000000000000000000000000000000
1111110111111111111111111101100011000000000000011111111001011111111001000000000000000000000000000000
1111110111111111111111111110100000000000000000011111111001011111111001000000000000000000000000000000
1111110101111111111111110111000000000000000000011111111001011111111001000000000000000000000000000000
1010000000000000000000000000000111000000000000011111111001011100000000000000000000000000000000000000
0000000000000000000000000000000111000000000000011111111001011100000000000000000000000000000000000000
0000000000000000000000000000011001000000000000011111111001011100000000000000000000000000000000000000
1000000000000000000000000010011001000000000000011111111001011100000000000000000000000000000000000000
1010000000000000000000000010011110000000000000011111111001011100000000000000000000000000000000000000
0000000000000000000000010000000000000111111111111111111001011100000000000000000000000000000000000000
0000000000000000000000000000000000000111111111111111111001011100000000000000000000000000000000000000
0000000000000000000000010000000000000000000000011111111001011100000000000000000000000000000000000000
0000000000000000000000000000000000110011111111111111111001011100000000000000000000000000000000000000
0000000000000000000001000000000000110101111111111111111001011100000000000000000000000000000000000000
0000000000000000000000010000000000110110001101011111111001011100000000000000000000000000000000000000
0000000000000000000000010000000000110110001011011111111001011100000000000000000000000000000000000000
0000000000000000000000010000000000110110000111111111111001011100000000000000000000000000000000000000
0000000000000000000000010000000000110111100111111111111001011100000000000000000000000000000000000000
0000000000000000000000010000000000110111011000111111111001011100000000000000000000000000000000000000
0000000000000000000000010000000000110110111000111111111001011100000000000000000000000000000000000000
0000000000000000000000010000000000110111111000111111111001011100000000000000000000000000000000000000
0000000000000000000000010000000000110110011111011111111001011100000000000000000000000000000000000000
1111111111111111111111111111111111111111111111100011111000000011111001000000000000000000000000000000
1111111111111111111111111111111111111111111111100010011000000011111001000000000000000000000000000000
1111111111111111111111111111111111111111111111100000111001011111111001000000000000000000000000000000
1111111111111111111111111111111111111111111111111001001000000011111001000000000000000000000000000000
1111111111111111111111111111111111111111111111110010111001011111111001000000000000000000000000000000
1111111111111111111111111111111111111111111111110101011001011111111001000000000000000000000000000000
1111111111111111111111111111111111111111111111111101100001011111111001000000000000000000000000000000
1111111111111111111111111111111111111111111111111111100001011111111001000000000000000000000000000000
0000000000000000000000000000000000000000000000000000000000111000000000000000000000000000000000000000
0000000000000000000000000000000000000000000000000000000000111000000000000000000000000000000000000000
1111111111111111111111111111111111111111111111100101111000011111111001000000000000000000000000000000
0000000000000000000000000000000000000000000000000000000110000100000000000000000000001111111000000000
1111111111111111111111111111111111111111111111100101111111000111111001000000000000000000000000000000
1111111111111111111111111111111111111111111111100101111111000111111001000000000000000000000000000000
1111111111111111111111111111111111111111111111100101111001111011111001000000000000001111111000000000
0000000001111010111111111111100000000000000000011111111001011100011101000000000000000000000000000000
0000000001111010111111111111100000000000000000011111111001011100001111000000000000000000000000000000
0000000001111010111111111111100000000000000000011111111001011100000110000000000000000000000000000000
0000000001111010111111111111100000000000000000011111111001011110001011000000000000000000000000000000
0000000001111010111111111111100000000000000000011111111001011111010000000000000000000000000000000000
0000000000000000000000000000000000000000000000000000000000000011100011000000000000000000000000000000
0000000000000000000000000000000000000000000000000000000000000001110101000000000000000000000000000000
0000000001111010111111111111100000000000000000011111111001011111010110000000000000000000000000000000
0000000000000000000000000000000000000000000000000000000000000000000000000101000000000000000000000000
0000000000000000000000000000000000000000000000000000000000000000000000000010100000000000000000000000
0000000000000000000000000000000000000000000000000000000000000000000000000001000000000000000000000000
0000000000000000000000000000000000000000000000000000000000000000000000100000100000000000000000000000
0000000000000000000000000000000000000000000000000000000000000000000000010000100000000000000000000000
0000000000000000000000000000000000000000000000000000000000000000000000101000011111110000000111111111
0000000000000000000000000000000000000000000000000000000000000000000000010110000000000000000000000000
0000000000000000000000000000000000000000000000000000000000000000000000000001000011110000000111111111
0000000000000000000000000000000000000000000000000000000000000000000000000001000001110000000111111111
0000000000000000000000000000000000000000000000000000000000000000000000000001000000110000000111111111
0000000000000000000000000000000000000000000000000000000000000000000000000001010000010000000000000000
0000000000000000000000000000000000000000000000000000000000000000000000000001011000110000000000000000
0000000000000000000000000000000000000000000000000000000000000000000000000001011101010000000000000000
0000000000000000000000000000000000000000000000000000000000000000000000000001011111100000000111111111
0000000000000000000000000000000000000000000000000000000000100100000000000000000000000011011000000000
0000000000000000000000000000000000000000000000000000000000100100000000000000000000000001111000000000
0000000000000000000000000000000000000000000000000000000000100100000000000000000000001000010000000000
0000000000000000000000000000000000000000000000000000000000100100000000000000000000001100001000000000
0000000000000000000000000000000000000000000000000000000000100100000000000000000000000100000000000000
0000000000000000000000000000000000000000000000000000000000100100000000000000000000001110001000000000
0000000000000000000000000000000000000000000000000000000000100100000000000000000000001101010000000000
0000000000000000000000000000000000000000000000000000000000000000000000000001011100010000000000011011
0000000000000000000000000000000000000000000000000000000000000000000000000001011100010000000000001001
0000000000000000000000000000000000000000000000000000000000000000000000000001011100010000000000000111
0000000000000000000000000000000000000000000000000000000000000000000000000001011100010000000000000111
0000000000000000000000000000000000000000000000000000000000000000000000000001011100010000000100000000
0000000000000000000000000000000000000000000000000000000000000000000000000001011100010000000110000001
0000000000000000000000000000000000000000000000000000000000000000000000000001011100010000000001100001
0000000000000000000000000000000000000000000000000000000000000000000000000001011100010000000101100001
0000000000000000000000000000000000000000000000000000000000000000000000000001011100010000000111101110
