01101000000000000111111000000000111111111110101010
10110000000000000111111000000000111111111110101010
11010110000000000111111000000000111111111110101010
01101111000000000111100000000000000001111110101010
10010100000000000111111000000000111111111110101010
00111000000000000111111000000000111111111110101010
00110000000000000111111000000000111111111110101010
00010000000000000111111000000000111111111110101010
00000000000101011111111000000000000110111110101010
00000000000010100111111000000000111111100010101010
00000000000000110011111000000000111111111110101010
00000000100001010111111000000000111111111110101010
00000000010000001111111000000000111111111110101010
00000000100100001111111000000000111111111110101010
00000000011000001111111000000000111111111110101010
00000000101100001111111000000000111111111110101010
00000000100011110111111000000000111111111110101010
11111111110111111011000000000000111111111110101010
11111111111111111101011000000000111111111110101010
11111111111111111110100000000000111111111100000000
11111111111111111001010000000000111111111110101010
11101111111111111010100000000000111111111100000000
11101111111111111010000000000000111111111100000000
00000000000000000000000011100000111101001100000000
00000000000000000000000101101101111111111100000000
00000000000000000000000110110000111111111100000000
00000000000000000000000111010000111111111100000000
00000000000000000000000001101111111111111000000000
00000000000000000000000010010100111111111100000000
00000000000000000000000010011010111111111100000000
00000000000000000000000000010100111111111100000000
00000000000000000000000010010000111111111100000000
11101111011111111111111111111111011110111110101010
11101111011111111111111111111111101110111110101010
11101111011111111111111111111111110110111110101010
11101111111111111111111111111111111010111110101010
11101111111111111111111011111111111100111110101010
11111111011111111111111111111111000000111110101010
11111111111111111111111011111111111111011010101010
11111111101111111111111011111111111111101010101010
11111111101111111111111111111111111111110110101010
11111111101111111111111111101111111111001010101010
11111111111111111110100000000000111111111100001101
00000000000000000000000000000000000000000000000100
11111111111111111110100000000000111111111100000011
00000000000000000000000000000000000000000000000011
11111111111111111110100000000000111111111110000001
00000000000000000000000000000000000000000011000001
11111111111111111110100000000000111111111100110001
00000000000000000000000000000000000000000010111110
