0111001110000000000000000000000000000001111111111111111110000000001110
1011100110000000000000000000000000000001111111111111111110000000000000
1101001111111100000000000000000000000001111111111111111110000000000000
1110011111111100000000000000000000000001111111111111111110000000000000
0100010111111100000000000000000000000001111111111111111110000000000000
0001100110000000000000000000000000000001111111111111111110000000000000
1011000110000000000000000000000000000001111111111111111110000000000000
1111111010000000000000000000000000000001111111111111111110000000000000
1111111101000000000000000000000000000001111111111111111110000000000000
0011100010110000000000000000000000000001111111111111111110000000000000
0011100001011000000000000000000000000001111111111111111110000000000000
0011100001101000000000000000000000000001111111111111111110000000000000
0011100000110100000000000000000000000001111111111111111110000000000000
0011100000001000000000000000000000000001111111111111111110000000000000
0000000000000001110000000000000000000001111111111111111110000000000000
0000000000000010111000000000000000000001111111111111111110000000000000
0000000000000011011101000000001111111111111111111111111110000000000000
0000000000000011101110000000001111111111111111111111111110000000000000
0000000000000001110000000000000000000001111111111111111110000000000000
0000000000000000110010000000000000000001111111111111111110000000000000
0000000000000000010101000000001111111111111111111111111110000000000000
0000000000000000100010000000000000000001111111111111111110000000000000
0000000000000000000000011100000000000001111111111111111110000000000000
0000000000000000000000101110010000000001111111111111111110000000000000
0000000000000000000000110110100000000001111111111111111110000000000000
0000000000000000000000111011000000000001111111111111111111111111100000
0000000000000000000000011101000000000001111111111111111110000000000000
0000000000000000000000000110000000000001111111111111111110000000000000
0000000000000000000000001000000000000001111111111111111111111111100000
0000000000000000000000010000000000000001111111111111111110000000000000
0000000000000000110010000000000000011111111111111111111110000000000000
0000000000000000110010000000000000010111111111111111111110000000000000
0000000000000000110010000000000000010011111111111111111110000000000000
0000000000000000110010000000000000001111111111111111111110000000000000
0000000000000000110010000000000000001011111111111111111110000000000000
0000000000000000110010000000001110000011111111111111111110000000000000
0000000000000000110010000000001001100001111111111111111110000000000000
0000000000000000110010000000001101000001111111111111111110000000000000
0000000000000000110010000000001111110001111111111111111110000000000000
1111111111111111111111111111111111111110000111111111111111111111100000
1111111111111111111111111111111111111110000111111111111111111111100000
1111111111111111111111111111111111111110000001011111111111111111100000
1111111111111111111111111111111111111110000001011111111111111111100000
1111111111111111111111111111111111111111100000111111111111111111100000
1111111111111111111111111111111111111111100000101111111111111111100000
1111111111111111111111111111111111111111111000111111111111111111100000
1111111111111111111111111111111111111111100111011111111111111111100000
1111111111111111111111111111111111111111111101101111111111111111100011
1111111111111111111111111111111111111111111111110111010101111111100000
1111111111111111111111111111111111111111111111111011011001111111100000
1111111111111111111111111111111111111111111111111101100001111111100000
1111111111111111111111111111111111111111111111111110100101111111101100
1111111111111111111111111111111111111111111111110011010001111111100000
1111111111111111111111111111111111111111111111111100101001111111100000
1111111111111111111111111111111111111111111111110100010011111111100000
1111111111111111111111111111111111111111111111111001000001111111100000
1111111111111111111111111111111111111111111111110000001001111111100000
0000000000000000000000000100100000000001111111111111111110001011100000
0000000000000000000000000100100000000001111111111111111110000111100000
0000000000000000000000000100100000000001111111111111111110000100100000
0000000000000000000000000100100000000001111111111111111111000001000000
0000000000000000000000000100100000000001111111111111111110110011100000
0000000000000000000000000100100000000001111111111111111111100101100000
0000000000000000000000000100100000000001111111111111111111101110100000
0000000000000000000000000100100000000001111111111111111111110111000000
0000000000000000000000000000000000000000000000000000000000000000000001
1000000000000000000000000000000000000000000000000001000000000000000000
1000000000000000000000000000000000000000000000000001000000000000000000
1000000000000000000000000000000000000000000000010000000000000000000001
0000000000000000000000000000000000000000000000010000000000000000010010
