000111111001111111000000001111111111111111100000000000000011
000111100000000000000000000000000000111110000000000000000000
000111100000000000000000000000000000111110000000000000000000
111000101110000000000000000000000000111110011111111100000000
111000100000000000000000000000000000111110011111111100000000
111000100000000000000000000000000000111110011111111100000000
111111000110000000000000000000000000111110011111111100000000
100000001010000000000000000000000000111110000000000000000000
100100010010000000000000000000000000111110000000000000000000
000100100010000000110100100000000000111110000000000000000011
000100111100000000000000000000000000111110000000000000000011
100000000000000111000000000000000001111111100000000000000000
100000000000000111000000000000000001111111100000000000000000
100000000000000010000000001111111110111110000000000000000000
100000000000000001000000001111111111111111100000000000000000
100000000001100001000000000000000001111111100000000000000000
100000000001110000000000000000000001111111100000000000000000
100000000001101100000000000000000000111110000000000000000000
000000000100000000000101110000000000111110000000000000000000
000000000100000000000010110000000000111110000000000000000000
000000000000000000000000000000000000111110000000000000000000
000000000100000000100001010000000000111110000000000000000000
000000000000000000010000110000000000111110000000000000000000
000000000000000000100100000000000000111110000000000000000000
000000000100000000110010010000000000111110000000000000000000
000000000000000000110110100000000000111110000000000000000000
100000000000011000000000000000110111111111100000000000000000
100000000000011000000000000000001111111111100000000000000000
100000000000011000000000000000001011111111100000000000000000
100000000000011000000000000000000011111111100000000000000000
100000000000011000000000001000010111111111100000000000000000
100000000000011000000000001000100111111111100000000000000000
100000000000011000000000000110000111111111100000000000000000
100000000000011000000000001100111011111111100000000000000000
100000000000011000000000001111111101111111100000000000000000
100000000001101110000000001111111110111110000000000000000000
111111111111111111111111111111111111011010011111111100000011
111111111111111111111111111111111111101101011111111100000011
111111111111111111111111111111111111110101111111111100000011
111111111111111111111111111111111111011010011111111100000011
111111111111111111111111111111111111100101111111111100000011
100000000001101110000000001111111110011010100000000000000000
100000000001101110000000001111111110001011000000000000000000
000111100000000000000000000000000000111110001110100100000000
000111100000000000000000000000000000111110010111010000000000
000111100000000000000000000000000000111110011011100000000000
000111100000000000000000000000000000111110011101110000000000
000111100000000000000000000000000000111110001110101000000000
000111100000000000000000000000000000111110010111011000000000
000111100000000000000000000000000000111110001010101000000000
000111100000000000000000000000000000111110000001110000000000
000111100000000000000000000000000000111110010000000000000000
000000000000000000000000000000000000000000000000000000010111
000000000000000000000000000000000000000000000000000000001111
000000000000000000000000000000000000000000000000000000000111
000000000000000000000000000000000000000000000000000010000111
000000000000000000000000000000000000000000000000000001000001
000000000000000000000000000000000000000000000000000011110010
100000000110000000000000000000000000111110000000000011110101
100000000110000000000000000000000000111110000000000011111010
