01101101111111110000000000001010100111111111000000001111111111111000011111111111111111111111111111111111111000000001111111111111111110000000001111110000000000000000011111111100000000011111111000000000
10110000111111110000011111111010100111111111000000001111111111111000011111111111111111111111111111111111111000000001111111111111111110000000001111110000000000000000011111111100000000011111111000000000
11011010111111110000000000000000000011111111000000001111111111111000011111111111111111111111111111111111111000000001111111111111111110000000001111110000000000000000011111111100000000011111111000000000
01101110111111110000000000001010100111111111000000001111111111111000011111111111111111111111111111111111111000000001111111111111111110000000001111110000000000000000011111111100000000011111111000000000
10110110111111110000000000000000000011111111000000001111111111111000011111111111111111111111111111111111111000000001111111111111111110000000001111110000000000000000011111111100000000011111111000000000
10011001111111110000000000000000000011111111000000001111111111111000011111111111111111111111111111111111111000000001111111111111111110000000001111110000000000000000011111111100000000011111111000000000
00111000111111110000000000000000000011111111000000001111111111111000011111111111111111111111111111111111111000000001111111111111111110000000001111110000000000000000011111111100000000011111111000000000
10000100111111110000000000001010100111111111000000001111111111111000011111111111111111111111111111111111111000000001111111111111111110000000001111110000000000000000011111111100000000011111111000000000
11111111011100000110100000001010100111111111000000001111111111111000011111111111111111111111111111111111111000000001111111110000000000000000001111110000000000000000011111111100000000011111111000000000
11111111101110000000000000001010100111111111000000001111111111111000011111111111111111111111111111111111111000000001111111110000000000000000001111110000000000000000011111111100000000011111111000000000
11111111110101000000000000001010100111111111000000001111111111111000011111111111111111111111111111111111111000000001111111111111111110000000001111110000000000000000011111111100000000011111111000000000
11111111111010110100010000111010100111111111000000001111111111111000011111111111111111111111111111111111111000000001111111111111111110000000001111110000000000000000011111111100000000011111111000000000
11111111010100000000000000001010100111111111000000001111111111111000011111111111111111111111111111111111111000000001111111111111111110000000001111110000000000000000011111111100000000011111111000000000
11111111001000000000000000001010100111111111000000001111111111111000011111111111111111111111111111111111111000000001111111110000000000000000001111110000000000000000011111111100000000011111111000000000
11111111000100000000000000001010100111111111000000001111111111111000011111111111111111111111111111111111111000000001111111110000000000000000001111110000000000000000011111111100000000011111111000000000
11111111000100000000000000001010100111111111000000001111111111111000011111111111111111111111111111111111111000000001111111110000000000000000001111110000000000000000011111111100000000011111111000000000
00000000000000000001110000000000000011111111000000001111111111111000011111111111111111111111111111111111111000000001111111110000000000000000001111110000000000000000011111111100000000011111111000000000
00000000100100000000010000000000000011111111000000001111111111111000001111111111111111111111111111111111111000000001111111110000000000000000001111110000000000000000011111111100000000011111111000000000
00000000100000000000110000000000000011111111000000001111111111111000011111111111111111111111111111111111111000000001111111110000000000000000001111110000000000000000011111111100000000011111111000000000
00000000000000001000100000000000000011111111000000001111111111111000011111111111111111111111111111111111111000000001111111110000000000000000001111110000000000000000011111111100000000011111111000000000
00000000100000001011010000000000000011111111000000001111111111111000011111111111111111111111111111111111111000000001111111110000000000000000001111110000000000000000011111111100000000011111111000000000
01000000000100001110101010110000000011111111000000001111111111111000011111111111111111111111111111111111111000000001111111110000000000000000001111110000000000000000011111111100000000011111111000000000
01000000000000000000010001000000000011111111000000001111111111111000000011111111111111111100110111111111111000000001111111110000000000000000001111110000000000000000011111111100000000011111111000000000
01000000000000000000000000110000000011111111000000001111111111111000011111111111111111111111101111111111111000000001111111110000000000000000001111110000000000000000011111111100000000011111111000000000
01000000000000000000010000010000000011111111000000001111111111111000011000111111111111111101110111111111111000000001111111110000000000000000001111110000000000000000011111111100000000011111111000000000
01000000000000000000001000000000000011111111000000001111111111111000011111111111111111111111111111111111111000000001111111110000000000000000001111110000000000000000011111111100000000011111111000000000
01000000000100000000010100000000000011111111000000001111111111111000011111111111111111111111111111111111111000000001111111110000000000000000001111110000000000000000011111111100000000011111111000000000
01000000000100000000010110000000000011111111000000001111111111111000011111111111111111111111111111111111111000000001111111110000000000000000001111110000000000000000011111111100000000011111111000000000
11010001111111110000000000000000111111111111000000001111111111111000011111111111111111111111111111111111111000000001111111111111111110000000001111110000000000000000011111111100000000011111111000000000
00000000000000000000000000000000111111111111000000001111111111111000011111111111111111111111111111111111111000000001111111110000000000000000001111110000000000000000011111111100000000011111111000000000
11010001111111110000000000000000000111111111000000001111111111111000011111111111111111111111111111111111111000000001111111111111111110000000001111110000000000000000011111111100000000011111111000000000
00000000000000000000000000000000011011111111000000001111111111111000011111111111111111111111111111111111111000000001111111110000000000000000001111110000000000000000011111111100000000011111111000000000
11010001111111110000000000001100001111111111000000001111111111111000011111111111111111111111111111111111111000000001111111111111111110000000001111110000000000000000011111111100000000011111111000000000
00000000000000000000000000001101001111111111000000001111111111111000011111111111111111111111111111111111111000000001111111110000000000000000001111110000000000000000011111111100000000011111111000000000
00000000000000000000000000001101110111111111000000001111111111111000011111111111111111111111111111111111111000000001111111110000000000000000001111110000000000000000011111111100000000011111111000000000
11010001111111110000000000001110111011111111000000001111111111111000011111111111111111111111111111111111111000000001111111111111111110000000001111110000000000000000011111111100000000011111111000000000
11111111111111111111111111111111111101101101000000001111111111111000011111111111110000111111111111111111100000000001111111111111111110000000001111110000000000000000011111111100000000011111111000000000
11111111111111111111111111111111111110110000000000001111111111111000011111111111110000111111111111111111111000000001111111111111111110000000001111110000000000000000011111111100000000011111111000000000
11111111111111111111111111111111111111010010000000001111111111111000011111111111110000111111111111111111111000000001111111111111111110000000001111110000000000000000011111111100000000011111111000000000
11111111111111111111111111111111111101101100000000001111111111111000011111111111111111111111111111111110001000000001111111111111111110000000001111110000000000000000011111111100000000011111111000000000
11111111111111111111111111111111111110010001000000001111111111111000011111111111111111111111111111111111111000000001111111111111111110000000001111110000000000000000011111111100000000011111111000000000
11111111111111111111111111111111111110010010000000001111111111111000011111111111110000111111111111111111111000000001111111111111111110000000001111110000000000000000011111111100000000011111111000000000
11111111111111111111111111111111111100100100000000001111111111111000011111111111110000111111111111111111111000000001111111111111111110000000001111110000000000000000011111111100000000011111111000000000
11111111111111111111111111111111111110001000000000001111111111111000011111111111110000111111111111111111111000000001111111111111111110000000001111110000000000000000011111111100000000011111111000000000
00000000000000000000000000000000000000000000011000001111111111111111111111111111110000111111111111111110101000000001111111110000000000000000001111110000000000000000011111111100000000011111111000000000
00000000000000000000000000000000000000000000101001001111111111111111111111111111110000111111111111111111111000000001111111110000000000000000001111110000000000000000011111111100000000011111111000000000
00000000000000000000000000000000000000000000110110001111111111111111111111111111110000111111111111111111111000000001111111110000000000000000001111110000000000000000011111111100000000011111111000000000
00000000000000000000000000000000000000000000001010001111111111111000011111111111110000111111111111111111110000000001111111110000000000000000001111110000000000000000011111111100000000011111111000000000
00000000000000000000000000000000000000000000001100111111111111111000011111111111110000111111111111111111111000000001111111110000000000000000001111110000000000000000011111111100000000011111111000000000
00000000000000000000000000000000000000000000010000001111111111111000011111111111110000111111111111111110001000000001111111110000000000000000001111110000000000000000011111111100000000011111111000000000
00000000000000000000000000000000000000000000000010001111111111111000001000111111110000111111111111111111111000000001111111110000000000000000001111110000000000000000011111111100000000011111111000000000
00000000000000000000000000000000000000000000000010001111111111111000011111111111110000111111111111111111111000000001111111110000000000000000001111110000000000000000011111111100000000011111111000000000
11111111111111111111111111111111111111111111111111110111010001111111111111111111111111111111111111111111111000000001111111111111111110000000001111110000000000000000011111111100000000011111111000000000
11111111111111111111111111111111111111111111111111111011101101111111111111111111111111111111111111111111111000000001111111111111111110000000001111110000000000000000011111111100000000011111111000000000
11111111111111111111111111111111111111111111111111111101101101111111111111111111111111111111111111111111111000000001111111111111111110000000001111110000000000000000011111111100000000011111111000000000
11111111111111111111111111111111111111111111111111111110111011111111111111111111111111111111111111111111111000000001111111111111111110000000001111110000000000000000011111111100000000011111111000000000
11111111111111111111111111111111111111111111111111110111010001111111111111111111111111111111111111111111111000000001111111111111111110000000001111110000000000000000011111111100000000011111111000000000
11111111111111111111111111111111111111111111111111111001100011111111111111111111111111111111111111111111111000000001111111111111111110000000001111110000000000000000011111111100000000011111111000000000
11111111111111111111111111111111111111111111111111110111000101111111111111111111111111111111111111111111111000000001111111111111111110000000001111110000000000000000011111111100000000011111111000000000
11111111111111111111111111111111111111111111111111110110001001111111111111111111111111111111111111111111111000000001111111111111111110000000001111110000000000000000011111111100000000011111111000000000
11111111111111111111111111111111111111111111111111110001010001111111111111111111111111111111111111111111111000000001111111111111111110000000001111110000000000000000011111111100000000011111111000000000
11111111111111111111111111111111111111111111111111111111111110100100011111111111111111111111111111111111111000000001111111111111111110000000001111110000000000000000011111111100000000011111111000000000
11111111111111111111111111111111111111111111111111111111111111011010011111111111111111111111111111111111111000000001111111111111111110000000001111110000000000000000011111111100000000011111111000000000
11111111111111111111111111111111111111111111111111111111111110100101011111111111111111111111111111111111111000000001111111111111111110000000001111110000000000000000011111111100000000011111111000000000
11111111111111111111111111111111111111111111111111111111111110100111011111111111111111111111111111111111111000000001111111111111111110000000001111110000000000000000011111111100000000011111111000000000
00000000000000000000000000000000000000000000111000001111111111011010011111111111110000111111111111111111111000000001111111110000000000000000001111110000000000000000011111111100000000011111111000000000
00000000000000000000000000000000000000000000111000001111111110101100011111111111110000111111111111111111111000000001111111110000000000000000001111110000000000000000011111111100000000011111111000000000
00000000000000000000000000000000000000000000111000001111111110011000011111111111110000111111111111111111111000000001111111110000000000000000001111110000000000000000011111111100000000011111111000000000
00000000000000000000000000000000000000000000111000001111111110000000011111111111110000111111111111111111111000000001111111110000000000000000001111110000000000000000011111111100000000011111111000000000
11111111111111111011110111111111111111111111111111011111111111111111101000111111111111111111111111111111111000000001111111111111111110000000001111110000000000000000011111111100000000011111111000000000
11111111111111111111110111111111111111111111111111111111111111111111110000111111111111111111111111111111111000000001111111111111111110000000001111110000000000000000011111111100000000011111111000000000
11111111111111111111110101111111111111111111111111011111111111111111100010111111111111111111111111111111111000000001111111111111111110000000001111110000000000000000011111111100000000011111111000000000
11111111111111111111111101111111111111111111111111011111111111111111100100111111111111111111111111111111111000000001111111111111111110000000001111110000000000000000011111111100000000011111111000000000
11111111111111111111111101111111111111111111111111011111111111111111100000111111111111111111111111111111111000000001111111111111111110000000001111110000000000000000011111111100000000011111111000000000
11111111111111111111111111111111111111111111111111111111111111111111111111011011001111111111111111111111111000000001111111111111111110000000000000000000000000000000011111111100000000011111111000000000
11111111111111111111111111111111111111111111111111111111111111111111111111101100011111111111111111111111111000000001111111111111111110000000001111110000000000000000011111111100000000011111111000000000
11111111111111111111111111111111111111111111111111111111111111111111111111110100111111111111111111111111111000000001111111111111111110000000000000000000000000000000011111111100000000011111111000000000
11111111111111111111111111111111111111111111111111111111111111111111111111011011011111111111111111111111111000000001111111111111111110000000000000000000000000000000011111111100000000011111111000000000
11111111111111111111111111111111111111111111111111111111111111111111111111100101101111111111111111111111111000000001111111111111111110000000000000000000000000000000011111111100000000011111111000000000
11111111111111111111111111111111111111111111111111111111111111111111111111100110101111111111111111111111111000000001111111111111111110000000000000000000000000000000011111111100000000011111111000000000
11111111111111111111111111111111111111111111111111111111111111111111111111001011001111111111111111111111111000000001111111111111111110000000000000000000000000000000011111111100000000011111111000000000
11111111111111111111111111111111111111111111111111111111111111111111111111011100001111111111111111111111111000000001111111111111111110000000000000000000000000000000011111111100000000011111111000000000
11111111111111111111111111111111111100011000000000001111111111111000011111111111110110000111111111111111111000000001111111111111111110000000001111110000000000000000011111111100000000011111111000000000
11111111111111111111111111111111111100011000000000001111111111111000011111111111111011100111111111111111111000000001111111111111111110000000001111110000000000000000011111111100000000011111111000000000
11111111111111111111111111111111111100011000000000001111111111111000011111111111111101100111111111111111111000000001111111111111111110000000001111110000000000000000011111111100000000011111111000000000
11111111111111111111111111111111111100011000000000001111111111111000011111111111110110111111111111111111111000000001111111111111111110000000001111110000000000000000011111111100000000011111111000000000
11111111111111111111111111111111111111111111111111111111111111111111111111111111110111000111111111111111111000000001111111111111111110000000001111110000000000000000011111111100000000011111111000000000
11111111111111111111111111111111111111111111111111111111111111111111111111111111110001000111111111111111111000000001111111111111111110000000001111110000000000000000011111111100000000011111111000000000
11111111111111111111111111111111111111111111111111111111111111111111111111111111110001000111111111111111111000000001111111111111111110000000001111110000000000000000011111111100000000011111111000000000
11111111111111111111111111111111111111111111111111111111111111111111111111111111111111111011000111111111111000000001111111111111111110000000001111110000000000000000011111111100000000011111111000000000
11111111111111111111110101111111111111111111111111111111111111111111111111111111111111111101110111111111111000000001111111111111111110000000001111110000000000000000011111111100000000011111111000000000
11111111111111111111110111111111111111111111111111111111111111111111111111111111111111111110111111111111111000000001111111111111111110000000001111110000000000000000011111111100000000011111111000000000
11111111111111111111111111111111111111111111111111111111111111111111111111111111111111111011001111111111111000000001111111111111111110000000001111110000000000000000011111111100000000011111111000000000
11111111111111111111111011111111111111111111111111111111111111111111111111111111111111111011000111111111111000000001111111111111111110000000001111110000000000000000011111111100000000011111111000000000
11111111111111111111110101111111111111111111111111111111111111111111111111111111111111111001100111111111111000000001111111111111111110000000001111110000000000000000011111111100000000011111111000000000
11111111111111111111111111111111111111111111111111111111111111111111111111111111111111111111111011100001111000000000000000001111111110000000001111110000000000000000011111111100000000011111111000000000
11111111111111111111111111111111111111111111111111111111111111111111111111111111111111111111111101110001111000000000000000001111111110000000001111110000000000000000011111111100000000011111111000000000
11111111111111111111111111111111111111111111111111111111111111111111111111111111111111111111111110101001111000000001111111111111111110000000001111110000000000000000011111111100000000011111111000000000
11111111111111111111111111111111111111111111111111111111111111111111111111111111111111111111111111011001111000000001111111111111111110000000001111110000000000000000011111111100000000011111111000000000
11111111111111111111111111111111111111111111111111111111111111111111111111111111111111111111111010100101111000000001111111111111111110000000001111110000000000000000011111111100000000011111111000000000
11111111111111111111111111111111111111111111111111111111111111111111111111111111111111111111111001100001111000000000000000001111111110000000001111110000000000000000011111111100000000011111111000000000
11111111111111111111111111111111111111111111111111111111111111111111111111111111111111111111111000010011111000000001111111111111111110000000001111110000000000000000011111111100000000011111111000000000
11111111111111111111111111111111111111111111111111111111111111111111111111111111111111111111111000000101111000000000000000001111111110000000001111110000000000000000011111111100000000011111111000000000
11111111111111111111111111111111111111101111011110111111111111111111111111111111111111111111111111111110100000000001111111111111111110000000001111110000000000000000011111111100000000011111111000000000
11111111111111111111111111111111111111101111111110111111111111111111111111111111111111111111111111111111000000000001111111111111111110000000001111110000000000000000011111111100000000011111111000000000
11111111111111111111111111111111111101101111011110111111111111111111111111111111111111111111111111111110000000000001111111111111111110000000001111110000000000000000011111111100000000011111111000000000
11111111111111111111111111111111111101111111111011111111111111111111111111111111111111111111111111111110000000000001111111111111111110000000001111110000000000000000011111111100000000011111111000000000
00000000000000000000000000000000000000000000000000000000000000000000000000000000000000000000000000000000000000100110000000000000000000000000000000000000010010000000011111111100000000011111111000000000
00000000000000000000000000000000000000000000000000000000000000000000000000000000000000000000000000000000000000010100000000000000000000000000000000000000010010000000011111111100000000011111111000000000
00000000000000000000000000000000000000000000000000000000000000000000000000000000000000000000000000000000000000001110000000000000000000000000000000000000000000000000011111111100000000011111111000000000
00000000000000000000000000000000000000000000000000000000000000000000000000000000000000000000000000000000000100000110000000000000000000000000000000000000010010000000011111111100000000011111111000000000
00000000000000000000000000000000000000000000000000000000000000000000000000000000000000000000000000000000000010000010000000000000000000000000000000000000010010000000011111111100000000011111111000000000
00000000000000000000000000000000000000000000000000000000000000000000000000000000000000000000000000000000000001000010000000000000000000000000000000000000000000000000011111111100000000011111111000000000
00000000000000000000000000000000000000000000000000000000000000000000000000000000000000000000000000000000000111100010000000000000000000000000000000000000000000000000011111111100000000011111111000000000
00000000000000000000000000000000000000000000000000000000000000000000000000000000000000000000000000000000000101111100000000000000000000000000000000000000000000000000011111111100000000011111111000000000
11111111111111111111111111111111111111111111111111111111111111111111111111111111111111111111111001110101111000000000000101011111111110000000001111110000000000000000011111111100000000011111111000000000
11111111111111111111111111111111111111111111111111111111111111111111111111111111111111111111111001110101111000000000000010111111111110000000001111110000000000000000011111111100000000011111111000000000
11111111111111111111111111111111111111111111111111111111111111111111111111111111111111111111111001110101111000000000000001101111111110000000001111110000000000000000011111111100000000011111111000000000
11111111111111111111111111111111111111111111111111111111111111111111111111111111111111111111111001110101111000000000000001011111111110000000001111110000000000000000011111111100000000011111111000000000
11111111111111111111111111111111111111111111111111111111111111111111111111111111111111111111111001110101111000000001000000001111111110000000001111110000000000000000011111111100000000011111111000000000
11111111111111111111111111111111111111111111111111111111111111111111111111111111111111111111111001110101111000000000100000111111111110000000001111110000000000000000011111111100000000011111111000000000
11111111111111111111111111111111111111111111111111111111111111111111111111111111111111111111111001110101111000000001011000001111111110000000001111110000000000000000011111111100000000011111111000000000
11111111111111111111111111111111111111111111111111111111111111111111111111111111111111111111111001110101111000000000110010001111111110000000001111110000000000000000011111111100000000011111111000000000
11111111111111111111111111111111111111111111111111111111111111111111111111111111111111111111111001110101111000000001101010001111111110000000001111110000000000000000011111111100000000011111111000000000
11111111001110000000000000001010100111111111000000001111111111111000011111111111111111111111111111111111111000000001111111110001101110000000001111110000000000000000011111111100000000011111111000000000
11111111001110000000000000001010100111111111000000001111111111111000011111111111111111111111111111111111111000000001111111110000111110000000001111110000000000000000011111111100000000011111111000000000
11111111001110000000000000001010100111111111000000001111111111111000011111111111111111111111111111111111111000000001111111110000011110000000001111110000000000000000011111111100000000011111111000000000
11111111001110000000000000001010100111111111000000001111111111111000011111111111111111111111111111111111111000000001111111111000000110000000001111110000000000000000011111111100000000011111111000000000
11111111001110000000000000001010100111111111000000001111111111111000011111111111111111111111111111111111111000000001111111111100000100000000001111110000000000000000011111111100000000011111111000000000
11111111001110000000000000001010100111111111000000001111111111111000011111111111111111111111111111111111111000000001111111110110001010000000001111110000000000000000011111111100000000011111111000000000
11111111001110000000000000001010100111111111000000001111111111111000011111111111111111111111111111111111111000000001111111111110010010000000001111110000000000000000011111111100000000011111111000000000
11111111001110000000000000001010100111111111000000001111111111111000011111111111111111111111111111111111111000000001111111111111100000000000001111110000000000000000011111111100000000011111111000000000
11111111001110000000000000001010100111111111000000001111111111111000011111111111111111111111111111111111111000000001111111111111011000000000001111110000000000000000011111111100000000011111111000000000
00000000000000000000000000000000000000000000000000000000000000000000000000000000000000000000000000000000000000000000000000000000000000001011110000000000000000000000011111111100000000011111111000000000
00000000000000000000000000000000000000000000000000000000000000000000000000000000000000000000000000000000000000000000000000000000000000000101110000000000000000000000011111111100000000011111111000000000
00000000000000000000000000000000000000000000000000000000000000000000000000000000000000000000000000000000000000000000000000000000000000000000000000000000000000000000011111111100000000011111111000000000
00000000000000000000000000000000000000000000000000000000000000000000000000000000000000000000000000000000000000000000000000000000000001000010010000000000000000000000011111111100000000011111111000000000
00000000000000000000000000000000000000000000000000000000000000000000000000000000000000000000000000000000000000000000000000000000000000100001100000000000000000000000011111111100000000011111111000000000
00000000000000000000000000000000000000000000000000000000000000000000000000000000000000000000000000000000000000000000000000000000000001001000010000000000000000000000011111111100000000011111111000000000
00000000000000000000000000000000000000000000000000000000000000000000000000000000000000000000000000000000000000000000000000000000000001100100110000000000000000000000011111111100000000011111111000000000
00000000000000000000000000000000000000000000000000000000000000000000000000000000000000000000000000000000000000000000000000000000000001100101000000000000000000000000011111111100000000011111111000000000
00000000000000000000000000000000000000000000000000000000000000000000000000000000000000000000000000000000000000000000000000000000000001101011000000000000000000000000011111111100000000011111111000000000
11111111111111111111111111111111111111111111111111111111111111111111111111010000001111111111111111111111111000000001111111111111111110000000000000110000000000000000011111111100000000011111111000000000
11111111111111111111111111111111111111111111111111111111111111111111111111010000001111111111111111111111111000000001111111111111111110000000000000101000000000000000011111111100000000011111111000000000
11111111111111111111111111111111111111111111111111111111111111111111111111010000001111111111111111111111111000000001111111111111111110000000000000011000000000000000011111111100000000011111111000000000
11111111111111111111111111111111111111111111111111111111111111111111111111010000001111111111111111111111111000000001111111111111111110000000000000001000000000000000011111111100000000011111111000000000
11111111111111111111111111111111111111111111111111111111111111111111111111010000001111111111111111111111111000000001111111111111111110000000001100011000000000000000011111111100000000011111111000000000
11111111111111111111111111111111111111111111111111111111111111111111111111010000001111111111111111111111111000000001111111111111111110000000001010100000000000000000011111111100000000011111111000000000
00000000000000000000000000000000000000000000000000000000000000000000000000000000000000000000000000000000000000000000000000000000000000000000000111100000000000000000011111111100000000011111111000000000
00000000000000000000000000000000000000000000000000000000000000000000000000000000000000000000000000000000000000000000000000000000000000000000000000000001011100000000011111111100000000011111111000000000
00000000000000000000000000000000000000000000000000000000000000000000000000000000000000000000000000000000000000000000000000000000000000000000000000000000101110000000011111111100000000011111111000000000
00000000000000000000000000000000000000000000000000000000000000000000000000000000000000000000000000000000000000000000000000000000000000000000000000000100000010000000011111111100000000011111111000000000
00000000000000000000000000000000000000000000000000000000000000000000000000000000000000000000000000000000000000000000000000000000000000000000000000000010001100000000011111111100000000011111111000000000
00000000000000000000000000000000000000000000000000000000000000000000000000000000000000000000000000000000000110110000000000000000000000000000000000000100000010000000011111111100000000011111111000000000
00000000000000000000000000000000000000000000000000000000000000000000000000000000000000000000000000000000000000000000000000000000000000000000000000000110100110000000011111111100000000011111111000000000
00000000000000000000000000000000000000000000000000000000000000000000000000000000000000000000000000000000000000000000000000000000000000000000000000000110101010000000011111111100000000011111111000000000
00000000000000000000000000000000000000000000000000000000000000000000000000000000000000000000000000000000000110110000000000000000000000000000000000000011011100000000011111111100000000011111111000000000
00000000000000000000000000000000000000000000000000000000000000000000000000000000000000000000000000000000000000000000000000000000000000000000000000000000000000000101111111111100000000011111111000000000
00000000000000000000000000000000000000000000000000000000000000000000000000000000000000000000000000000000000000000000000000000000000000000000000000000000000000000101111111111100000000011111111000000000
00000000000000000000000000000000000000000000000000000000000000000000000000000000000000000000000000000000000000000000000000000000000000000000000000000000000000000011011111111100000000011111111000000000
00000000000000000000000000000000000000000000000000000000000000000000000000000000000000000000000000000000000000000000000000000000000000000000000000000000000000000011011111111100000000011111111000000000
00000000000000000000000000000000000000000000000000000000000000000000000000000000000000000000000000000000000000000000000000000000000000000000000000000000000001100000111111111100000000011111111000000000
00000000000000000000000000000000000000000000000000000000000000000000000000000000000000000000000000000000000000000000000000000000000000000000000000000000000000011000011111111100000000011111111000000000
00000000000000000000000000000000000000000000000000000000000000000000000000000000000000000000000000000000000000000000000000000000000000000000000000000000000001111000111111111100000000011111111000000000
00000000000000000000000000000000000000000000000000000000000000000000000000000000000000000000000000000000000000000000000000000000000000000000000000000000000001100101011111111100000000011111111000000000
11111111111111111111111111111111111111111111111111111111111111111111111111111111111111111111111111111111111111111111111111111111111111111111111111111111111111111111100010111100000000011111111000000000
11111111111111111111111111111111111111111111111111111111111111111111111111111111111111111111111111111111111111111111111111111111111111111111111111111111111111111111100001011100000000011111111000000000
11111111111111111111111111111111111111111111111111111111111111111111111111111111111111111111111111111111111111111111111111111111111111111111111111111111111111111111100000111100000000011111111000000000
11111111111111111111111111111111111111111111111111111111111111111111111111111111111111111111111111111111111111111111111111111111111111111111111111111111111111111111110000100100000000011111111000000000
11111111111111111111111111111111111111111111111111111111111111111111111111111111111111111111111111111111111111111111111111111111111111111111111111111111111111111111101000011100000000011111111000000000
11111111111111111111111111111111111111111111111111111111111111111111111111111111111111111111111111111111111111111111111111111111111111111111111111111111111111111111110110000100000000011111111000000000
11111111111111111111111111111111111111111111111111111111111111111111111111111111111111111111111111111111111111111111111111111111111111111111111111111111111111111111111101001000000000011111111000000000
11111111111111111111111111111111111111111111111111111111111111111111111111111111111111111111111111111111111111111111111111111111111111111111111111111111111111111111111101010000000000011111111000000000
11111111111111111111111111111111111111111111111111111111111111111111111111111111111111111111111111111111111111111111111111111111111111111111111111111111111111111111111111100000000000011111111000000000
00000000000000000000000000000000000000000000000000000000000000000000000000000000000000000000000000000000000000000000000000000000000000000000000000000000000000000000000000000000001011011111111000000000
00000000000000000000000000000000000000000000000000000000000000000000000000000000000000000000000000000000000000000000000000000000000000000000000000000000000000000000000000000000000111111111111000000000
00000000000000000000000000000000000000000000000000000000000000000000000000000000000000000000000000000000000000000000000000000000000000000000000000000000000000000000000000000000000111111111111000000000
00000000000000000000000000000000000000000000000000000000000000000000000000000000000000000000000000000000000000000000000000000000000000000000000000000000000000000000000000000000000000111111111000000000
00000000000000000000000000000000000000000000000000000000000000000000000000000000000000000000000000000000000000000000000000000000000000000000000000000000000000000000000000000010000000111111111000000000
00000000000000000000000000000000000000000000000000000000000000000000000000000000000000000000000000000000000000000000000000000000000000000000000000000000000000000000000000000001100001111111111000000000
00000000000000000000000000000000000000000000000000000000000000000000000000000000000000000000000000000000000000000000000000000000000000000000000000000000000000000000000000000011100000111111111000000000
00000000000000000000000000000000000000000000000000000000000000000000000000000000000000000000000000000000000000000000000000000000000000000000000000000000000000000000000000000011100100111111111000000000
00000000000000000000000000000000000000000000000000000000000000000000000000000000000000000000000000000000000000000000000000000000000000000000000000000000000000000000000000000001111111011111111000000000
11111111111111111111111111111111111111111111111111111111111111111111111111111111111111111111111111111111111111111111111111111111111111111111111111111111111111111111111111111111111111100011111000000000
11111111111111111111111111111111111111111111111111111111111111111111111111111111111111111111111111111111111111111111111111111111111111111111111111111111111111111111111111111111111111100011101000000000
11111111111111111111111111111111111111111111111111111111111111111111111111111111111111111111111111111111111111111111111111111111111111111111111111111111111111111111111111111111111111100001111000000000
11111111111111111111111111111111111111111111111111111111111111111111111111111111111111111111111111111111111111111111111111111111111111111111111111111111111111111111111111111111111111111000011000000000
11111111111111111111111111111111111111111111111111111111111111111111111111111111111111111111111111111111111111111111111111111111111111111111111111111111111111111111111111111111111111111100011000000000
11111111111111111111111111111111111111111111111111111111111111111111111111111111111111111111111111111111111111111111111111111111111111111111111111111111111111111111111111111111111111111100011000000000
11111111111111111111111111111111111111111111111111111111111111111111111111111111111111111111111111111111111111111111111111111111111111111111111111111111111111111111111111111111111111110111101000000000
11111111111111111111111111111111111111111111111111111111111111111111111111111111111111111111111111111111111111111111111111111111111111111111111111111111111111111111111111111111111111111111110000000000
00000000000000000000000000000000000000000000000000000000000000000000000000000000000000000000000000000000000000000000000000000000000000000000000000000000000000000000000000000000000000000000000000111111
00000000000000000000000000000000000000000000000000000000000000000000000000000000000000000000000000000000000000000000000000000000000000000000000000000000000000000000000000000000000000000000000000011111
00000000000000000000000000000000000000000000000000000000000000000000000000000000000000000000000000000000000000000000000000000000000000000000000000000000000000000000000000000000000000000000000000011111
00000000000000000000000000000000000000000000000000000000000000000000000000000000000000000000000000000000000000000000000000000000000000000000000000000000000000000000000000000000000000000000000100001100
00000000000000000000000000000000000000000000000000000000000000000000000000000000000000000000000000000000000000000000000000000000000000000000000000000000000000000000000000000000000000000000000111000011
00000000000000000000000000000000000000000000000000000000000000000000000000000000000000000000000000000000000000000000000000000000000000000000000000000000000000000000000000000000000000000000000111100011
00000000000000000000000000000000000000000000000000000000000000000000000000000000000000000000000000000000000000000000000000000000000000000000000000000000000000000000000000000000000000000000000111100001
00000000000000000000000000000000000000000000000000000000000000000000000000000000000000000000000000000000000000000000000000000000000000000000000000000000000000000000000000000000000000000000000111011000
00000000000000000000000000000000000000000000000000000000000000000000000000000000000000000000000000000000000000000000000000000000000000000000000000000000000000000000000000000000000000000000000111011100
