011011000000000000000011111111
101100000000011111111111111111
110110000000000000000011111111
011011000000000000000011111111
101101000000000000000000000000
100110000000000000000011111111
000000010100100000000000000000
000000101101000000000000000000
000000010110000000000000000000
000000111010100000000000000000
000000001100000000000000000000
000000010000000000000000000000
000000100100000000000000000000
010000000000001101000000000000
010000000000010110011100000000
010000000000011011000000000000
010000000000001101100000000000
010000000000010110110000000000
010000000000000011000000000000
010000000000001001001000000000
010000000000001000010100000000
010000000000001000001000000000
111101000000000000000001101100
111101000000000000000010110000
111101000000000000000011010000
111101000000000000000001101000
111101000000000000000010010100
111101000000000000000010001000
111101000000000000000000000000
111101000000000000000000000000
