001111111111100000001111111110000010000000111111110000000001111111000000000111111111111111111111111100000000011110100111111111111111000000000000000000
000011111111100000001111111110000000000000111111110000000001111111000000000111111111111111111111111100000000011110100111111111111111000000000000000000
100011111111100000001111111110000010000000111111110000000001111111000000000111111111111111111111111100000000011110100111111111111111000000000000000000
100011111111100000001111111110000010000000111111110000000001111111000000000111111111111111111111111100000000011110100111111110111110000000000000000000
111101110110000000001111111110000010000000111111110000000001111111000000000111111111111111111111111100000000011110100111111110111110000000000000000000
111110111000000000001111111110000010000000111111110000000001111111000000000111111111111111111111111100000000011110100111111110111110000000000000000000
111111011001000000001111111110000010000000111111110000000001111111000000000111111111111111111111111100000000011110100111111110111110000000000000000000
111111101100100000001111111110000010000000111111110000000001111111000000000111111111111111111111111100000000011110100111111110111110000000000000000000
111101110111100000001111111110000010000000111111110000000001111111000000000111111111111111111111111100000000011110100111111110111110000000000000000000
111110011000000000001111111110000010000000111111110000000001111111000000000111111111111111111111111100000000011110100111111110111110000000000000000000
111110001001000000001111111110000010000000111111110000000001111111000000000111111111111111111111111100000000011110100111111110111110000000000000000000
111100101010000000001111111110000010000000111111110000000001111111000000000111111111111111111111111100000000011110100111111110111110000000000000000000
111100011000000000001111111110000010000000111111110000000001111111000000000111111111111111111111111100000000011110100111111110111110000000000000000000
000000000000001101011111111110000001100001111111110000000001111111000000000111111111111111111111111100000000011110100111111110111110000000000000000000
000000000000010110011111111110000001100001111111110000000001111111000000000111111111111111111111111100000000011110100111111110111110000000000000000000
000000000000011010101111111110000001100001111111110000000001111111000000000111111111111111111111111100000000011110100111111110111110000000000000000000
000000000000001101101111111110000001100001111111110000000001111111000000000111111111111111111111111100000000011110100111111110111110000000000000000000
000000000000010010001111111110000001100001111111110000000001111111000000000111111111111111111111111100000000011110100111111110111110000000000000000000
000000000000000110001111111110000001100001111111110000000001111111000000000111111111111111111111111100000000011110100111111110111110000000000000000000
000000000000011000001111111110000000000000111111110000000001111111000000000111111111111111111111111100000000011110100111111110111110000000000000000000
111111111111111111110111001000000011100001111111110000000001111111000000000111111111111111111111111100000000011110100111111111111111000000000000000000
111111111111111111111011100010000011100001111111110000000001111111000000000111111111111111111111111100000000011110100111111111111111000000000000000000
111111111111111111111101110000000011100001111111110000000001111111000000000111111111111111111111111100000000011110100111111111111111000000000000000000
111111111111111111111110110000000011100001111111110000000001111111000000000111111111111111111111111100000000011110100111111111111111000000000000000000
111111111111111111110111011000000011100001111111110000000001111111000000000111111111111111111111111100000000011110100111111111111111000000000000000000
111111111111111111110011101100000011100001111111110000000001111111000000000111111111111111111111111100000000011110100111111111111111000000000000000000
111111111111111111111000110000000011100001111111110000000001111111000000000111111111111111111111111100000000011110100111111111111111000000000000000000
111111111111111111110000010000000011100001111111110000000001111111000000000111111111111111111111111100000000011110100111111111111111000000000000000000
111111111111111111110100000000000011100001111111110000000001111111000000000111111111111111111111111100000000011110100111111111111111000000000000000000
000000000000000000000000000000001110000000111111110000000001111111000000000111111111111111111111111100000000011110100111111110111110000000000000000000
000000000000000000000000000000001100000000111111110000000001111111000000000111111111111111111111111100000000011110100111111110111110000000000000000000
000000000000000000000000000000000010000000111111110000000001111111000000000111111111111111111111111100000000011110100111111110111110000000000000000000
000000000000000000000000000001100100000000111111110000000001111111000000000111111111111111111111111100000000011110100111111110111110000000000000000000
000000000000000000000000000001101000000000111111110000000001111111000000000111111111111111111111111100000000011110100111111110111110000000000000000000
101111111111100000001111111111010000000000111111110000000001111111000000000111111111111111111111111100000000011111111111111111111111000000000000000000
000000000000011111101111111110000000010100111111110000000001111111000000000111111111111111111111111100000000011110100111111110111110000000000000000000
000000000000011111101111111110000000000111111111110000000001111111000000000111111111111111111111111100000000011110100111111110111110000000000000000000
000000000000000000000000000000000001000100111111110000000001111111000000000111111111111111111111111100000000011110100111111110111110000000000000000000
000000000000000000000000000000000000000011111111110000000001111111000000000111111111111111111111111100000000011110100111111110111110000000000000000000
000000000000000000000000000000000001110000111111110000000001111111000000000111111111111111111111111100000000011110100111111110111110000000000000000000
000000000000000000000000000000000000101001111111110000000001111111000000000111111111111111111111111100000000011110100111111110111110000000000000000000
000000000000011111101111111110000000101010111111110000000001111111000000000111111111111111111111111100000000011110100111111110111110000000000000000000
111111111111111111111111111111111111111111000101000000000001111111000000000111111111111111111111111100000000011111111111111101111111000000000000000000
111111111111111111111111111111111111111111000010110000000001111111000000000111111111111111111111111100000000011111111111111101111111000000000000000000
111111111111111111111111111111111111111111000001110000000001111111000000000111111111111111111111111100000000011111111111111101111111000000000000000000
111111111111111111111111111111111111111111100000000000000001111111000000000111111111111111111111111100000000011111111111111101111111000000000000000000
111111111111111111111111111111111111111111010000110000000001111111000000000111111111111111111111111100000000011111111111111101111111000000000000000000
111111111111111111111111111111111111111111101000110000000001111111000000000111111111111111111111111100000000011111111111111111111111000000000000000000
111111111111111111111111111111111111111111011011010000000001111111000000000111111111111111111111111100000000011111111111111111111111000000000000000000
111111111111111111111111111111111111111111011011100000000001111111000000000111111111111111111111111100000000011111111111111111111111000000000000000000
000000000000000000000000000000000000000000000000000000101111111111000000000111111111111111111111111100000000011110100111111100111110000000000000000000
000000000000000000000000000000000000000000000000000000011101111111000000000111111111111111111111111100000000011110100111111100111110000000000000000000
000000000000000000000000000000000000000000000000000000010011111111000000000111111111111111111111111100000000011110100111111100111110000000000000000000
000000000000000000000000000000000000000000000000000000000001111111000000000111111111111111111111111100000000011110100111111100111110000000000000000000
000000000000000000000000000000000000000000000000001000000011111111000000000111111111111111111111111100000000011110100111111100111110000000000000000000
000000000000000000000000000000000000000000000000000110001101111111000000000111111111111111111111111100000000011110100111111100111110000000000000000000
000000000000000000000000000000000000000000000000001100010111111111000000000111111111111111111111111100000000011110100111111100111110000000000000000000
000000000000000000000000000000000000000000000000001100011011111111000000000111111111111111111111111100000000011110100111111100111110000000000000000000
000000000000000000000000000000000000000000000000001010101101111111000000000111111111111111111111111100000000011110100111111100111110000000000000000000
111111111111111111111111111111111111111111111111111111111110001111000000000000000001111111111111111100000000011111111111111111111111000000000000000000
111111111111111111111111111111111111111111111111111111111110000011000000000000000001111111111111111100000000011111111111111111111111000000000000000000
111111111111111111111111111111111111111111111111111111111110000011000000000000000001110000111111111100000000011111111111111111111111000000000000000000
111111111111111111111111111111111111111111111111111111111111000111000000000000000001111111111111111100000000011111111111111111111111000000000000000000
111111111111111111111111111111111111111111111111111111111111001011000000000111111111111111111111111100000000011111111111111111111111000000000000000000
111111111111111111111111111111111111111111111111111111111111111101000000000000000001111111111111111100000000011111111111111111111111000000000000000000
111111111111111111111111111111111111111111111111111111111111111110000000000000000001111111111111111100000000011111111111111111111111000000000000000000
000000000000000000000000000000000000000000000000000000000000000000000010100000000001110000111111111100000000011110100111111100111110000000000000000000
000000000000000000000000000000000000000000000000000000000000000000000001111000000001110000111111111100000000011110100111111100111110000000000000000000
000000000000000000000000000000000000000000000000000000000000000000000001101000000001110000111111111100000000011110100111111100111110000000000000000000
000000000000000000000000000000000000000000000000000000000000000000000001011000000001110000111111111100000000011110100111111100111110000000000000000000
000000000000000000000000000000000000000000000000000000000000000000100000011000000001110000111111111100000000011110100111111100111110000000000000000000
000000000000000000000000000000000000000000000000000000000000000000011100010000000001110000111111111100000000011110100111111100111110000000000000000000
000000000000000000000000000000000000000000000000000000000000000000111000011000000001110000111111111100000000011110100111111100111110000000000000000000
000000000000000000000000000000000000000000000000000000000000000000010111101000000001110000111111111100000000011110100111111100111110000000000000000000
000000000000000000000000000000000000000000000000000000000000000000011110110000000001110000111111111100000000011110100111111100111110000000000000000000
111111111111111111111111111111111111111111111111111111111110000100000000000000001111111111111111111100000000011111111111111111111111000000000000000000
111111111111111111111111111111111111111111111111111111111110000100000000000000010111111111111111111100000000011111111111111111111111000000000000000000
111111111111111111111111111111111111111111111111111111111110000100000000000000000101111111111111111100000000011111111111111111111111000000000000000000
111111111111111111111111111111111111111111111111111111111110000100000000000000000011111111111111111100000000011111111111111111111111000000000000000000
111111111111111111111111111111111111111111111111111111111110000100000000000010000011111111111111111100000000011111111111111111111111000000000000000000
111111111111111111111111111111111111111111111111111111111110000100000000000100000011111111111111111100000000011111111111111111111111000000000000000000
111111111111111111111111111111111111111111111111111111111110000100000000000111000011111111111111111100000000011111111111111111111111000000000000000000
111111111111111111111111111111111111111111111111111111111110000100000000000110111101111111111111111100000000011111111111111111111111000000000000000000
111111111111111111111111111111111111111111111111111111111111111111111111111111111110110110011111111100000000011111111111111111111111000000000000000000
111111111111111111111111111111111111111111111111111111111111111111111111111111111111011011011111111100000000011111111111111111111111000000000000000000
111111111111111111111111111111111111111111111111111111111111111111111111111111111111101100111111111100000000011111111111111111111111000000000000000000
111111111111111111111111111111111111111111111111111111111111101111000000000111111110110100011111111100000000011111111111111111111111000000000000000000
111111111111111111111111111111111111111111111111111111111111101111000000000111111111011001011111111100000000011111111111111111111111000000000000000000
111111111111111111111111111111111111111111111111111111111111101111000000000111111111100000011111111100000000011111111111111111111111000000000000000000
111111111111111111111111111111111111111111111111111111111111101111000000000111111110100100011111111100000000011111111111111111111111000000000000000000
111111111111111111111111111111111111111111111111111111111111111111111111111111111110010000011111111100000000011111111111111111111111000000000000000000
111111111111111111111111111111111111111111111111111111111111111111111111111111111111111111101101000000000000011111111111111111111111000000000000000000
111111111111111111111111111111111111111111111111111111111111111111111111111111111111111111110110011000000000011111111111111111111111000000000000000000
111111111111111111111111111111111111111111111111111111111111111111111111111111111111111111111010110000000000011111111111111111111111000000000000000000
111111111111111111111111111111111111111111111111111111111111111111111111111111111111111111101101100000000000011111111111111111111111000000000000000000
111111111111111111111111111111111111111111111111111111111111111111111111111111111111111111110010001000000000011111111111111111111111000000000000000000
111111111111111111111111111111111111111111111111111111111111111111111111111111111111111111100110000100000000011111111111111111111111000000000000000000
111111111111111111111111111111111111111111111111111111111111111111111111111111111111111111101100000000000000011111111111111111111111000000000000000000
111111111111111111111111111111111111111111111111111111111111111111111111111111111111111111101001000000000000011111111111111111111111000000000000000000
111111111111111111111111111111111111111111111111111111111111111111111111111111111111111111100000100000000000011111111111111111111111000000000000000000
000000000000000000000000000000000000000000000000000000000000000000000000000000000000000000000000000001110101111110100111111100111110000000000000000000
000000000000000000000000000000000000000000000000000000000000000000000000000000000000000000000000000010111000111110100111111100111110000000000000000000
000000000000000000000000000000000000000000000000000000000000000000000000000000000000000000000000000011011010011110100111111100111110000000000000000000
000000000000000000000000000000000000000000000000000000000000000000000000000000000000000000000000000011101110011110100111111100111110000000000000000000
000000000000000000000000000000000000000000000000000000000000000000000000000000000000000000000000000001110111011110100111111100111110000000000000000000
000000000000000000000000000000000000000000000000000000000000000000000000000000000000000000000000000010011001111110100111111100111110000000000000000000
000000000000000000000000000000000000000000000000000000000000000000000000000000000000000000000000000000111001011110100111111100111110000000000000000000
000000000000000000000000000000000000000000000000000000000000000000000000000000000000000000000000000010001110011110100111111100111110000000000000000000
000000000000000000000000000000000000000000000000000000000000000000000000000000000000000000000000000011000100011110100111111100111110000000000000000000
111111111111111111111111111111111111111111111111111111111111111111111111111111111111111111111111111111111111101010000111111111111111000000000000000000
111111111111111111111111111111111111111111111111111111111111111111111111111111111111111111111111111111111111110101001111111111111111000000000000000000
111111111111111111111111111111111111111111111111111111111111111111111111111111111111111111111111111111111111101011110111111111111111000000000000000000
111111111111111111111111111111111111111111111111111111111111111111111111111111111111111111111111111111111111110101101111111111111111000000000000000000
000000000000000000000000000000000010000000111111110000000001111111000000000111111111111111111111111100000000001110010111111110111110000000000000000000
111111111111111111111111111111111111111111111111111111111111111111111111111111111111111111111111111111111111100110000111111111111111000000000000000000
000000000000000000000000000000000010000000111111110000000001111111000000000111111111111111111111111100000000000101000111111110111110000000000000000000
000000000000000000000000000000000010000000111111110000000001111111000000000111111111111111111111111100000000001010000111111110111110000000000000000000
111111111111111111111111111111111111111111111111111111111111111111111111111111111111111111111111111111111111111111111011010001111111000000000000000000
111111111111111111111111111111111111111111111111111111111111111111111111111111111111111111111111111111111111111111111101101001111111000000000000000000
111111111111111111111111111111111111111111111111111111111111111111111111111111111111111111111111111111111111111111111110110111111111000000000000000000
111111111111111111111111111111111111111111111111111111111111111111111111111111111111111111111111111111111111111111111011010101111111000000000000000000
111111111111111111111111111111111111111111111111111111111111111111111111111111111111111111111111111111111111111111111101101011111111000000000000000000
111111111111111111111111111111111111111111111111111111111111111111111111111111111111111111111111111111111111111111111010010001111111000000000000000000
111111111111111111111111111111111111111111111111111111111111111111111111111111111111111111111111111111111111111111111001100011111111000000000000000000
111111111111111111111111111111111111111111000001110000000001111111000000000111111111111111111111111100000000011111111001010101111111000000000000000000
111000000000000000001111111110000010000000111111110000000001111111000000000111111111111111111111111100000000011110100111111110111101000000000000000000
111111111111111111111111111111111111111111111111111111111111111111111111111111111111111111111111111111111111111111111111111111010001000000000000000000
111111111111111111111111111111111111111111111111111111111111111111111111111111111111111111111111111111111111111111111111111111100010000000000000000000
111111111111111111111111111111111111111111111111111111111111111111111111111111111111111111111111111111111111111111111111111111000000000000000000000000
111111111111111111111111111111111111111111111111111111111111111111111111111111111111111111111111111111111111111111111111111111000000000000000000000000
111111111111111111111111111111111111111111111111111111111111111111111111111111111111111111111111111111111111111111111111111110010000000000000000000000
111000000000000000001111111110000010000000111111110000000001111111000000000111111111111111111111111100000000011110100111111111100000000000000000000000
000000000000000000000000000000000000000000000000000000000000000000000000000000000000000000000000000000000000000000000000000000000000011100000000000000
000000000000000000000000000000000000000000000000000000000000000000000000000000000000000000000000000000000000000000000000000000000000101101000000000000
000000000000000000000000000000000000000000000000000000000000000000000000000000000000000000000000000000000000000000000000000000000000110110001000000000
000000000000000000000000000000000000000000000000000000000000000000000000000000000000000000000000000000000000000000000000000000000000111011100000000000
000000000000000000000000000000000000000000000000000000000000000000000000000000000000000000000000000000000000000000000000000000000000001101010000000000
000000000000000000000000000000000000000000000000000000000000000000000000000000000000000000000000000000000000000000000000000000000000010110100000000000
000000000000000000000000000000000000000000000000000000000000000000000000000000000000000000000000000000000000000000000000000000000000000101010000000000
000000000000000000000000000000000000000000000000000000000000000000000000000000000000000000000000000000000000000000000000000000000000000010100000000000
000000000000000000000000000000000000000000000000000000000000000000000000000000000000000000000000000000000000000000000000000000000000001000000000000000
000000000000000000000000000000000000000000000000000000000000000000000000000000000000000000000000000000000000000000000000000000000000000000000000000101
000000000000000000000000000000000000000000000000000000000000000000000000000000000000000000000000000000000000000000000000000000000000000000000000000101
000000000000000000000000000000000000000000000000000000000000000000000000000000000000000000000000000000000000000000000000000000000000000000000000000100
000000000000000000000000000000000000000000000000000000000000000000000000000000000000000000000000000000000000000000000000000000000000000000000000000011
000000000000000000000000000000000000000000000000000000000000000000000000000000000000000000000000000000000000000000000000000000000000000000000000000011
000000000000000000000000000000000000000000000000000000000000000000000000000000000000000000000000000000000000000000000000000000000000000000000000000010
000000000000000000000000000000000000000000000000000000000000000000000000000000000000000000000000000000000000000000000000000000000000000000000111000011
000000000000000000000000000000000000000000000000000000000000000000000000000000000000000000000000000000000000000000000000000000000000000000000000111101
000000000000000000000000000000000000000000000000000000000000000000000000000000000000000000000000000000000000000000000000000000000000000000000110110110
