011100011111111111111111100000
101100011111111111111111100000
110101011111111111111111111111
111011011111111111111111100000
000101011111111111111111111111
001110001100011111111111100000
000000011111111111111111111111
111110101011011111111111111111
111111110100011111111111111111
111111101010011111111111111111
111110110101111110111111100000
111110110010011111111111100000
111110100010011111111111111111
111111111111101000100100011111
111111111111110100111111111111
111111111111101010100100000000
111111111111100100100100011111
111111111101100000100100011111
111111111111111111011010011111
111111111111101000101110111111
111111111111101000110101011111
111111111111111111011011111111
111111111111101000110101011111
111111111111101000001110111111
111111111111101000010101011111
001010111100111011111111100011
001010111100111011111111100011
001010111100111011111111100000
001010111100111011111111111001
001010111100111011111111111010
