00010101000000000000011111111111111000000001111111110000000011111111000000000000000001111111110000000000000000000000000000000000000000000000000000000000000000000000000000000011111111100000000000000000
00001011000001000000011111111111111000000001111111110000000011111111000000000000000001111111110000000000000000000000000000000000000000000000000000000000000000000000000000000011111111100000000000000000
00000011000000000000011100111111111000000001111111110000000011111111000000000000000001111111110000000000000000000000000000000000000000000000000000000000000000000000000000000011111111100000000000000000
10000100000000000000011111111111111000000001111111110000000011111111000000000000000001111111110000000000000000000000000000000000000000000000000000000000000001000000000000000011111111100000000000000000
01000001101111000000011111111111111000000001111111110000000011111111000000000000000001111111110000000000000000000000000000000000000000000000000000000000000000000000000000000011111111100000000000000000
10010000000000000000011111111111111000000001111111110000000011111111000000000000000001111111110000000000000000000000000000000000000000000000000000000000000000000000000000000011111111100000000000000000
01100000000000000000011100111111111000000001111111110000000011111111000000000000000001111111110000000000000000000000000000000000000000000000000000000000000000000000000000000011111111100000000000000000
11101000110001000000011100111111111000000001111111110000000011111111000000000000000001111111110000000000000000000000000000000000000000000000000000000000000000000000000000000011111111100000000000000000
00001001000111000000011100111111111000000001111111110000000011111111000000000000000001111111110000000000000000000000000000000000000000000000000000000000000000000000000000000011111111100000000000000000
00000001000011000000011100111111111000000001111111110000000011111111000000000000000001111111110000000000000000000000000000000000000000000000000000000000000000000000000000000011111111100000000000000000
00001000000001000000011100111111111000000001111111110000000011111111000000000000000001111111110000000000000000000000000000000000000000000000000000000000000000000000000000000011111111100000000000000000
00001000100010000000011100111111111000000001111111110000000011111111000000000000000001111111110000000000000000000000000000000000000000000000000000000000000000000000000000000011111111100000000000000000
00001000110101000000011100111111111000000001111111110000000011111111000000000000000001111111110000000000000000000000000000000000000000000000000000000000000000000000000000000011111111100000000000000000
01001001111010101000111100111111111000000001111111110000000011111111000000000000000001111111110000000000000000000000000000000000000000000000000000000000000000000000000000000011111111100000000000000000
00000000000001001011111100111111111000000001111111110000000011111111000000000000000001111111110000000000000000000000000000000000000000000000000000000000000000000000000000000011111111100000000000000000
00000000000000000101111100111111111000000001111111110000000011111111000000000000000001111111110000000000000000000000000000000000000000000000000000000000000000000000000000000011111111100000000000000000
00000000000001100011111100111111111000000001111111110000000011111111000000000000000001111111110000000000000000000000000000000000000000000000000000000000000000000000000000000011111111100000000000000000
00000000000000010001111100111111111000000001111111110000000011111111000000000000000001111111110000000000000000000000000000000000000000000000000000000000000000000000000000000011111111100000000000000000
00000000000000101001011100111111111000000001111111110000000011111111000000000000000001111111110000000000000000000000000000000000000000000000000000000000000000000000000000000011111111100000000000000000
00000000000000111110111100111111111000000001111111110000000011111111000000000000000001111111110000000000000000000000000000000000000000000000000000000000000000000000000000000011111111100000000000000000
00000000000001111101011100111111111000000001111111110000000011111111000000000000000001111111110000000000000000000000000000000000000000000000000000000000000000000000000000000011111111100000000000000000
11111111111111111111101110111111111000000001111111110000000011111111000000000000000001111111110000000000000000000000000000000000000000000000000000000000000000000000000000000011111111100000000000000000
11111111111111111111110111001111111000000001111111110000000011111111000000000000000001111111110000000000000000000000000000000000000000000000000000000000000000000000000000000011111111100000000000000000
11111111111111111111111011001111111000000001111111110000000011111111000000000000000001111111110000000000000000000000000000000000000000000000000000000000000000000000000000000011111111100000000000000000
11011100000000000000011100111111111000000000000000000000000011111111000000000000000001111111110000000000000000000000000000000000000000000000000000000000000000000000000000000011111111100000000000000000
11011100000000000000001100111111111000000001111111110000000011111111000000000000000001111111110000000000000000000000000000000000000000000000000000000000000000000000000000000011111111100000000000000000
11111111111111111111110011001111111000000000000000000000000011111111000000000000000001111111110000000000000000000000000000000000000000000000000000000000000000000000000000000011111111100000000000000000
11111111111111111111110011001111111000000000000000000000000011111111000000000000000001111111110000000000000000000000000000000000000000000000000000000000000000000000000000000011111111100000000000000000
11111111111111111111111111110110100000000001111111110000000000000000000000000000000001111111110000000000000000000000000000000000000000000000000000000000000000000000000000000011111111100000000000000000
11111111111111111111111111111011000000000001111111110000000011111111000000000000000001111111110000000000000000000000000000000000000000000000000000000000000000000000000000000011111111100000000000000000
11111111111111111111111111111101110000000001111111110000000000000000000000000000000001111111110000000000000000000000000000000000000000000000000000000000000000000000000000000011111111100000000000000000
11111111111111111111111111110110101000000001111111110000000011111111000000000000000001111111110000000000000000000000000000000000000000000000000000000000000000000000000000000011111111100000000000000000
11111111111111111111111111111011010000000001111111110000000011111111000000000000000001111111110000000000000000000000000000000000000000000000000000000000000000000000000000000011111111100000000000000000
11111111111111111111111111110010101000000001111111110000000000000000000000000000000001111111110000000000000000000000000000000000000000000000000000000000000000000000000000000011111111100000000000000000
11111111111111111111111111110001010000000001111111110000000000000000000000000000000001111111110000000000000000000000000000000000000000000000000000000000000000000000000000000011111111100000000000000000
00000000000000000000000000000000000011000000000000000000000000000000111111110000000001111111110000000111111100000000000000000000000000011111111100000000000000111111110000000011111111111011101000000000
00000000000000000000000000000000000101111000000000000000000000000000000000000000000001111111110000000000000000000000000000000000000000000000000000000000000000000000000000000011111111100000000000000000
00000000000000000000000000000000000110110000000000000000000000000000111111110000000001111111110000000111111100000000000000000000000000011111111100000000000000111111110000000011111111111011101000000000
00000000000000000000000000000000000011000000000000000000000000000000111111110000000001111111110000000111111100000000000000000000000000011111111100000000000000111111110000000011111111111011101000000000
00000000000000000000000000000000000011001110000000000000000000000000111111110000000001111111110000000111111100000000000000000000000000011111111100000000000000111111110000000011111111111011101000000000
00000000000000000000000000000000000010010010000000000000000000000000111111110000000001111111110000000111111100000000000000000000000000011111111100000000000000111111110000000011111111111011101000000000
00000000000000000000000000000000000000010000000000000000000000000000111111110000000001111111110000000111111100000000000000000000000000011111111100000000000000111111110000000011111111111011101000000000
00000000000000000000000000000000000000011000000000000000000000000000000000000000000001111111110000000000000000000000000000000000000000000000000000000000000000000000000000000011111111100000000000000000
11111111111111111111111101001111111000000000111011000000000011111111000000000000000001111111110000000000000000000000000000000000000000000000000000000000000000000000000000000011111111100000000000000000
11111111111111111111111101001111111000000001011100000000000011111111000000000000000001111111110000000000000000000000000000000000000000000000000000000000000000000000000000000011111111100000000000000000
11111111111111111111111101001111111000000001101100100000000011111111000000000000000001111111110000000000000000000000000000000000000000000000000000000000000000000000000000000011111111100000000000000000
11111111111111111111111101001111111000000001110100100000000011111111000000000000000001111111110000000000000000000000000000000000000000000000000000000000000000000000000000000011111111100000000000000000
11111111111111111111111101001111111000000000111011010000000011111111000000000000000001111111110000000000000000000000000000000000000000000000000000000000000000000000000000000011111111100000000000000000
11111111111111111111111101001111111000000001000101000000000011111111000000000000000001111111110000000000000000000000000000000000000000000000000000000000000000000000000000000011111111100000000000000000
11111111111111111111111101001111111000000001000110010000000011111111000000000000000001111111110000000000000000000000000000000000000000000000000000000000000000000000000000000011111111100000000000000000
11111111111111111111111101001111111000000000011000000000000011111111000000000000000001111111110000000000000000000000000000000000000000000000000000000000000000000000000000000011111111100000000000000000
11111111111111111111111101001111111000000000000101000000000011111111000000000000000001111111110000000000000000000000000000000000000000000000000000000000000000000000000000000011111111100000000000000000
00000000000000000000000000000000000000000000000000000111001000000000000000000000000001111111110000000000000000000000000000000000000000000000000000000000000000000000000000000011111111100000000000000000
00000000000000000000000000000000000000000000000000001011100000000000000000000000000001111111110000000000000000000000000000000000000000000000000000000000000000000000000000000011111111100000000000000000
00000000000000000000000000000000000000000000000000001101110100000000000000000000000001111111110000000000000000000000000000000000000000000000000000000000000000000000000000000011111111100000000000000000
00000000000000000000000000000000000000000000000000001110111000000000000000000000000001111111111111111000000000000000000000000000000000000000000000000000000000000000001100000011111111100000000111111111
00000000000000000000000000000000000000000000000000000111011000000000000000000000000001111111110000000000000000000000000000000000000000000000000000000000000000000000000000000011111111100000000000000000
00000000000000000000000000000000000000000000000000000011101100000000000000000000000001111111111111111000000000000000000000000000000000000000000000000000000000000000001100000011111111100000000111111111
00000000000000000000000000000000000000000000000000001001110100000000000000000000000001111111111111111000000000000000000000000000000000000000000000000000000000000000001100000011111111100000000111111111
00000000000000000000000000000000000000000000000000000010011000000000000000000000000001111111110000000000000000000000000000000000000000000000000000000000000000000000000000000011111111100000000000000000
11111111111111111111111111110101100000000001111111110000000001101010000000000000000001111111110000000000000000000000000000000000000000000000000000000000000000000000000000000011111111100000000000000000
11111111111111111111111111110101100000000001111111110000000010110000000000000000000001111111110000000000000000000000000000000000000000000000000000000000000000000000000000000011111111100000000000000000
11111111111111111111111111110101100000000001111111110000000011011000000000000000000001111111110000000000000000000000000000000000000000000000000000000000000000000000000000000011111111100000000000000000
11111111111111111111111111110101100000000001111111110000000001101101000000000000000001111111110000000000000000000000000000000000000000000000000000000000000000000000000000000011111111100000000000000000
11111111111111111111111111110101100000000001111111110000000010110111000000000000000001111111110000000000000000000000000000000000000000000000000000000000000000000000000000000011111111100000000000000000
11111111111111111111111111110101100000000001111111110000000000011000000000000000000001111111110000000000000000000000000000000000000000000000000000000000000000000000000000000011111111100000000000000000
11111111111111111111111111110101100000000001111111110000000010001000000000000000000001111111110000000000000000000000000000000000000000000000000000000000000000000000000000000011111111100000000000000000
11111111111111111111111111110101100000000001111111110000000000011000000000000000000001111111110000000000000000000000000000000000000000000000000000000000000000000000000000000011111111100000000000000000
00000000000000000000000000000000000101111100000000000000000000000000011100000000000001111111110000000111111100000000000000000000000000011111111100000000000000111111110000000011111111111011101000000000
00000000000000000000000000000000000101111100000000000000000000000000101101000000000001111111110000000111111100000000000000000000000000011111111100000000000000111111110000000011111111111011101000000000
00000000000000000000000000000000000101111100000000000000000000000000110110000000000001111111110000000111111100000000000000000000000000011111111100000000000000111111110000000011111111111011101000000000
00000000000000000000000000000000000101111100000000000000000000000000111011100000000001111111110000000000000000000000000000000000000000000000000000000000000000000000000000000011111111100000000000000000
00000000000000000000000000000000000101111100000000000000000000000000001100010000000001111111110000000111111100000000000000000000000000011111111100000000000000111111110000000011111111111011101000000000
00000000000000000000000000000000000101111100000000000000000000000000010100100000000001111111110000000111111100000000000000000000000000011111111100000000000000111111110000000011111111111011101000000000
00000000000000000000000000000000000101111100000000000000000000000000000101000000000001111111110000000111111100000000000000000000000000011111111100000000000000111111110000000011111111111011101000000000
00000000000000000000000000000000000101111100000000000000000000000000000010000000000001111111110000000000000000000000000000000000000000000000000000000000000000000000000000000011111111100000000000000000
00000000000000000000000000000000000000000000000000000000000000000000000000000110100011111111110000000000000000000000000000000000000000000000000000000000000000000000000000000011111111100000000000000000
00000000000000000000000000000000000000000000000000000000000000000000000000001011010001111111110000000000000000000000000000000000000000000000000000000000000000000000000000000011111111100000000000000000
00000000000000000000000000000000000000000000000000000000000000000000000000001101100001111111110000000000000000000000000000000000000000000000000000000000000000000000000000000011111111100000000000000000
00000000000000000000000000000000000000000000000000000000000000000000000000000110111101111111110000000000000000000000000000000000000000000000000000000000000000000000000000000011111111100000000000000000
00000000000000000000000000000000000000000000000000000000000000000000000000001011011111111111110000000000000000000000000000000000000000000000000000000000000000000000000000000011111111100000000000000000
00000000000000000000000000000000000000000000000000000000000000000000000000000101100001111111110000000000000000000000000000000000000000000000000000000000000000000000000000000011111111100000000000000000
00000000000000000000000000000000000000000000000000000000000000000000000000000001100101111111110000000000000000000000000000000000000000000000000000000000000000000000000000000011111111100000000000000000
00000000000000000000000000000000000000000000000000000000000000000000000000000001101001111111110000000000000000000000000000000000000000000000000000000000000000000000000000000011111111100000000000000000
00000000000000000000000000000000000000000000000000000000000000000000000000001000100001111111110000000000000000000000000000000000000000000000000000000000000000000000000000000011111111100000000000000000
11111111111111111111111111111111111111111111111111111111111111111111111111111111111110111001101111111111111100000000000000000000000000011111111100000000000000111111111100000011111111111011101111111111
11111111111111111111111111111111111111111111111111111111111111111111111111111111111111011010001111111111111100000000000000000000000000011111111100000000000000111111111100000011111111111011101111111111
11111111111111111111111111111111111111111111111111111111111111111111111111111111111111101100001111111111111100000000000000000000000000011111111100000000000000111111111100000011111111111011101111111111
11111111111111111111111111111111111111111111111111111111111111111111111111111111111111110111111111111111111100000000000000000000000000011111111100000000000000111111111100000011111111111011101111111111
11111111111111111111111111111111111111111111111111111111111111111111111111111111111110011011001111111111111100000000000000000000000000011111111100000000000000111111111100000011111111111011101111111111
11111111111111111111111111111111111111111111111111111111111111111111111111111111111110101101001111111111111100000000000000000000000000011111111100000000000000111111111100000011111111111011101111111111
11111111111111111111111111111111111111111111111111111111111111111111111111111111111111001110111111111111111100000000000000000000000000011111111100000000000000111111111100000011111111111011101111111111
11111111111111111111111111111111111111111111111111111111111111111111111111111111111111001001001111111111111100000000000000000000000000011111111100000000000000111111111100000011111111111011101111111111
11111111111111111111111111111111111111111111111111111111111111111111111111111111111110001001001111111111111100000000000000000000000000011111111100000000000000111111111100000011111111111011101111111111
00000000000000000000000000000000000000000000000000000001011000000000000000000000000001111111110010000000000000000000000000000000000000000000000000000000000000000000001100000011111111100000000111111111
00000000000000000000000000000000000000000000000000000001011000000000000000000000000001111111110011110000000000000000000000000000000000000000000000000000000000000000001100000011111111100000000111111111
00000000000000000000000000000000000000000000000000000001011000000000000000000000000001111111111101111000000000000000000000000000000000000000000000000000000000000000001100000011111111100000000000000000
00000000000000000000000000000000000000000000000000000001011000000000000000000000000001111111110110000000000000000000000000000000000000000000000000000000000000000000000000000011111111100000000111111111
00000000000000000000000000000000000000000000000000000001011000000000000000000000000001111111110110010000000000000000000000000000000000000000000000000000000000000000000000000011111111100000000000000000
00000000000000000000000000000000000000000000000000000001011000000000000000000000000001111111110110100000000000000000000000000000000000000000000000000000000000000000000000000011111111100000000000000000
00000000000000000000000000000000000000000000000000000001011000000000000000000000000001111111110010000000000000000000000000000000000000000000000000000000000000000000000000000011111111100000000111111111
00000000000000000000000000000000000101111100000000000000000000000000111011100000000001111111110000000011000100000000000000000000000000011111111100000000000000111111110000000011111111111011101000000000
00000000000000000000000000000000000101111100000000000000000000000000111011100000000001111111110000000101110000000000000000000000000000000000000000000000000000000000000000000011111111100000000000000000
00000000000000000000000000000000000101111100000000000000000000000000111011100000000001111111110000000110110000000000000000000000000000000000000000000000000000000000000000000011111111100000000000000000
00000000000000000000000000000000000101111100000000000000000000000000111011100000000001111111110000000011001000000000000000000000000000011111111100000000000000111111110000000011111111111011101000000000
00000000000000000000000000000000000101111100000000000000000000000000111011100000000001111111110000000011001100000000000000000000000000011111111100000000000000111111110000000011111111111011101000000000
00000000000000000000000000000000000101111100000000000000000000000000111011100000000001111111110000000000110000000000000000000000000000011111111100000000000000000000000000000011111111100000000000000000
00000000000000000000000000000000000101111100000000000000000000000000111011100000000001111111110000000100010000000000000000000000000000000000000000000000000000000000000000000011111111100000000000000000
00000000000000000000000000000000000000000000000000000000000000000000000000000000000000000000000000000000000001111000000000000000000000000000000000000000000000000000000000000011111111100000000000000000
00000000000000000000000000000000000000000000000000000000000000000000000000000000000000000000000000000000000010111000000000000000000000000000000000000000000000000000000000000011111111100000000000000000
00000000000000000000000000000000000000000000000000000000000000000000000000000000000000000000000000000000000011011000000000000000000000000000000000000000000000000000000000000011111111100000000000000000
00000000000000000000000000000000000000000000000000000000000000000000000000000000000000000000000000000000000011101110100000000000000000000000000000000000000000000000000000000011111111100000000000000000
00000000000000000000000000000000000000000000000000000000000000000000000000000000000000000000000000000000000011110110100000000000000000000000000000000000000000000000000000000011111111100000000000000000
00000000000000000000000000000000000000000000000000000000000000000000000000000000000000000000000000000000000000011011000000000000000000000000000000000000000000000000000000000011111111100000000000000000
00000000000000000000000000000000000000000000000000000000000000000000000000000000000000000000000000000000000000011101000000000000000000000000000000000000000000000000000000000011111111100000000000000000
00000000000000000000000000000000000000000000000000000000000000000000000000000000000000000000000000000000000000000110100000000000000000000000000000000000000000000000000000000011111111100000000000000000
00000000000000000000000000000000000000000000000000000000000000000000000000000000000000000000000000000000000000011001000000000000000000000000000000000000000000000000000000000011111111100000000000000000
00000000000000000000000000000000000000000000000000000000000000000000000000000000000000000000000000000000000000000000001110000000000000000000000000000000000000000000000000000011111111100000000000000000
00000000000000000000000000000000000000000000000000000000000000000000000000000000000000000000000000000000000000000000010111000000000000000000000000000000000000000000000000000011111111100000000000000000
00000000000000000000000000000000000000000000000000000000000000000000000000000000000000000000000000000000000000000000011011110000000000000000000000000000000000000000000000000011111111100000000000000000
00000000000000000000000000000000000000000000000000000000000000000000000000000000000000000000000000000000000000000000011101110000000000000000000000000000000000000000000000000011111111100000000000000000
00000000000000000000000000000000000000000000000000000000000000000000000000000000000000000000000000000000000000000000001110001000000000000000000000000000000000000000000000000011111111100000000000000000
00000000000000000000000000000000000000000000000000000000000000000000000000000000000000000000000000000000000000000000000110010000000000000000000000000000000000000000000000000011111111100000000000000000
00000000000000000000000000000000000000000000000000000000000000000000000000000000000000000000000000000000000000000000000110101100000000000000000000000000000000000000000000000011111111100000000000000000
00000000000000000000000000000000000000000000000000000000000000000000000000000000000000000000000000000000000000000000000001010000000000000000000000000000000000000000000000000011111111100000000000000000
00000000000000000000000000000000000000000000000000000000000000000000000000000000000000000000000000000000000000000000000000010000000000000000000000000000000000000000000000000011111111100000000000000000
00000000000000000000000000000000000000000000000000000000000000000000000000000000000000000000000000000000000000000000000000000001110100000000000000000000000000000000000000000011111111100000000000000000
00000000000000000000000000000000000000000000000000000000000000000000000000000000000000000000000000000000000000000000000000000010111000000000000000000000000000000000000000000011111111100000000000000000
00000000000000000000000000000000000000000000000000000000000000000000000000000000000000000000000000000000000000000000000000000011011011000000000000000000000000000000000000000011111111100000000000000000
00000000000000000000000000000000000000000000000000000000000000000000000000000000000000000000000000000000000000000000000000000011101011000000000000000000000000000000000000000011111111100000000000000000
00000000000000000000000000000000000000000000000000000000000000000000000000000000000000000000000000000000000000000000000000000001110100100000000000000000000000000000000000000011111111100000000000000000
00000000000000000000000000000000000000000000000000000000000000000000000000000000000000000000000000000000000000000000000000000010001000100000000000000000000000000000000000000011111111100000000000000000
00000000000000000000000000000000000000000000000000000000000000000000000000000000000000000000000000000000000000000000000000000000110000000000000000000000000000000000000000000011111111100000000000000000
00000000000000000000000000000000000000000000000000000000000000000000000000000000000000000000000000000000000000000000000000000000110000000000000000000000000000000000000000000011111111100000000000000000
00000000000000000000000000000000000000000000000000000000000000000000000000000000000000000000000000000000000000000000000000000000001100000000000000000000000000000000000000000011111111100000000000000000
00000000000000000000000000000000000101111100000000000000000000000000111011100000000001111111110000000100111000000000000000000000000000001100110000000000000000000000000000000011111111100000000000000000
00000000000000000000000000000000000101111100000000000000000000000000111011100000000001111111110000000100111000000000000000000000000000010110000000000000000000000000000000000011111111100000000000000000
00000000000000000000000000000000000101111100000000000000000000000000111011100000000001111111110000000100111000000000000000000000000000011011001000000000000000000000000000000011111111100000000000000000
00000000000000000000000000000000000101111100000000000000000000000000111011100000000001111111110000000100111000000000000000000000000000001101110000000000000000000000000000000011111111100000000000000000
00000000000000000000000000000000000101111100000000000000000000000000111011100000000001111111110000000100111000000000000000000000000000000110100000000000000000000000000000000011111111100000000000000000
00000000000000000000000000000000000101111100000000000000000000000000111011100000000001111111110000000100111000000000000000000000000000010011011100000000000000000000000000000011111111100000000000000000
00000000000000000000000000000000000101111100000000000000000000000000111011100000000001111111110000000100111000000000000000000000000000010010101100000000000000000000000000000011111111100000000000000000
00000000000000000000000000000000000101111100000000000000000000000000111011100000000001111111110000000100111000000000000000000000000000000100110100000000000000000000000000000011111111100000000000000000
00000000000000000000000000000000000101111100000000000000000000000000111011100000000001111111110000000100111000000000000000000000000000000000111000000000000000000000000000000011111111100000000000000000
00000000000000000000000000000000000000000000000000000000000000000000000000000000000000000000000000000000000000000000000000000000000000000000000000010111100000000000000000000011111111100000000000000000
00000000000000000000000000000000000000000000000000000000000000000000000000000000000000000000000000000000000000000000000000000000000000000000000000001011100000000000000000000011111111100000000000000000
00000000000000000000000000000000000000000000000000000000000000000000000000000000000000000000000000000000000000000000000000000000000000000000000000000101100000000000000000000011111111100000000000000000
00000000000000000000000000000000000000000000000000000000000000000000000000000000000000000000000000000000000000000000000000000000000000000000000010000100100000000000000000000011111111100000000000000000
00000000000000000000000000000000000000000000000000000000000000000000000000000000000000000000000000000000000000000000000000000000000000000000000001000011100000000000000000000011111111100000000000000000
00000000000000000000000000000000000000000000000000000000000000000000000000000000000000000000000000000000000000000000000000000000000000000000000010110001100000000000000000000011111111100000000000000000
00000000000000000000000000000000000000000000000000000000000000000000000000000000000000000000000000000000000000000000000000000000000000000000000011001001100000000000000000000011111111100000000000000000
00000000000000000000000000000000000000000000000000000000000000000000000000000000000000000000000000000000000000000000000000000000000000000000000011101110000000000000000000000011111111100000000000000000
00000000000000000000000000000000000000000000000000000000000000000000000000000000000000000000000000000000000000000000000000000000000000000000000011111110000000000000000000000011111111100000000000000000
00000000000000000000000000000000000000000000000000000000000000000000000000000000000000000000000000000000000000000000000000000000000000000000000000000000000111000000000000000011111111100000000000000000
00000000000000000000000000000000000000000000000000000000000000000000000000000000000000000000000000000000000000000000000000000000000000000000000000000000000111000000000000000011111111100000000000000000
00000000000000000000000000000000000000000000000000000000000000000000000000000000000000000000000000000000000000000000000000000000000000000000000000000000011001000000000000000011111111100000000000000000
00000000000000000000000000000000000000000000000000000000000000000000000000000000000000000000000000000000000000000000000000000000000000000000000000000000011000000000000000000011111111100000000000000000
00010000000000000000000000000000000000000000000000000000000000000000000000000000000000000000000000000000000000000000000000000000000000000000000000000000011100000000000000000011111111100000000000000000
00000000000000000000000000000000000101111100000000000000000000000000111011100000000001111111110000000100110000000000000000000000000000000000000000000000000000000001010000000011111111111011101000000000
00000000000000000000000000000000000101111100000000000000000000000000111011100000000001111111110000000100110000000000000000000000000000000000000000000000000000000001010000000011111111111011101000000000
00000000000000000000000000000000000101111100000000000000000000000000111011100000000001111111110000000100110000000000000000000000000000000000000000000000000000000000110000000011111111100000000000000000
00000000000000000000000000000000000101111100000000000000000000000000111011100000000001111111110000000100110000000000000000000000000000000000000000000000000000000000110000000011111111100000000000000000
00000000000000000000000000000000000101111100000000000000000000000000111011100000000001111111110000000100110000000000000000000000000000000000000000000000000000000000010000000011111111111011101000000000
00000000000000000000000000000000000101111100000000000000000000000000111011100000000001111111110000000100110000000000000000000000000000000000000000000000000000110000010000000011111111100000000000000000
00000000000000000000000000000000000101111100000000000000000000000000111011100000000001111111110000000100110000000000000000000000000000000000000000000000000000001100000000000011111111100000000000000000
00000000000000000000000000000000000101111100000000000000000000000000111011100000000001111111110000000100110000000000000000000000000000000000000000000000000000111111000000000011111111111011101000000000
00000000000000000000000000000000000000000000000000000001011000000000000000000000000001111111111110000000000000000000000000000000000000000000000000000000000000000000000000111111111111100000000111111111
00000000000000000000000000000000000000000000000000000001011000000000000000000000000001111111111110000000000000000000000000000000000000000000000000000000000000000000000000110111111111100000000111111111
00000000000000000000000000000000000000000000000000000000000000000000000000000000000000000000000000000000000000000000000000000000000000000000000000000000000000000000000000011111111111100000000000000000
00000000000000000000000000000000000000000000000000000000000000000000000000000000000000000000000000000000000000000000000000000000000000000000000000000000000000000000000000011111111111100000000000000000
00000000000000000000000000000000000000000000000000000000000000000000000000000000000000000000000000000000000000000000000000000000000000000000000000000000000000000000001100001011111111100000000000000000
00000000000000000000000000000000000000000000000000000000000000000000000000000000000000000000000000000000000000000000000000000000000000000000000000000000000000000000001111001111111111100000000000000000
00000000000000000000000000000000000000000000000000000000000000000000000000000000000000000000000000000000000000000000000000000000000000000000000000000000000000000000001011110111111111100000000000000000
00000000000000000000000000000000000000000000000000000000000000000000000000000000000000000000000000000000000000000000000000000000000000000000000000000000000000000000001111011011111111100000000000000000
11111111111111111111111111111111111111111111111111111111111111111111111111111111111111111111111111111111111111111111111111111111111111111111111111111111111111111111111111111100000111111011101111111111
11111111111111111111111111111111111111111111111111111111111111111111111111111111111111111111111111111111111111111111111111111111111111111111111111111111111111111111111111111100000111111011101111111111
11111111111111111111111111111111111111111111111111111111111111111111111111111111111111111111111111111111111111111111111111111111111111111111111111111111111111111111111111111100000101111011101111111111
11111111111111111111111111111111111111111111111111111111111111111111111111111111111111111111111111111111111111111111111111111111111111111111111111111111111111111111111111111100000010111011101111111111
11111111111111111111111111111111111111111111111111111111111111111111111111111111111111111111111111111111111111111111111111111111111111111111111111111111111111111111111111111100000001111011101111111111
11111111111111111111111111111111111111111111111111111111111111111111111111111111111111111111111111111111111111111111111111111111111111111111111111111111111111111111111111111111100011011011101111111111
11111111111111111111111111111111111111111111111111111111111111111111111111111111111111111111111111111111111111111111111111111111111111111111111111111111111111111111111111111111010100111011101111111111
11111111111111111111111111111111111111111111111111111111111111111111111111111111111111111111111111111111111111111111111111111111111111111111111111111111111111111111111111111111101100111011101111111111
11111111111111111111111111111111111111111111111111111111111111111111111111111111111111111111111111111111111111111111111111111111111111111111111111111111111111111111111111111111111011011011101111111111
00000000000000000000000000000000000101111100000000000000000000000000111011100000000001111111110000000100110000000000000000000000000000000000000000000000000000110010010000000011111111100000111000000000
00000000000000000000000000000000000101111100000000000000000000000000111011100000000001111111110000000100110000000000000000000000000000000000000000000000000000110010010000000011111111100000111000000000
00000000000000000000000000000000000000000000000000000000000000000000000000000000000000000000000000000000000000000000000000000000000000000000000000000000000000000000000000000000000000000000111000000000
00000000000000000000000000000000000101111100000000000000000000000000111011100000000001111111110000000100110000000000000000000000000000000000000000000000000000110010010000000011111111100000001000000000
00000000000000000000000000000000000101111100000000000000000000000000111011100000000001111111110000000100110000000000000000000000000000000000000000000000000000110010010000000011111111100000000000000000
00000000000000000000000000000000000101111100000000000000000000000000111011100000000001111111110000000100110000000000000000000000000000000000000000000000000000110010010000000011111111111100000000000000
00000000000000000000000000000000000000000000000000000000000000000000000000000000000000000000000000000000000000000000000000000000000000000000000000000000000000000000000000000000000000011100000000000000
00000000000000000000000000000000000101111100000000000000000000000000111011100000000001111111110000000100110000000000000000000000000000000000000000000000000000110010010000000011111111111110000000000000
00000000000000000000000000000000000000000000000000000001011000000000000000000000000001111111111101001000000000000000000000000000000000000000000000000000000000000000001100000011111111100000000000010011
00000000000000000000000000000000000000000000000000000001011000000000000000000000000001111111111101001000000000000000000000000000000000000000000000000000000000000000001100000011111111100000000000001100
00000000000000000000000000000000000000000000000000000001011000000000000000000000000001111111111101001000000000000000000000000000000000000000000000000000000000000000001100000011111111100000000000001011
00000000000000000000000000000000000000000000000000000001011000000000000000000000000001111111111101001000000000000000000000000000000000000000000000000000000000000000001100000011111111100000000000000101
00000000000000000000000000000000000000000000000000000001011000000000000000000000000001111111111101001000000000000000000000000000000000000000000000000000000000000000001100000011111111100000000100000010
00000000000000000000000000000000000000000000000000000001011000000000000000000000000001111111111101001000000000000000000000000000000000000000000000000000000000000000001100000011111111100000000011000101
00000000000000000000000000000000000000000000000000000001011000000000000000000000000001111111111101001000000000000000000000000000000000000000000000000000000000000000001100000011111111100000000010101000
00000000000000000000000000000000000000000000000000000001011000000000000000000000000001111111111101001000000000000000000000000000000000000000000000000000000000000000001100000011111111100000000101010000
00000000000000000000000000000000000000000000000000000001011000000000000000000000000001111111111101001000000000000000000000000000000000000000000000000000000000000000001100000011111111100000000101101000
