00101110000000000000000000000111111111111110000000011101001111111100111111111111111111110000000011111111111111111100000000011111111111111111111111111111111111111111111111000000001111111110000011111111
00000110000000000000000000000111111111111110000000011101001111111111111111111111111111110000000011111111111111111100000000011111111111111111111111111111111111111111111111000000001111111110000011111111
10001110000000000000000000000111111111111110000000011101001111111111111111111111111111110000000011111111111111111100000000011111111111111111111111111111111111111111111111000000001111111110000011111111
00000011111111110001101011111111111111111110000000111111111111111111111111111111111111110000000011111111111111111100000000011111111111111111111111111111111111111111111111000000001111111110000011111111
10100010000000000000000000000111111111111110000000011101001111111111111111111111111111110000000011111111111111111100000000011111111111111111111111111111111111111111111111000000001111111110000011111111
11100010000000000000000000000111111111111110000000011101001111111111111111111111111111110000000011111111111111111100000000011111111111111111111111111111111111111111111111000000001111111110000011111111
11111101111111110001101011111111111111111110000000111111111111111111111111111111111111110000000011111111111111111100000000011111111111111111111111111111111111111111111111000000001111111110000011111111
00010010000011000000000000000111111111111110000000011101001111111111111111111111111111110000000011111111111111111100000000011111111111111111111111111111111111111111111111000000001111111110000011111111
00010010000010000000000000000111111111111110000000011101001111111111111111111111111111110000000011111111111111111100000000011111111111111111111111111111111111111111111111000000001111111110000011111111
00010010000001000000000000000111111111111110000000011101001111111111111111111111111111110000000011111111111111111100000000011111111111111111111111111111111111111111111111000000001111111110000011111111
00010010000001110001101011111111111111111110000000111111111111111111111111111111111111110000000011111111111111111100000000011111111111111111111111111111111111111111111111000000001111111110000011111111
00010010000000110001101011111111111111111110000000111111111111111111111111111111111111110000000011111111111111111100000000011111111111111111111111111111111111111111111111000000001111111110000011111111
00010011100001000000000000000111111111111110000000011101001111111111111111111111111111110000000011111111111111111100000000011111111111111111111111111111111111111111111111000000001111111110000011111111
00010011011010110001101011111111111111111110000000111111111111111111111111111111111111110000000011111111111111111100000000011111111111111111111111111111111111111111111111000000001111111110000011111111
00010010001101000110100000000111111111111110000000011101001111111111111111111111111111110000000011111111111111111100000000011111111111111111111111111111111111111111111111000000001111111110000011111111
00010010001101000101000000000111111111111110000000011101001111111111111111111111111111110000000011111111111111111100000000011111111111111111111111111111111111111111111111000000001111111110000011111111
00000000000000000001000000000111111111111110000000011101001111111111111001111000111111110000000011111111111111111100000000011111111111111111111100111111111111111111111111000000001111111110000011111111
00000000000000110000100000000111111111111110000000011101001111111111110110111111111111110000000011111111111111111100000000011111111111111111111111101011111111111111111111000000001111111110000011111111
00000000000000100000000000000111111111111110000000111111111111111100011111111111111111110000000011111111111111111100000000011111111111111111111111111111111111111111111111000000001111111110000011111111
00010010001101011000000000000111111111111110000000011101001111111111111111111111111111110000000011111111111111111100000000011111111111111111111111111111111111111111111111000000001111111110000011111111
00010010001101100100000000000111111111111110000000111111111111111111111111111111111111110000000011111111111111111100000000011111111111111111111111111111111111111111111111000000001111111110000011111111
00000000000000000000000001011111101011111110000000011101001111111111111010111111111111110000000011111111111111111100000000011111111111111111111111111111111111111111111111000000001111111110000011111111
00010010001101000000000000111111111111111110000000011101001111111111111111111111111111110000000011111111111111111100000000011111111111111111111111111111111111111111111111000000001111111110000011111111
00000000000000000000000000100111111111111110000000011101001111111100101111100000111111110000000011111111111111111100000000011111111111111111111111111111111111111111111111000000001111111110000011111111
00010010001101000000000000011111111111111110000000011101001111111111111111111111111111110000000011111111111111111100000000011111111111111111111111111111111111111111111111000000001111111110000011111111
00010010001101000000010000000111111111111110000000011101001111111111111111111111111111110000000011111111111111111100000000011111111111111111111111111111111111111111111111000000001111111110000011111111
00010010001101000000001100011111111111111110000000011101001111111111111111111111111111110000000011111111111111111100000000011111111111111111111111111111111111111111111111000000001111111110000011111111
00010010001101000000011010101111111111111110000000011101001111111111111111111111111111110000000011111111111111111100000000011111111111111111111111111111111111111111111111000000001111111110000011111111
00010010001101000000011010110111111111111110000000011101001111111111111111111111111111110000000011111111111111111100000000011111111111111111111111111111111111111111111111000000001111111110000011111111
11111111111111111111111111111011010011111110000000111111111111111111111111111111111111110000000011111111111111111100000000011111111111111111111111111111111111111111111111000000001111111110000011111111
11111111111111111111111111111101101111111110000000111111111111111111111111111111111111110000000011111111111111111100000000011111111111111111111111111111111111111111111111000000001111111110000011111111
11111111111111111111111111111110110111111110000000111111111111111111111111111111111111110000000011111111111111111100000000011111111111111111111111111111111111111111111111000000001111111110000011111111
11111111111111111111111111111011011111111110000000111111111111111111111111111111111111110000000011111111111111111100000000011111111111111111111111111111111111111111111111000000001111111110000011111111
11111111111111111111101111111101101011111110000000111111111111111111111111111111111111110000000011111111111111111100000000011111111111111111111111111111111111111111111111000000001111111110000011111111
11111111111111111111111111111010110011111110000000111111111111111111111111111111111111110000000011111111111111111100000000011111111111111111111111111111111111111111111111000000001111111110000011111111
11111111111111111111101111111011100011111110000000111111111111111111111111111111111111110000000011111111111111111100000000011111111111111111111111111111111111111111111111000000001111111110000011111111
11111111111111111111111111111111111101100010000000111111111111111111111111111111111111110000000011111111111111111100000000011111111111111111111111111111111111111100000000000000001111111110000011111111
11111111111111111111111111111111111110111000000000111111111111111111111111111111111111110000000011111111111111111100000000011111111111111111111111111111111111111111111111000000001111111110001111111111
11111111111111111111111111111111111111011100000000111111111111111111111111111111111111110000000011111111111111111100000000011111111111111111111111111111111111111111111111000000001111111110000011111111
11111111111111111111111111111111111101101010000000111111111111111111111111111111111111110000000011111111111111111100000000011111111111111111111111111111111111111100000000000000001111111110000011111111
11111111111111111111111111111111111101110100000000111111111111111111111111111111000000000000000011111111111111111100000000011111111111111111111111111111111111111111111111000000001111111110000011111111
11111111111111111111111111111111111100101000000000111111111111111111111111111111000000000000000011111111111111111100000000011111111111111111111111111111111111111100000000000000001111111110000011111111
11111111111111111111111111111111111110010000000000111111111111111111111111111111000000000000000011111111111111111100000000011111111111111111111111111111111111111100000000000000001111111110000011111111
00000000000000000000000000000000000000000000111110011101001111111111111111111111000000000000000011111111111111111100000000011111111111111111111111111111111111111100000000000000001111111110000011111111
00000000000000000000000000000000000000000001011000011101001111111111111111111111000000000000000011111111111111111111111111111111111111111111111111111111111111111100000000000000001111111110000011111111
00000000000000000000000000000000000000000001101001011101001111111111111111111111000000000000000011111111111111111111111111111111111111111111111111111111111111111100000000000000001111111110000011111111
00000000000000000000000000000000000000000001110101011101001111111111111111111111000000000000000011111111111111111111111111111111111111111111111111111111111111111100000000000000001111111110000011111111
00000000000000000000000000000000000000000001001010011101001111111111111111111111000000000000000011111111111111111111111111111111111111111111111111111111111111111100000000000000001111111110000011111111
00000000000000000000000000000000000000000001000101011101001111111111111111111111000000000000000011111111111111111111111111111111111111111111111111111111111111111100000000000000001111111110000011111111
00000000000000000000000000000000000000000000011010011101001111111101101111111111000000000000000011111111111111111100000000011111111111111111111111111111111111111100000000000000001111111110000011111111
00010010001101000010100000000111111111111110000000011100001111111111111111111111111111110000000011111111111111111100000000011111111111111111111111111111111111111111111111000000001111111110000011111111
11111111111111111111111111111111111111111111111111101101101111111111111111111111111111110000000011111111111111111111111111111111111111111111111111111111111111111111111111000000001111111111100011111111
11111111111111111111111111111111111111111111111111110110001111111111111111111111111111110000000011111111111111111111111111111111111111111111111111111111111111111111111111000000001111111110000011111111
11111111111111111111111111111111111111111111111111111010001111111111111111111111111111110000000011111111111111111111111111111111111111111111111111111111111111111111111111000000001111111110000011111111
00010010001101000010100000000111111111111110000000001101001111111111111111111111111111110000000011111111111111111100000000011111111111111111111111111111111111111111111111000000001111111110000011111111
11111111111111111111111111111111111111111111111111010010101111111111111111111111111111110000000011111111111111111111111111111111111111111111111111111111111111111111111111000000001111111110000011111111
00010010001101000010100000000111111111111110000000010001001111111111111111111111111111110000000011111111111111111100000000011111111111111111111111111111111111111111111111000000001111111110000011111111
00010010001101000010100000000111111111111110000000000000001111111111111111111111111111110000000011111111111111111100000000011111111111111111111111111111111111111111111111000000001111111110000011111111
11111111111111111111111111111111111111111111111111111111110111000011111111111111111111110000000011111111111111111111111111111111111111111111111111111111111111111111111111000000001111111110000011111111
11111111111111111111111111111111111111111111111111111111111011100011111111111111111111110000000011111111111111111111111111111111111111111111111111111111111111111111111111000000001111111110000011111111
11111111111111111111111111111111111111111111111111111111111101100011111111111111111111110000000011111111111111111111111111111111111111111111111111111111111111111111111111000000001111111110000011111111
11111111111111111111111111111111111111111111111111111111111110110011111111111111111111110000000011111111111111111111111111111111111111111111111111111111111111111111111111000000001111111110111111111111
11111111111111111111111111111111111111111111111111111111110111011011111111111111111111110000000011111111111111111111111111111111111111111111111111111111111111111111111111000000001111111110000011111111
11111111111111111111111111111111111111111111111111111111110001101111111111111111111111110000000011111111111111111111111111111111111111111111111111111111111111111111111111000000001111111110000011111111
11111111111111111111111111111111111111111111111111111111110000110011111111111111111111110000000011111111111111111111111111111111111111111111111111111111111111111111111111000000001111111110000011111111
11111111111111111111111111111111111111111111111111111111110000010011111111111111111111110000000011111111111111111111111111111111111111111111111111111111111111111111111111000000001111111110000011111111
01111111111111111101111011111111111111111111111110111111111111111101101111111111111111110000000011111111111111111111111111111111111111111111111111111111111111111111111111000000001111111110000011111111
01111111111111111101111011111111111111111111111111111111111111111110001111111111111111110000000011111111111111111111111111111111111111111111111111111111111111111111111111000000001111111110000011111111
11111111111111111101111111111111111111111111111111111111111111111110001111111111111111110000000011111111111111111100000000011111111111111111111111111111111111111111111111000000001111111110000011111111
11111111111111111111111011111111111111111111111110111111111111111100001111111111111111110000000011111111111111111100000000011111111111111111111111111111111111111111111111000000001111111110000011111111
11111111111111111011111111111111111111111111111111111111111111111111110100111111111111110000000011111111111111111111111111111111111111111111111111111111111111111111111111000000001111111110000011111111
11111111111111110111101111111111111111111111111111111111111111111111111011111111111111110000000011111111111111111111111111111111111111111111111111111111111111111111111111000000001111111110000011111111
11111111111111110111111111111111111111111111111111111111111111111111110100111111111111110000000011111111111111111111111111111111111111111111111111111111111111111111111111000000001111111110000011111111
11111111111111111011101111111111111111111111111111111111111111111111110100111111111111110000000011111111111111111111111111111111111111111111111111111111111111111111111111000000001111111110000011111111
11111111111111111111111111111111111111111111111111111111111111111111111111011010111111110000000011111111111111111111111111111111111111111111111111111111111111111111111111000000001111111110000011111111
11111111111111111111111011111111111111111111111111111111111111111111111111101100111111110000000011111111111111111111111111111111111111111111111111111111111111111111111111000000001111111110000011111111
11111111111111111111111011111111111111111111111111111111111111111111111111110100111111110000000011111111111111111111111111111111111111111111111111111111111111111111111111000000001111111110000011111111
11111111111111110111111011111111111111111111111111111111111111111111111111011011111111110000000011111111111111111111111111111111111111111111111111111111111111111111111111000000001111111110000011111111
11111111111111110111111011111111111111111111111111111111111111111111111111100100111111110000000011111111111111111111111111111111111111111111111111111111111111111111111111000000001111111110000011111111
11111111111111110111111011111111111111111111111111111111111111111111111111000100111111110000000011111111111111111111111111111111111111111111111111111111111111111111111111000000001111111110000011111111
11111111111111111111111111111111111111110000000000111111111111111111111111111111011100000000000011111111111111111100000000011111111111111111111111111111111111111100000000000000001111111110000011111111
11111111111111111111111111111111111111110000000000111111111111111111111111111111101100000000000011111111111111111100000000011111111111111111111111111111111111111100000000000000001111111110000011111111
11111111111111111111111111111111111111110000000000111111111111111111111111111111110100000000000011111111111111111100000000011111111111111111111111111111111111111100000000000000001111111110000011111111
11111111111111111111111111111111111111110000000000111111111111111111111111111111111011100000000011111111111111111100000000011111111111111111111111111111111111111100000000000000001111111110000011111111
11111111111111111111111111111111111111110000000000111111111111111111111111111111000101100000000011111111111111111100000000011111111111111111111111111111111111111100000000000000001111111110000011111111
11111111111111111111111111111111111111110000000000111111111111111111111111111111000110110000000011111111111111111100000000011111111111111111111111111111111111111100000000000000001111111110000011111111
11111111111111111111111111111111111111110000000000111111111111111111111111111111000111010000000011111111111111111100000000011111111111111111111111111111111111111100000000000000001111111110000011111111
11111111111111111111111111111111111111110000000000111111111111111111111111111111000001100000000011111111111111111100000000011111111111111111111111111111111111111100000000000000001111111110000011111111
00000000000000000000000000000000000000000000000000000000000000000000000000000000000000000110100011111111111111111100000000011111111111111111111111111100011111111100000000000000001111111110000011111111
00000000000000000000000000000000000000000000000000000000000000000000000000000000000000001011010011111111111111111100000000011111111111111111111111111111111111111100000000000000001111111110000011111111
00000000000000000000000000000000000000000000000000000000000000000000000000000000000000001101101011111111111111111100000000011111111111111111111111111111111111111100000000000000001111111110000011111111
00000000000000000000000000000000000000000000000000000000000000000000000000000000000000000110100011111111111111111100000000011111111111111111111110011111111111111100000000000000001111111110000011111111
00000000000000000000000000000000000000000000000000000000000000000000000000000000000000001011011011111111111111111100000000011111111111111111111111111111111111111100000000000000001111111110000011111111
00000000000000000000000000000000000000000000000000000000000000000000000000000000000000000100101011111111111111111100000000011111111111111111111111111111111111111100000000000000001111111110000011111111
00000000000000000000000000000000000000000000000000000000000000000000000000000000000000000010110011111111111111111100000000011111111111111111111111111111111111111100000000000000001111111110000011111111
00000000000000000000000000000000000000000000000000000000000000000000000000000000000000000000000011111111111111111100000000011111111111111111111111101010011111111100000000000000001111111110000011111111
11111111111111111111111111111111111111111111111111111111111111111111111111111111111111111111111101110001011111111111111111111111111111111111111111111111111111111111111111000000001111111110000011111111
11111111111111111111111111111111111111111111111111111111111111111111111111111111111111111111111110110010011111111111111111111111111111111111111111111111111111111111111111000000001111111110000011111111
11111111111111111111111111111111111111111111111111111111111111111111111111111111111111111111111111011000011111111111111111111111111111111111111111111111111111111111111111000000001111111110000011111111
11111111111111111111111111111111111111111111111111111111111111111111111111111111111111111111111111101100111111111111111111111111111111111111111111111111111111111111111111000000001111111110000011111111
11111111111111111111111111111111111111111111111111111111111111111111111111111111111111111111111100110100011111111111111111111111111111111111111111111111111111111111111111000000001111111110000011111111
11111111111111111111111111111111111111111111111111111111111111111111111111111111111111111111111100011000011111111111111111111111111111111111111111111111111111111111111111000000001111111110000011111111
11111111111111111111111111111111111111111111111111111111111111111111111111111111111111111111111101000001011111111111111111111111111111111111111111111111111111111111111111000000001111111110000011111111
11111111111111111111111111111111111111111111111111111111111111111111111111111111111111111111111110000010011111111111111111111111111111111111111111111111111111111111111111000000001111111110000011111111
11111111111111111111111111111111111111111111111111111111111111111111111111111111111111111111111100010000011111111111111111111111111111111111111111111111111111111111111111000000001111111110000011111111
11111111111111111111111111111111111111111111111111111111111111111111111111111111111111111111111111111111101111001011111111111111111111111111111111111111111111111111111111000000001111111110000011111111
11111111111111111111111111111111111111111111111111111111111111111111111111111111111111111111111111111111110111001011111111111111111111111111111111111111111111111111111111000000001111111110000011111111
11111111111111111111111111111111111111111111111111111111111111111111111111111111111111111111111111111111111011110011111111111111111111111111111111111111111111111111111111000000001111111110000011111111
11111111111111111111111111111111111111111111111111111111111111111111111111111111111111111111111111111111111101110011111111111111111111111111111111111111111111111111111111000000001111111110000011111111
11111111111111111111111111111111111111111111111111111111111111111111111111111111111111111111111111111111111110111011111111111111111111111111111111111111111111111111111111000000001111111110000011111111
11111111111111111111111111111111111111111111111111111111111111111111111111111111111111111111111111111111100111011111111111111111111111111111111111111111111111111111111111000000001111111110000011111111
11111111111111111111111111111111111111111111111111111111111111111111111111111111111111111111111111111111100111101111111111111111111111111111111111111111111111111111111111000000001111111110000011111111
11111111111111111111111111111111111111111111111111111111111111111111111111111111111111111111111111111111111001110011111111111111111111111111111111111111111111111111111111000000001111111110000011111111
11111111111111111111111111111111111111111111111111111111111111111111111111111111111111111111111111111111100000110011111111111111111111111111111111111111111111111111111111000000001111111110000011111111
00000000000000000000000000000000000000000000111110011101001111111111001111111111000000000000000011111111111111111101110100011111111111111111111111111111111111111100000000000000001111111110000011111111
00000000000000000000000000000000000000000000111110011101001111111111001111111111000000000000000011111111111111111110111000011111111111111111111111111111111111111100000000000000001111111110000011111111
00000000000000000000000000000000000000000000111110011101001111111111001111111111000000000000000011111111111111111111011001011111111111111111111111111111111111111100000000000000001111111110000011111111
00000000000000000000000000000000000000000000111110011101001111111111001111111111000000000000000011111111111111111111101010111111111111111111111111111111111111111100000000000000001111111110000011111111
00000000000000000000000000000000000000000000111110011101001111111111001111111111000000000000000011111111111111111101110100011111111111111111111101011111111111111100000000000000001111111110000011111111
00000000000000000000000000000000000000000000111110011101001111111111001111111111000000000000000011111111111111111110001000011111111111111111111111111111111111111100000000000000001111111110000011111111
00000000000000000000000000000000000000000000111110011101001111111111001111111111000000000000000011111111111111111100010001011111111111111111111111111111111111111100000000000000001111111110000011111111
00000000000000000000000000000000000000000000111110011101001111111111001111111111000000000000000011111111111111111100100010011111111111111111111111111111111111111100000000000000001111111110000011111111
00000000000000000000000000000000000000000000111110011101001111111111001111111111000000000000000011111111111111111100010000011111111111111111111101111111111111111100000000000000001111111110000011111111
11111111111111111111111111111111111111111111111111111111111111111111111111111111111111111111111111111111111111111111111111100010111111111111111111111111111111111111111111000000001111111110000011111111
11111111111111111111111111111111111111111111111111111111111111111111111111111111111111111111111111111111111111111111111111100001011111111111111111111111111111111111111111000000001111111110000011111111
11111111111111111111111111111111111111111111111111111111111111111111111111111111111111111111111111111111111111111111111111100000001111111111111111111111111111111111111111000000001111111110000011111111
11111111111111111111111111111111111111111111111111111111111111111111111111111111111111111111111111111111111111111111111111110000111011111111111111111111111111111111111111000000001111111110000011111111
11111111111111111111111111111111111111111111111111111111111111111111111111111111111111111111111111111111111111111111111111101000001111111111111111111111111111111111111111000000001111111110000011111111
11111111111111111111111111111111111111111111111111111111111111111111111111111111111111111111111111111111111111111111111111110010010111111111111111111111111111111111111111000000001111111110000011111111
11111111111111111111111111111111111111111111111111111111111111111111111111111111111111111111111111111111111111111111111111111010100111111111111111111111111111111111111111000000001111111110000011111111
11111111111111111111111111111111111111111111111111111111111111111111111111111111111111111111111111111111111111111111111111111111000111111111111111111111111111111111111111000000001111111110000011111111
11111111111111111111111111111111111111111111111111111111111111111111111111111111111111111111111111111111111111111111111111111101111011111111111111111111111111111111111111000000001111111110000011111111
11111111111111111111111111111111111111111111111111111111111111111111111111111111111111111111111111111111111111111111111111111111111101110000000011111111100000000011111111000000001111111110000011111111
11111111111111111111111111111111111111111111111111111111111111111111111111111111111111111111111111111111111111111111111111111111111110111010111111111111111111111111111111000000001111111110000011111111
11111111111111111111111111111111111111111111111111111111111111111111111111111111111111111111111111111111111111111111111111111111111111011110111111111111100000000011111111000000001111111110000011111111
11111111111111111111111111111111111111111111111111111111111111111111111111111111111111111111111111111111111111111111111111111111111111101100111111111111111111111111111111000000001111111110000011111111
11111111111111111111111111111111111111111111111111111111111111111111111111111111111111111111111111111111111111111111111111111111111101110000000111111111100000000011111111000000001111111110000011111111
11111111111111111111111111111111111111111111111111111111111111111111111111111111111111111111111111111111111111111111111111111111111100110000111111111111111111111111111111000000001111111110000011111111
11111111111111111111111111111111111111111111111111111111111111111111111111111111111111111111111111111111111111111111111111111111111101100000000011111111100000000011111111000000001111111110000011111111
11111111111111111111111111111111111111111111111111111111111111111111111111111111111111111111111111111111111111111111111111111111111100000000111111111111111111111111111111000000001111111110000011111111
11111111111111111111111111111111111111111111111111111111111111111111111111111111111111111111111111111111111111111111111111111111111101110101010011111111100000000011111111000000001111111110000011111111
11111111111111111111111111111111111111111111111111111111111111111111111111111111111111111111111111111111111111111111111111111111111101110101100011111111100000000011111111000000001111111110000011111111
11111111111111111111111111111111111111111111111111111111111111111111111111111111111111111111111111111111111111111111111111111111111101110101000111111111111111111111111111000000001111111110000011111111
11111111111111111111111111111111111111111111111111111111111111111111111111111111111111111111111111111111111111111111111111111111111101111101001011111111111111111111111111000000001111111110000011111111
11111111111111110111111111111111111111111111111111111111111111111111111111111111111111111111111111111111111111111111110111011111111111111111111101011111111111111111111111000000001111111110000011111111
11111111111111110111111111111111111111111111111111111111111111111111111111111111111111111110111111111111111111111111111111111111111111111111111110111111111111111111111111000000001111111110000011111111
11111111111111111111111111111111111111111111111111111111111111111111111111111111111111111110111111111111111111111111110111111111111111111111111101011111111111111111111111000000001111111110000011111111
11111111111111111011111111111111111111111111111111111111111111111111111111111111111111111111111011111111111111111111111111111111111111111111111111101100011111111111111111000000001111111110000011111111
11111111111111111111111111111111111111111111111111111111111111111111111111111111111111111111111111111111111111111111111111111111111111111111111111110101011111111111111111000000001111111110000011111111
11111111111111111011111111111111111111111111111111111111111111111111111111111111111111111111111011111111111111111111111111111111111111111111111111111010011111111111111111000000001111111110000011111111
11111111111111111111111111111111111111111111111111111111111111111111111111111111111111110111111111111111111111111111111111111111111111111111111111100100011111111111111111000000001111111110000011111111
11111111111111111111111111111111111111111111111111111111111111111111111111111111111111110111111011111111111111111111111111111111111111111111111111101000011111111111111111000000001111111110000011111111
11111111111111111111111111111111111111111111111111111111111111111111111111111111111111110111111011111111111111111111111111111111111111111111111111100000011111111111111111000000001111111110000011111111
11111111111111111111111111111111111111111111111111111111111111111111111111111111111111111111111111111111111111111111111111111111111101010101001111111111101110000111111111000000001111111110000011111111
11111111111111111111111111111111111111111111111111111111111111111111111111111111111111111111111111111111111111111111111111111111111101010101001111111111110110111011111111000000001111111110000011111111
11111111111111111111111111111111111111111111111111111111111111111111111111111111111111111111111111111111111111111111111111111111111101010101001111111111111011000011111111000000001111111110000011111111
11111111111111111111111111111111111111111111111111111111111111111111111111111111111111111111111111111111111111111111111111111111111101010101001111111111111101100011111111000000001111111110000011111111
11111111111111111111111111111111111111111111111111111111111111111111111111111111111111111111111111111111111111111111111111111111111101010101001111111111100110100011111111000000001111111110000011111111
11111111111111111111111111111111111111111111111111111111111111111111111111111111111111111111111111111111111111111111111111111111111101010101001111111111101011010011111111000000001111111110000011111111
11111111111111111111111111111111111111111111111111111111111111111111111111111111111111111111111111111111111111111111111111111111111101010101001111111111101000100011111111000000001111111110000011111111
11111111111111111111111111111111111111111111111111111111111111111111111111111111111111111111111111111111111111111111111111111111111101010101001111111111101000000011111111000000001111111110000011111111
11111111111111111111111111111111111111111111111111111111111111111111111111111111111111111111111111111111111111111111111111111111111101010101001111111111110000000011111111000000001111111110000011111111
11111111111111111111111111111111111101101000000000111111111111111111111111111111000000000000000011111111111111111100000000011111111111111111111111111111111111111101110000000000001111111110000011111111
11111111111111111111111111111111111101101000000000111111111111111111111111111111000000000000000011111111111111111100000000011111111111111111111111111111111111111110110010000000001111111110000011111111
11111111111111111111111111111111111101101000000000111111111111111111111111111111000000000000000011111111111111111100000000011111111111111111111111111111111111111111011101000000001111111110000011111111
11111111111111111111111111111111111101101000000000111111111111111111111111111111000000000000000011111111111111111100000000011111111111111111111111111111111111111111101101000000001111111110000011111111
11111111111111111111111111111111111101101000000000111111111111111111111111111111000000000000000011111111111111111100000000011111111111111111111111111111111111111100110010000000001111111110000011111111
11111111111111111111111111111111111101101000000000111111111111111111111111111111000000000000000011111111111111111100000000011111111111111111111111111111111111111100110010000000001111111110000011111111
11111111111111111111111111111111111101101000000000111111111111111111111111111111000000000000000011111111111111111100000000011111111111111111111111111111111111111101001100000000001111111110000011111111
11111111111111111111111111111111111101101000000000111111111111111111111111111111000000000000000011111111111111111100000000011111111111111111111111111111111111111100110000000000001111111110000011111111
00000000000000000000000000000000000000000000000000000000000000000000000000000000000000000000000000000000000000000000000000000000000000000000000000000000000000000000000000000011111111111110000011111111
00000000000000000000000000000000000000000000000000000000000000000000000000000000000000000000000000000000000000000000000000000000000000000000000000000000000000000000000000000000011111111110000011111111
00000000000000000000000000000000000000000000000000000000000000000000000000000000000000000000000000000000000000000000000000000000000000000000000000000000000000000000000000000001101111111110000011111111
00000000000000000000000000000000000000000000000000000000000000000000000000000000000000000000000000000000000000000000000000000000000000000000000000000000000000000000000000000001001111111110000011111111
00000000000000000000000000000000000000000000000000000000000000000000000000000000000000000000000000000000000000000000000000000000000000000000000000000000000000000000000000100000111111111110000011111111
00000000000000000000000000000000000000000000000000000000000000000000000000000000000000000000000000000000000000000000000000000000000000000000000000000000000000000000000000101100111111111110000011111111
00000000000000000000000000000000000000000000000000000000000000000000000000000000000000000000000000000000000000000000000000000000000000000000000000000000000000000000000000101011011111111110000011111111
00000000000000000000000000000000000000000000000000000000000000000000000000000000000000000000000000000000000000000000000000000000000000000000000000000000000000000000000000110011101111111110000011111111
11111111111111111111111111111111111111111111111111111111111111111111111111111111111111111111111111111111111111111111111111111111111111111111111111111111111111111111111111111111110001010110000011111111
11111111111111111111111111111111111111111111111111111111111111111111111111111111111111111111111111111111111111111111111111111111111111111111111111111111111111111111111111111111110000101110000011111111
11111111111111111111111111111111111111111111111111111111111111111111111111111111111111111111111111111111111111111111111111111111111111111111111111111111111111111111111111111111110000001110000011111111
11111111111111111111111111111111111111111111111111111111111111111111111111111111111111111111111111111111111111111111111111111111111111111111111111111111111111111111111111111111111000010110000011111111
11111111111111111111111111111111111111111111111111111111111111111111111111111111111111111111111111111111111111111111111111111111111111111111111111111111111111111111111111111111110100001010000011111111
11111111111111111111111111111111111111111111111111111111111111111111111111111111111111111111111111111111111111111111111111111111111111111111111111111111111111111111111111111111111001000000000011111111
11111111111111111111111111111111111111111111111111111111111111111111111111111111111111111111111111111111111111111111111111111111111111111111111111111111111111111111111111111111110110100110000011111111
11111111111111111111111111111111111111111111111111111111111111111111111111111111111111111111111111111111111111111111111111111111111111111111111111111111111111111111111111111111111111001010000011111111
11111111111111111111111111111111111111111111111111111111111111111111111111111111111111111111111111111111111111111111111111111111111111111111111111111111111111111111111111111111111111101101000111111111
00000000000000000000000000000000000000000000000000010000000000000000000000000000000000000000000000000000000000000000000000000000000000000000000000000000000000000000000000000000000000000010000011111111
00000000000000000000000000000000000000000000000000010000000001000000000000000000000000000000000000000000000000000000000000000000000000000000000000000000000000000000000000000000000000000000001111111111
00000000000000000000000000000000000000000000000000000000000001000000000000000000000000000000000000000000000000000000000000000000000000000000000000000000000000000000000000000000000000000000000011111111
00000000000000000000000000000000000001000000000000000000000001000000000000000000000000000000000000000000000000000000000000000000000000000000000000000000000000000000000000000000000000000000100111111111
00000000000000000000000000000000000001000000000000000000000001000000000000000000000000000000000000000000000000000000000000000000000000000000000000000000000000000000000000000000000000000010101011111111
11111111111111111111111111111111111111111111111111111111111111111111111111111111111111111111111111111111111111111111111111111111111111111111111111111111111111111111111111111111111111111111111100101100
11111111111111111111111111111111111111111111111111111111111111111111111111111111111111111111111111111111111111111111111111111111111111111111111111111111111111111111111111111111111111111111111100010100
11111111111111111111111111111111111111111111111111111111111111111111111111111111111111111111111111111111111111111111111111111111111111111111111111111111111111111111111111111111111111111111111110000010
11111111111111111111111111111111111111111111111111111111111111111111111111111111111111111111111111111111111111111111111111111111111111111111111111111111111111111111111111111111111111111111111101000011
11111111111111111111111111111111111111111111111111111111111111111111111111111111111111111111111111111111111111111111111111111111111111111111111111111111111111111111111111111111111111111111111110000011
11111111111111111111111111111111111111111111111111111111111111111111111111111111111111111111111111111111111111111111111111111111111111111111111111111111111111111111111111111111111111111111111111000001
11111111111111111111111111111111111111111111111111111111111111111111111111111111111111111111111111111111111111111111111111111111111111111111111111111111111111111111111111111111111111111111111100111000
11111111111111111111111111111111111111111111111111111111111111111111111111111111111111111111111111111111111111111111111111111111111111111111111111111111111111111111111111111111111111111111111100011100
