011100001111111111111111111111111111111000000111111111111111111111111111110000000011111111
101101111111111111111111111111111111111000000111111111111111111111111111110000000011111111
110110011111111111111111111111111111111000000111111111111111111111111111110000000011111111
111010101111111111111111111111111111111000000111111111111111111111111111110000000011111111
001101001111111111111111111111111111111000000111111111111111111111111111110000000011111111
010010101111111111111111111111111111111000000111111111111111111111111111110000000011111111
010101001111111111111111111111111111111000000001111111111111111111111111110000000011111111
011000001111111111111111111111111111111000000001111111111111111111111111110000000011111111
111111110110000011111111111111111111111000000111111111111111111111111111110000000011111111
111111111011100011111111111111111111111000000111111111111111111111111111110000000011111111
111111111101111011111111111111111111111000000111111111111111111111111111110000000011111111
111111110110000101111111111111111111111000000111111111111111111111111111110000000011111001
111111110110010011101111111111111111111000000111111111111111111111111111110000000011111001
111111110010100011110111011111111111111000000111111111111111111111111111110000000011111111
111111110010000000001110111111111111111000000111111111111111111111111111110000000011111111
111111110001000011111111111111111111111000000111111111111111111111111111110000000011111111
111111111110110101101111111111111111111000000111111111111111111111111111110000000011111001
111111111111110110101111111111111111111000000111111111111111111111111111110000000011111001
111111111111110111011111111111111111111000000111111111111111111111111111110000000011111111
111111111111010100101111111111111111111000000111111111111111111111111111110000000011111111
111111111111101111110110011111111100111000000111111111111111111111111111110000000011111111
111111111111111111111010011111111100111000000111111111111111111111111111110000000011111111
111111111111111111111101011111111100111000000111111111111111111111111111110000000011111111
111111111111110111110010011111111100111000000111111111111111111111111111110000000011111111
111111111111101111110000011111111100111000000111111111111111111111111111110000000011111111
111111111111111111111111101100001111111000000111111111111111111111111111110000000011111111
111111111111111111111111110110001111111000000111111111111111111111111111110000000011111111
111111111111111111111111111010001111111000000111111111111111111111111111110000000011111111
111111111111111111111111101101111111111000000111111111111111111111111111110000000011111111
111111111111111111111111100010001111111000000111111111111111111111111111110000000011111111
111111111111111111111111100010001111111000000111111111111111111111111111110000000011111111
111111111111111111111111100010001111111000000111111111111111111111111111110000000011111111
111111111111111111111111111111110111001000000111111111111111111111111111110000000011111111
111111111111111111111111111111111011010000000110000000001111111111111111110000000011111111
111111111111111111110000011111111101100000000110000000001111111111111111110000000011111111
111111111111111111110000011111111110110000000110000000001111111111111111110000000011111111
111111111111111111111111111111110011000000000110000000001111111111111111110000000011111111
111111111111111111111111111111110101000000000110000000001111111111111111110000000011111111
111111111111111111111111111111111000000000000110000000001111111111111111110000000011111111
000000000000000000000000000000000000000000010110000000001111111111111111110000000011111001
000000000000000000000000000000000000000000010110000000001111111111111111110000000011111001
000000000000000000000000000000000000000000001010000000001111111111111111110000000011111001
000000000000000000000000000000000000000000001010000000001111111111111111110000000011111001
000000000000000000000000000000000000000110000010000000001111111111111111110000000011111001
000000000000000000000000000000000000000001100010000000001111111111111111110000000011111001
111111001111111111111111111111111111111110000001111111111111111111111111110000000011111111
111111001111111111111111111111111111111111111001111111111111111111111111110000000011111111
111111111111111111111111111111111000000000000110010111011111111111111111110000000011111111
111111111111111111111111111111111000000000000110001011111111111111111111110000000011111111
111111111111111111111111111111111000000000000111000101101111111111111111110000000011111111
111111111111111111111111111111111000000000000110100011111111111111111111110000000011111111
111111111111111111111111111111111000000000000111010001101111111111111111110000000011111111
111111111111111111111111111111111000000000000111101000111111111111111111110000000011111111
111111111111111111111111111111111000000000000111111100011111111111111111110000000011111111
111111111111111111111111111111111000000000000110111110011111111111111111110000000011111111
111111111111111111111111111111111000000000000111101011101111111111111111110000000011111111
111111111111111111111111111111111111111111111111111111110111100001111111110000000011111111
111111111111111111111111111111111111111111111111111111111011101011111111110000000011111111
111111111111111111111111111111111111111111111111111111111101110001111111110000000011111111
111111111111111111111111111111111111111111111111111111111110110101111111110000000011111111
111111111111111111111111111111111111111111111111111111111111011001111111110000000011111111
111111111111111111111111111111111111111111111111111111110011101101111111110000000011111111
111111111111111111111111111111111111111111111111111111110100110001111111110000000011111111
111111111111111111111111111111111111111111111111111111110001010001111111110000000011111111
111111111111111111111111111111111111111111111111111111110100000001111111110000000011111111
111111111111111111111111111111111111111111111111111111111111111110110111000000000011111111
111111111111111111111111111111111111111111111111111111111111111111011000000000000011111111
111111111111111111111111111111111111111111111111111111111111111111101000000000000011111111
111111111111111111111111111111111111111111111111111111111111111110110111010000000011111111
111111111111111111111111111111111111111111111111111111111111111111001010000000000011111111
111111111111111111111111111111111111111111111111111111111111111111001100100000000011111111
111111111111111111111111111111111111111111111111111111111111111111001000100000000011111111
111111111111111111111111111111111111111111111111111111111111111110000011010000000011111111
111111111111111111111111111111111111111111111111111111111111111110001000100000000011111111
000000000000000000000000000000000000000000000000000000000000000000000000000111000011111001
000000000000000000000000000000000000000000000000000000000000000000000000001011010011111001
000000000000000000000000000000000000000000000000000000000000000000000000001101100111111001
000000000000000000000000000000000000000000000000000000000000000000000000001110101011111001
000000000000000000000000000000000000000000000000000000000000000000000000000011000011111001
000000000000000000000000000000000000000000000000000000000000000000000000000100001011111001
000000000000000000000000000000000000000000000000000000000000000000000000000001010011111001
000000000000000000000000000000000000000000000000000000000000000000000000000010000011111001
111111111111111111111111111111111111111111111111111111111111111111111111111111111101100100
111111111111111111111111111111111111111111111111111111111111111111111111111111111110111000
111111111111111111111111111111111111111111111111111111111111111111111111111111111111011010
111111111111111111111111111111111111111111111111111111111111111111111111111111111101100101
111111111111111111111111111111111111111111111111111111111111111111111111111111111101100110
111111111110011100111111111111111111111000000111111111111111111111111111110000000010011000
111111111110011100111111111111111111111000000111111111111111111111111111110000000000101000
111111111111111111111111111111111111111111111111111111111111111111111111111111111100010000
