011001100000011100111111111111111111111111000000111111111000000000000000000000000000000000
101001100000011111111111111111111111111111000000111111111000000000000000000000000000000000
110001100000011111111111111111111111111111111100111111111000000000000000000000000010101011
000001100000011111111111111111111111111111000000111111111000000000000000011111111100000000
000001100000011100111111111111111111111111111100111111111000000000000000000000000010101011
111110111100011111111111111111111111111111111100111111111000000000000000011111111110101011
111111011100011111111111111111111111111111111100111111111000000000000000011111111110101011
000001101110111111111111110101010111111111111100000000000000000000000000000000000010101011
000001110111011111111111110101010111111111111100000000000000000000000000000000000010101011
000001111011111111111111110101010111111111111100000000000000000000000000000000000010101011
000000011101111111111111110101010111111111111100000000000000000000000000000000000010101011
000000001110101110111111110101010111111111111100000000000000000000000000000000000010101011
000000010111011111111111110101010111111111111100000000000000000000000000000000000010101011
111111111110101100111111111111111111111111111100111111111000000000000000000000000010101011
111111111111110100111111111111111111111111111100111111111000000000000000011111111110101011
111111111111111011001110001111111111111111111100111111111111001000000000011111111110101011
011101111111100100111111111111111111111111111100111111111000000000000000011111111110101011
011101111110100100111111111111111111111111111100111111111000000000000000011111111110101011
111111111111111011011110001111111111111111111100111111111000000000000000011111111110101011
111111111111111011101110101111111111111111111100111111111000000000000000011111111110101011
111111111111111111110101001111111111111111111100111111111000000000000000011111111110101011
111111111111111111111001101111111111111111111100111111111000000000000000011111111110101011
111111111111111111110001001111111111111111111100111111111000000000000000011111111110101011
111111111111111011001110001111111111111111111100111111111000000000000000011111111110101011
111111111111111011010100011111111111111111111100111111111000000000000000011111111110101011
111111111111111011000000101111111111111111111100111111111000000000000000011111111110101011
111111100000011111111111110110100111111111000000111111111000000000000000011111111100000000
111111111111111111111111111011101111111111111100111111111000000000000000011111111110101011
111111100000011111111111111101111111111111000000111111111000000000000000011111111100000000
111111111111111111111111110110110111111111111100111111111000000000000000011111111110101011
111111100000011111111111111111010111111111000000000000000000000000000000011111111100000000
111111111111111111111111110011101111111111111100111111111000000000000000011111111110101011
111111100000011111111111110110010111111111000000000000000000000000000000011111111100000000
111111111111111111111111111111111000101101111100111111111000000000000000011111111110101011
111111111111111111111111111111111000010111111100111111111000000000000000011111111110101011
111111111111111111111111111111111000001011111100111111111000000000000000011111111110101011
111111111111111111111111111111111100001011111100111111111000000000000000011111111110101011
111111111111111111111111111111111010000110111100111111111000000000000000011111111110101011
111111111111111111111111111111111101100100111100111111111000000000000000011111111110101011
111111111111111111111111111111111110011011111100111111111000000000000000011111111110101011
111111111111111111111111111111111011110101111100111111111000000000000000011111111110101011
111111111111111111111111111111111111100110111100111111111000000000000000011111111110101011
001011111111111111111111110101010111111111000000000000000000000000000000000000000000000000
001011111111111111111111110101010111111111000000000000000000000000000000000000000000000000
001011111111111111111111110101010111111111000001000000000000000000000000000000000000000000
001011111111111111111111110101010111111111000001000000000000000000000000000000000000000000
000000000000000000000000000000000000000000000000000000000000000000000000000000000000000000
000000000000000000000000000000000000000000001100000000000000000000000000000000000010101011
111111100000011111111111111111010111111111000000000010111000000000000000011111111100000000
111111100000011111111111111111010111111111000000000010001000000000000000011111111100000000
111111100000011111111111111111010111111111000000000001111000000000000000011111111100000000
111111100000011111111111111111010111111111000000000001011000000000000000011111111100000000
111111100000011111111111111111010111111111000000110000111000000000000000011111111100000000
111111100000011111111111111111010111111111000000001100000000000000000000011111111100000000
111111100000011111111111111111010111111111000000101010001000000000000000011111111100000000
111111100000011111111111111111010111111111000000101110000000000000000000011111111100000000
111111100000011111111111111111010111111111000000111110100000000000000000011111111100000000
000000000000000100000000000000000000000000000000000000000000001100000000000000000000000000
000000000000000100000000000000000000000000000000000000000000000100000000000000000000000000
000000000000000100000000000000000000000000000000000000000000000100000000000000000000000000
000000000000000000000000000000000000000000000000000000000000000100000000000000000000000000
000000000000000000000000000000000000000000000000000000000000000000000000000000000000000000
000000000000000100000000000000000000000000000000000000000100000100000000000000000000000000
000000000000000000000000000000000000000000000000000000000111101000000000000000000010101011
000000000000000000000000000000000000000000000000000000000000000000011111100000000000000000
000000000000000000000000000000000000000000000000000000000000000000001110100000000000000000
000000000000000000000000000000000000000000000000000000000000000000000101100000000000000000
000000000000000000000000000000000000000000000000000000000000000010001011100000000000000000
000000000000000000000000000000000000000000000000000000000000000011010001100000000000000000
000000000000000000000000000000000000000000000000000000000000000011100011000000000000000000
000000000000000000000000000000000000000000000000000000000000000011010101100000000000000000
000000000000000000000000000000000000000000000000000000000000000010111110100000000000000000
000000000000000000000000000000000000000000000000000000000000000011111011000000000000000000
000101100000001111111111111111111111111111000000111111111000000000000000000000100000000000
000101100000001111111111111111111111111111000000111111111000000000000000000000011100000000
000101100000001111111111111111111111111111000000111111111000000000000000000000010100000000
000101100000001111111111111111111111111111000000111111111000000000000000000000001100000000
000101100000001111111111111111111111111111000000111111111000000000000000000000000100000000
000101100000001111111111111111111111111111000000111111111000000000000000010000000000000000
000101100000001111111111111111111111111111000000111111111000000000000000001100000100000000
000101100000001111111111111111111111111111000000111111111000000000000000001010000100000000
000101100000001111111111111111111111111111000000111111111000000000000000001111011000000000
001011111111111111111111110101010111111111000001000000000000000100000000000000000000001011
000000000000000000000000000000000000000000000000000000000000000000000000000000000000001011
001011111111111111111111110101010111111111000001000000000000000100000000000000000000000111
000000000000000000000000000000000000000000000000000000000000000000000000000000000000000111
001011111111111111111111110101010111111111000001000000000000000100000000000000000011000011
000000000000000000000000000000000000000000000000000000000000000000000000000000000000110011
001011111111111111111111110101010111111111000001000000000000000100000000000000000011111101
001011111111111111111111110101010111111111000001000000000000000100000000000000000011111110
