01010000000000001111111111111111000000000000000000
10101010000000001111111111111111000000000100010000
01011111000000001111111111111111000000000000000000
10101100000000001111111111111111000000000000000000
01110100000000000000000001111111000000000000000000
00111001000000000000000001111111000000000000000000
01100000000000000000000001111111000000000000000000
00100100000000000000000001111111000000000000000000
00000000000011000000000001111111000000000000000000
00000000000010110000000001111111000000000000000000
00000000000001010000000001111111000000000000000000
00000000000000110000000001111111000000000000000000
00000000110000010000000001111111000000000000000000
00000000101000010000000001111111000000000000000000
00000000010100000000000001111111000000000000000000
00000000011111000000000001111111000000000000000000
11110000000000000111000101111111000000000111000000
11110000000000001011100111111111000000000101000000
11110000000000001101111001111111000000000000100000
11110000000000001110111011111111000000000000000001
11110000000000000111011011111111000000000000000000
11110000000000000011100101111111000000000000000000
11110000000000000011100101111111000000000000000000
11110000000000001100011001111111000000000000000000
11110000000000000101100001111111000000000000000000
11111111111111111111111110110001000000000000000000
11111111111111111111111111011000000000000000000000
11111111111111111111111111101100000000000000000000
11111111111111111111111110110010000000000000000000
11111111111111111111111110010000000000000000000000
11111111111111111111111110001000000000000000010000
11111111111111111111111111000000000000000000000000
00000000000000000000000000000000011010000000000000
00000000000000000000000000000000101101000000000000
00000000000000000000000000000000110111010000000000
00000000000000000000000000000000011010100000000000
00000000000000000000000000000000101101011000000000
00000000000000000000000000000000011010100000000000
00000000000000000000000000000000000101011000000000
00000000000000000000000000000000001010101000000000
00000000000000000000000000000000000010110000000000
01000000000000001100000000000000000000000000100000
00000000000000001000000000000000000000000000100000
00000000000000001100000000000000000000000000000000
00000000000000000010000000000000000000000110000000
01000000000000000000000000000010000000000000000011
00000000000000000000000000000000000000000000000001
00000000000000000000000000000000000000000000000000
00000000000000000000000000000000000000000000010001
00000000000000000001000000000000000000000000011010
