0001110000000000000000000000111111111111111110000000000000000000000000
0000101111101000000000000000111111111111111110000000000001011000000000
0000110000000000000000000000111111111111111110000000000000000000000000
1000111111101000000000000000111111111111111111111111100001011000000000
1111010000000000000000000000111111111111111110000000000000000000000000
1011101111101000000000000000111111111111111111111111100001011000000000
0101010001001000000000000000111111111111111111111111100001011000000000
0101010000101000000000000000111111111111111111111111100000000000000000
0101010000011000000000000000111111111111111111111111100000000000000000
0101011000001000000000000000111111111111111111111111100001011000000000
0101010100000000000000000000111111111111111111111111100001011000000000
0000000010000000000000000000111111111111111110000000000001011000000000
0101011111000000000000000000111111111111111111111111100001011000000000
0000000000000000010011111001111111111111111110000000000000000111111111
0000000000000000101110000000111111111111111110000000000000000000000000
0000000000000000011000000000111111111111111110000000000000000000000000
0000000000000010001010000000111111111111111110000000000000000000000000
0000000000000101000100000000111111111111111110000000000000000000000000
0000000000000011100100000000111111111111111110000000000000000000000000
0000000000000010011011111001111111111111111110000000000000000111111111
0000000000000110100101111001111111111111111110000000000000000111111111
0000000000000100000110001011111111111111111110000000000000000000000000
0000000000000100000110000111111111111111111110000000000000000000000000
0000000000000100000110000001111111111111111110000000000000000000000000
0000000000000100000111000011111111111111111110000000000000000000000000
0000000000000000000000100010111111111111111110000000000000000000000000
0000000000000000000001101100111111111111111110000000000000000000000000
0000000000000100000111111000111111111111111110000000000000000111111111
1111111111111111111111111111000010111111111111111111100001011111111111
1111111111111111111111111111000001111111111111111111100001011111111111
1111111111111111111111111111000000100111111111111111100001011111111111
1111111111111111111111111111000000001111111111111111100001011111111111
1111111111111111111111111111100000011111111111111111100001011111111111
1111111111111111111111111111010000011111111111111111100001011111111111
1111111111111111111111111111111000010111111111111111100001011111111111
1111111111111111111111111111110011100111111111111111100001011111111111
1111111111111111111111111111110111000111111111111111100001011111111111
1111111111111111111111111111111111111000111111111111100001011111111111
1111111111111111111111111111111111111000011001111111100001011111111111
1111111111111111111111111111111111111000001111111111100001011111111111
1111111111111111111111111111111111111100000111111111100001011111111111
1111111111111111111111111111111111111110000011111111100001011111111111
1111111111111111111111111111111111111111000111111111100001011111111111
1111111111111111111111111111111111111101101001111111100001011111111111
1111111111111111111111111111111111111101111001111111100001011111111111
0001011111101000000000000000111111111111111110001011100001011000000000
0001011111101000000000000000111111111111111110000010100001011000000000
0001011111101000000000000000111111111111111110000000100001011000000000
0001011111101000000000000000111111111111111111000001100001011000000000
0001011111101000000000000000111111111111111110000001100001011000000000
0001011111101000000000000000111111111111111111100001100001011000000000
0001011111101000000000000000111111111111111111001110100001011000000000
0001011111101000000000000000111111111111111111111111000001011000000000
0000000000000000000000000000000000000000000000000000000001010000000000
0000000000000000000000000000000000000000000000000000000000101000000000
0000000000000000000000000000000000000000000000000000000000100000000000
0000000000000000000000000000000000000000000000000000000000011000000000
0101011001111000000000000000111111111111111111111111110000000000000000
0000000000000000000000000000000000000000000000000000001100001000000000
0101011001111000000000000000111111111111111111111111110010001000000000
0101011001111000000000000000111111111111111111111111101010110000000000
0000000000000100000110000001111111111111111110000000000000000000001111
0000000000000100000110000001111111111111111110000000000000000000001001
0000000000000100000110000001111111111111111110000000000000000000000101
0000000000000100000110000001111111111111111110000000000000000000000011
0000000000000100000110000001111111111111111110000000000000000000000010
0000000000000100000110000001111111111111111110000000000000000110000011
0000000000000100000110000001111111111111111110000000000000000101000001
0000000000000100000110000001111111111111111110000000000000000100111001
0000000000000100000110000001111111111111111110000000000000000111101110
