0001001100000001111111111111111100000000011111111111111100110011111111111111111111111111111111111111
0000111100000001111111111111111100000000011111111111111100110011111111111111111111111111111111111111
0000110010000001111111110000000000000000000000000111111100000000111111111111111111111111111111111111
1000000100000001111111111111111100000000011111111111111100110011111111111111111111111111111111111111
0110001110100011111111110000000000000000000000000111111100000000111111111111111111111111111111111111
0110001100000001111111110000000000000000000000000111111100000000111111111111111111111111111111111111
1100110100000001111111111111111100000000011111111111111100110011111111111111111111111111111111111111
1101111000000001111111111111111100000000011111111111111100110011111111111111111111111111111111111111
0010100000000111111111110000000000000000000000000111111100000000111111111111111111111111111111111111
0000000000001111111111110000000000000000000000000111111100000000111111111111111111111111111111111111
0000100000000111111111110000000000000000000000000111111100000000111111111111111111111111111111111111
0000000000000001111111110000000000000000000000000111111100000000111111111111111111111111111111111111
0000000001000111111111110000000000000000000000000111111100000000111111111111111111111111111111111111
0000000011101011111111110000000000000000000000000111111100000000111111111111111111111111111111111111
0000100011101101111111110000000000000000000000000111111100000000111111111111111111111111111111111111
1111111111111110000101111111111100000000011111111111111100110011111111111111111111111111111111111111
1111111111111110000011111111111100000000011111111111111100110011111111111111111111111111111111111111
1111111111111110000011101111111100000000011111111111111100110011111111111111111111111111111111111111
1111111111111110000000011111111100000000011111111111111100110011111111111111111111111111111111111111
1111111111111111000000101111111100000000011111111111111100110011111111111111111111111111111111111111
1111111111111110110001011111111100000000011111111111111100110011111111111111111111111111111111111111
1111111111111111110010001111111100000000011111111111111100110011111111111111111111111111111111111111
1111111111111111110100011111111100000000011111111111111100110011111111111111111111111111111111111111
1111111111111111101010101111111100000000011111111111111100110011111111111111111111111111111111111111
1101001100000001111111110110111000000000011111111111111100110011111111111111111111111111111111111111
1101001100000001111111111011000000000000011111111111111100110011111111111111111111111111111111111111
1101001100000001111111111101000000000000011111111111111100110011111111111111111111111111111111111111
1101001100000001111111110110100100000000000000000111111100000000111111111111111111111111111111111111
1101001100000001111111111001011000000000011111111111111100110011111111111111111111111111111111111111
1101001100000001111111111000101000000000000000000111111100000000111111111111111111111111111111111111
1101001100000001111111111000110000000000000000000111111100000000111111111111111111111111111111111111
1101001100000001111111110001000000000000000000000111111100000000111111111111111111111111111111111111
0000000000000000000000000000000000000110000000000111111100000000111111111111111111111111111111111111
0000000000000000000000000000000000000101100000000111111100000000111111111111111111111111111111111111
0000000000000000000000000000000000000011100000000111111100000000111111111111111111111111111111111111
0000000000000000000000000000000000000011100000000111111100000000111111111111111111111111111111111111
0000000000000000000000000000000000000001100000000111111100000000111111111111111111111111111111111111
0000000000000000000000000000000011000001100000000111111100000000111111111111111111111111111111111111
0000000000000000000000000000000010110001100000000111111100000000111111111111111111111111111111111111
0000000000000000000000000000000001111110100000000111111100000000111111111111111111111111111111111111
0000000000000000000000000000000001111111000000000111111100000000111111111111111111111111111111111111
1101001100000001111111111110100000000000000000111111111100000000111111111111111111111111111111111111
1101001100000001111111111110100000000000000000101111111100000000111111111111111111111111111111111111
1101001100000001111111111110100000000000000000000111111100000000111111111111111111111111111111111111
1101001100000001111111111110100000000000000000000111111100000000111111111111111111111111111111111111
1101001100000001111111111110100000000000000000000111111100000000111111111111111111111111111111111111
1101001100000001111111111110100000000000011000011111111100000000111111111111111111111111111111111111
1101001100000001111111111110100000000000010000100111111100110011111111111111111111111111111111111111
1101001100000001111111111110100000000000011000100111111100110011111111111111111111111111111111111111
1111111111111111111111111111111111111111111111111001001100110011111111111111111111111111111000000000
1111111111111111111111111111111111111111111111111000010100110011111111111111111111111111111000000000
1111111111111111111111111111111111111111111111111100001100110011111111111111111111111111111000000000
1111111111111111111111111111111111111111111111111000000000110011111111111111111111111111111111111111
1111111111111111111111111111111111111111111111111010000100110011111111111111111111111111111000000000
1111111111111111111111111111111111111111111111111101000100110011111111111111111111111111111111111111
1111111111111111111111111111111111111111111111111111011000110011111111111111111111111111111000000000
0000000000000000000000000000000000000000000000000000000000001111111111111111111111111111111000000000
0000000000000000000000000000000000000000000000000000000000000110111111111111111111111111111000000000
1101001100000001111111111110100000000000000000011111111100000011111111111111111111111111111111111111
1101001100000001111111111110100000000000000000011111111100000000111111111111111111111111111111111111
0000000000000000000000000000000000000000000000000000000010000001111111111111111111111111111000000000
0000000000000000000000000000000000000000000000000000000011000000111111111111111111111111111000000000
1101001100000001111111111110100000000000000000011111111111100001111111111111111111111111111111111111
1101001100000001111111111110100000000000000000011111111110101010111111111111111111111111111111111111
1111111111111111111111111111111111111111111111111111111111111111000010101111111111111111111111111111
1111111111111111111111111111111111111111111111111111111111111111000001111111111111111111111111111111
1111111111111111111111111111111111111111111111111111111111111111000001011111111111111111111111111111
1111111111111111111111111111111111111111111111111111111111111111000000110111111111111111111111111111
1111111111111111111111111111111111111111111111111111111111111111100000011111111111111111111111111111
1111111111111111111111111111111111111111111111111111111111111111011000100111111111111111111111111111
1111111111111111111111111111111111111111111111111111111111111111110101011111111111111111111111111111
1111111111111111111111111111111111111111111111111111111111111111011110101111111111111111111111111111
1111111111111111111111111111111111111111111111111111111111111111111010110111111111111111111111111111
1111111111111111111111111111111111111111111111111111111111111111111111111000011111111111111111111111
1111111111111111111111111111111111111111111111111111111111111111111111111000001111111111111111111111
1111111111111111111111111111111111111111111111111111111111111111111111111000000111111111111111111111
1111111111111111111111111111111111111111111111111111111111111111111111111000000101111111111111111111
1111111111111111111111111111111111111111111111111111111111111111111111111100000001111111111111111111
1111111111111111111111111111111111111111111111111111111111111111111111111110000011111111111111111111
1111111111111111111111111111111111111111111111111111111111111111111111111111100000111111111111111111
1111111111111111111111111111111111111111111111111111111111111111111111111111001000111111111111111111
1111111111111111111111111111111111111111111111111111111111111111111111111111111000111111111111111111
1111111111111111111111111111111111111111111111111111111111111111111111111111111111000111110111111111
1111111111111111111111111111111111111111111111111111111111111111111111111111111111000011011111111111
1111111111111111111111111111111111111111111111111111111111111111111111111111111111000001111111111111
1111111111111111111111111111111111111111111111111111111111111111111111111111111111100000111111111111
1111111111111111111111111111111111111111111111111111111111111111111111111111111111110001101111111111
1111111111111111111111111111111111111111111111111111111111111111111111111111111111111010111111111111
1111111111111111111111111111111111111111111111111111111111111111111111111111111111101111011111111111
1111111111111111111111111111111111111111111111111111111111111111111111111111111111111101101111111111
1111111111111111111111111111111111111111111111111111111111111111111111111111111111011111110111111111
1111111111111111111111111111111111111111111111111000101000110011111111111111111111111111111000111100
1111111111111111111111111111111111111111111111111000101000110011111111111111111111111111111000011111
1111111111111111111111111111111111111111111111111000101000110011111111111111111111111111111000001001
1111111111111111111111111111111111111111111111111000101000110011111111111111111111111111111100010111
1111111111111111111111111111111111111111111111111000101000110011111111111111111111111111111110100111
1111111111111111111111111111111111111111111111111000101000110011111111111111111111111111111111000011
1111111111111111111111111111111111111111111111111000101000110011111111111111111111111111111110110011
1111111111111111111111111111111111111111111111111000101000110011111111111111111111111111111010111101
1111111111111111111111111111111111111111111111111000101000110011111111111111111111111111111011111110
