00010111111100000001111111111111100000000000101110000000000000000000000000000000
00001111111100000001111111111111100000000000101110000000000000000000000000000000
00010111111100000001111111111111111111111000101110000000000000000000000000000000
10101111111100000001111111111111111111111000101110000000000000000000000000000000
01010111111110001101111111111111111111111000101110000000000000000000000000000000
11111000111110001101111111111111111111111000000000000000000000000000001000000000
11111000001110001101111111111111111111111000000000000000000000000000000000000000
11111000000110001101111111111111111111111000000000000000000000000000000000000000
11111100011110001101111111111111111111111000101110000000000000000000000000000000
11111100101010001101111111111111111111111000101110000000000000000000000000000000
11111110110110001101111111111111111111111000101110000000000000000000000000000000
11111111101010001101111111111111111111111000101110000000000000000000000000000000
00001111111100001011111111111110100000000000101110000000000000000000000000000000
00000000000000000111111111111111100000000000000000000000000000000000000000000000
00000000000000001111111111111111100000000000000000000000000000000000000000000000
00000000000000001011111111100000100000000000000000000000000000000000000000000000
00001111111110110111111111111111100000000000101110000000000000000000000000000000
00001111111101101011111111111111100000000000101110000000000000000000000000000000
00000000000011111101111111111111100000000000000000000000000000000000000000000000
11111111111111111110110100011111111111111000101110000000000000000000000000000000
11111111111111111111011011011111111111111000101110000000000000000000000000000000
11111111111111111111101111111111111111111000101110000000000000000110110000000000
11111111111111111110110100011111111111111000101110000000000000000000000000000000
11111111111111111111011011011111111111111000101110000000000000000000000000000000
11111111111111111110110100011111111111111000101110000000000000000000000000000000
11111111111111111110110100011111111111111000101110000000000000000000000000000000
11111111111111111110010000011111111111111000101110000000000000000000000000000000
11111111111111101111111111101101000000000000101110000000000000000000000000000000
11111111111111101111111111110100011111111000101110000000000000000000000000000000
11111111111111101111111111111000011111111000101110000000000000000000000000000000
11111111111111101111111111100001011111111000101110000000000000000000000000000000
11111111111101101111111111110010011111111000101110000000000000000000000000000000
11111111111111111111111111100000000000000000101110000000000000000000000000000000
00111111111100000001111111101111001111001000101110000000000000000000000000000000
00111111111100000001111111101111010100000000101110000000000000000000000000000000
00111111111100000001111111101111011000100000101110000000000000000000000000000000
00111111111100000001111111101111010001100000101110000000000000000000000000000000
00111111111100000001111111101111010010100000101110000000000000000000000000000000
00111111111100000001111111101111000111010000101110000000000000000000000000000000
00111111111100000001111111101111000000100000101110000000000000000000000000000000
00111111111100000001111111101111010000000000101110000000000000000000000000000000
00000000000000000000000000000000000000000000011110000000000000000000000000000000
00000000000000000000000000000000000000000000010110000000000000000000000000000000
00000000000000000000000000000000000000000000000010000000000000000000000000000000
11111000111110001101111111111111111111111000001110000000000000000000000000000000
00000000000000000000000000000000000000000110000010000000000000000000000000000000
11111000111110001101111111111111111111111100100000000000000000000000000000000000
11111000111110001101111111111111111111111110100000000000000000000000000000000000
11111000111110001101111111111111111111111111110000000000000000000000000000000000
00000000000000000000000000000000000000000000000000001111100000000000000000000000
00000000000000000000000000000000000000000000000000000111100000000000000000000000
00000000000000000000000000000000000000000000000000000011100000000000000000000000
00000000000000000000000000000000000000000000000001000000000000000000000000000000
00000000000000000000000000000000000000000000000001100010000000000000000000000000
00000000000000000000000000000000000000000000000001110100000000000000000000000000
00000000000000000000000000000000000000000000000001110000100000000000000000000000
00000000000000000000000000000000000000000000000001110001000000000000000000000000
00000000000000000000000000000000000000000000000000000000000001001000000000000000
00000000000000000000000000000000000000000000000000000000000000111000000000000000
00000000000000000000000000000000000000000000000000000000000000110000000000000000
00000000000000000000000000000000000000000000000000000000000000000000000000000000
00000000000000000000000000000000000000000000000000000000010000001000000000000000
00000000000000000000000000000000000000000000000000000000001100001000000000000000
00000000000000000000000000000000000000000000000000000000001100000000000000000000
00000000000000000000000000000000000000000000000000000000011001100000000000000000
00000000000000000000010000000000000000000000000000000000000000000001111000000000
00000000000000000000010000000000000000000000000000000000000000000000110000000000
00000000000000000000000000000000000000000000000000000000000000000100001000000000
00000000000000000000010000000000000000000000000000000000000000000110011000000000
00000000000000000000010000000000000000000000000000000000000000000110101000000000
00000100000000000000000000000000000000000000000000000000000000000101110000000000
00000000000000000000000000000000000000000000000000000000000000000000000000100111
00000000000000000000000000000000000000000000000000000000000000000000000000011101
00000000000000000000000000000000000000000000000000000000000000000000000000011011
00000000000000000000000000000000000000000000000000000000000000000000000100000111
00000000000000000000000000000000000000000000000000000000000000000000000011001111
00000000000000000000000000000000000000000000000000000000000000000000000011010110
00000000000000000000000000000000000000000000000000000000000000000000000110111011
00000000000000000000000000000000000000000000000000000000000000000000000101111101
00000000000000000000000000000000000000000000000000000000000000000000000111110110
