000010011111111111111111111111110000000000011111111111111111111101101111111111111111111100000000000000000000000000000000000000000000000000000000000000
000000111111111111111111111111110000000000011111111111111111111101101111111111111111111100000000000000000000000000000000000000000000000000000000000000
000001111111111111111111111111110000000000000000111111111111111101101111111111111111111100000000000000000000000000000000000000000000000000000000000000
000001111111111111111111111111110000000000000000111111111111111101101111111111111111111100000000000000000000000000000000000000000000000000000000000000
100000001111111111111111111111110000000000000000111111111111111101101111111111111111111100000000000000000000000000000000000000000000000000000000000000
001100001111111111111111111111110000000000000000111111111111111101101111111111111111111100000000000000000000000000000000000000000000000000000000000000
011100011111111111111111111111110000000000000000111111111111111101101111111111111111111100000000000000000000000000000000000000000000000000000000000000
111100101111111111111111111111110000000000011111111111111111111101101111111111111111111100000000000000000000000000000000000000000000000000000000000000
111111110001011111111111111111110000000000011111111111111111111101101111111111111111111100000000000000000000000000000000000000000000000000000000000000
111111110000101111111111111111110000000000011111111111111111111101101111111111111111111100000000000000000000000000000000000000000000000000000000000000
111111110000011011111111111111110000000000011111111111111111111101101111111111111111111100000000000000000000000000000000000000000000000000000000000000
111111111000010111111111111111110000000000011111111111111111111101101111111111111111111100000000000000000000000000000000000000000000000000000000000000
111111110100001101111111111111110000000000011111111111111111111101101111111111111111111100000000000000000000000000000000000000000000000000000000000000
111111111011001101111111111111110000000000011111111111111111111101101111111111111111111100000000000000000000000000000000000000000000000000000000000000
111111111110110011111111111111110000000000011111111111111111111101101111111111111111111100000000000000000000000000000000000000000000000000000000000000
111111111101110011111111111111110000000000011111111111111111111101101111111111111111111100000000000000000000000000000000000000000000000000000000000000
111111111111001101111111111111110000000000011111111111111111111101101111111111111111111100000000000000000000000000000000000000000000000000000000000000
111111111111111110000111111111110000000000011111111111111111111101101111111111111111111100000000000000000000000000000000110010000000000000000000000000
111111111111111110000100011111110000000000011111111111111111111101101111111111111111111100000000000000000000000000000000000000000000000000000000000000
111111111111111110000011100000000000000000011111111111100000000101101111111111100000000000000000000000000000000000000000000000000000000000000000000000
111111111111111110000011000000000000000000011111111111100000000101101111111111100000000000000000000000000000000000000000000000000000000000000000000000
111111111111111111100000111111110000000000011111111111111111111101101111111111111111111100000000000000000000000000000000000000000000000000000000000000
111111111111111111011000111111110000000000011111111111111111111101101111111111111111111100000000000000000000000000000000000000000000000000000000000000
111111111111111111011000000000000000000000011111111111100000000101101111111111100000000000000000000000000000000000000000000000000000000000000000000000
111111111111111111010110011111110000000000011111111111111111111101101111111111111111111100000000000000000000000000000000000000000000000000000000000000
111111111111111111100110100010110000000000011111111111111111111101101111111111111111111100000000000000000000000000000000000000000000000000000000000000
111111111111111111100110100001110000000000011111111111111111111101101111111111111111111100000000000000000000000000000000000000000000000000000000000000
111111111111111111100110100000000000000000011111111111100000000101101111111111100000000000000000000000000000000000000000000000000000000000000000000000
111111111111111111100110110000100000000000011111111111100000000101101111111111100000000000000000000000000000000000000000000000000000000000000000000000
111111111111111111100110101000010000000000011111111111111111111101101111111111111111111100000000000000000000000000000000000000000000000000000000000000
111111111111111111100110111010010000000000011111111111100000000101101111111111100000000000000000000000000000000000000000000000000000000000000000000000
111111111111111111100110111001100000000000011111111111100000000101101111111111100000000000000000000000000000000000000000000000000000000000000000000000
000000000000000000000000000000000001101100000000111111100000000101101111111111100000000000000000000000000000000000000000000000000000000000000000000000
000000000000000000000000000000000000111100000000111111100000000101101111111111100000000000000000000000000000000000000000000000000000000000000000000000
000000000000000000000000000000000000011100000000111111100000000101101111111111100000000000000000000000000000000000000000000000000000000000000000000000
000000000000000000000000000000001000001000000000111111100000000101101111111111100000000000000000000000000000000000000000000000000000000000000000000000
000000000000000000000000000000001100000000000000111111100000000101101111111111100000000000000000000000000000000000000000000000000000000000000000000000
000000000000000000000000000000000110000100000000111111100000000101101111111111100000000000000000000000000000000000000000000000000000000000000000000000
000000000000000000000000000000001111000000000000111111100000000101101111111111100000000000000000000000000000000000000000000000000000000000000000000000
000000000000000000000000000000001110010000000000111111100000000101101111111111100000000000000000000000000000000000000000000000000000000000000000000000
000000000000000000000000000000000000000000011111111111100000000101101111111111100000000000000000000000000000000000000000000000000000000000000000000000
000000000000000000000000000000000000000000011111111111100000000101101111111111100000000000000000000000000000000000000000000000000000000000000000000000
000000000000000000000000000000000000000000000100111111100000000101101111111111100000000000000000000000000000000000000000000000000000000000000000000000
110000011111111111111111111111110000000011000111111111111111111101101111111111111111111100000000000000000000000000000000000000000000000000000000000000
110000011111111111111111111111110000000011000011111111111111111101101111111111111111111100000000000000000000000000000000000000000000000000000000000000
110000011111111111111111111111110000000011110011111111111111111101101111111111111111111100000000000000000000000000000000000000000000000000000000000000
110000011111111111111111111111110000000011011101111111111111111101101111111111111111111100000000000000000000000000000000000000000000000000000000000000
110000011111111111111111111111110000000011011110111111111111111101101111111111111111111100000000000000000000000000000000000000000000000000000000000000
111111111111111111111111111111111111111111111111000011111111111101101111111111111111111100000000000000000000000000000000000000000000000000000000000000
111111111111111111111111111111111111111111111111000010111111111101101111111111111111111100000000000000000000000000000000000000000000000000000000000000
111111111111111111111111111111111111111111111111000001111111111101101111111111111111111100000000000000000000000000000000000000000000000000000000000000
111111111111111111111111111111111111111111111111000001011111111101101111111111111111111100000000000000000000000000000000000000000000000000000000000000
111111111111111111111111111111111111111111111111110000011111111000000001111111111111111100000000000000000000000000000000000000000000000000000000000000
111111111111111111111111111111111111111111111111101100011111111000000001111111111111111100000000000000000000000000000000000000000000000000000000000000
111111111111111111111111111111111111111111111111111000011111111101101111111111111111111100000000000000000000000000000000000000000000000000000000000000
111111111111111111100110111001000000000000011111111111100011111101101111111111111111111100000000000000000000000000000000000000000000000000000000000000
111111111111111111100110111001000000000000011111111111100011111101101111111111100000000000000000000000000000000000000000000000000000000000000000000000
111111111111111111100110111001000000000000011111111111100001111101101111111111111111111100000000000000000000000000000000000000000000000000000000000000
111111111111111111100110111001000000000000011111111111111001010101101111111111100000000000000000000000000000000000000000000000000000000000000000000000
111111111111111111100110111001000000000000011111111111111110001101101111111111100000000000000000000000000000000000000000000000000000000000000000000000
111111111111111111100110111001000000000000011111111111111100001101101111111111111111111100000000000000000000000000000000000000000000000000000000000000
111111111111111111100110111001000000000000011111111111111110001101101111111111111111111100000000000000000000000000000000000000000000000000000000000000
111111111111111111100110111001000000000000011111111111111101110101101111111111100000000000000000000000000000000000000000000000000000000000000000000000
111111111111111111111111111111111111111111111111111100111111111000001111111111111111111100000000000000000000000000000000000000000000000000000000000000
000000000000000000000000000000000000000000000000000000000000000000001111111111100000000000000000000000000000000000000000000000000000000000000000000000
111111111111111111111111111111111111111111111111111100111111111000000011111111111111111100000000000000000000000000000000000000000000000000000000000000
111111111111111111111111111111111111111111111111111100111111111000000011111111111111111100000000000000000000000000000000000000000000000000000000000000
000000000000000000000000000000000000000000000000000000000000000000000001111111100000000000000000000000000000000000000000000000000000000000000000000000
111111111111111111111111111111111111111111111111111100111111111110000111111111111111111100000000000000000000000000000000000000000000000000000000000000
111111111111111111111111111111111111111111111111111100111111111110001011111111111111111100000000000000000000000000000000000000000000000000000000000000
111111111111111111111111111111111111111111111111111100111111111111101101111111111111111100000000000000000000000000000000000000000000000000000000000000
111111111111111111111111111111111111111111111111111111111111111111111110000101111111111100000000000000000000000000000011001100000000000000000000000000
111111111111111111111111111111111111111111111111111111111111111111111110000011111111111100000000000000000000000000000000000000000000000000000000000000
111111111111111111111111111111111111111111111111111111111111111111111110000011111111111100000000000000000000000000000000000000000000000000000000000000
111111111111111111111111111111111111111111111111111111111111111111111110000011111111111100000000000000000000000000000000000000000000000000000000000000
111111111111111111111111111111111111111111111111111111111111111111111111000000111111111100000000000000000000000000000000000000000000000000000000000000
111111111111111111111111111111111111111111111111111111111111111111111110111000011111111100000000000000000000000000000000000000000000000000000000000000
111111111111111111111111111111111111111111111111111111111111111111111111111000011111111100000000000000000000000000000000000000000000000000000000000000
111111111111111111111111111111111111111111111111111111111111111111111111111100011111111100000000000000000000000000000000000000000000000000000000000000
111111111111111111100110111001000000000000011111111111110100110101101111111111100001011100000000000000000000000000000000000000000000000000000000000000
111111111111111111100110111001000000000000011111111111110100110101101111111111100000100100000000000000000000000000000000000000000000000000000000000000
111111111111111111100110111001000000000000011111111111110100110101101111111111100000011100000000000000000000000000000000000000000000000000000000000000
111111111111111111100110111001000000000000011111111111110100110101101111111111100000001100000000000000000000000000000000000000000000000000000000000000
111111111111111111100110111001000000000000011111111111110100110101101111111111110000001100000000000000000000000000000000000000000000000000000000000000
111111111111111111100110111001000000000000011111111111110100110101101111111111101000000000000000000000000000000000000000000000000000000000000000000000
111111111111111111100110111001000000000000011111111111110100110101101111111111110100000100000000000000000000000000000000000000000000000000000000000000
111111111111111111100110111001000000000000011111111111110100110101101111111111110111000000000000000000000000000000000000000000000000000000000000000000
111111111111111111100110111001000000000000011111111111110100110101101111111111111111010000000000000000000000000000000000000000000000000000000000000000
000000000000000000000000000000000000000000000000000000000000000000000000000000000000000000010110000000000000000000000000000000000000000000000000000000
000000000000000000000000000000000000000000000000000000000000000000000000000000000000000000001110000000011011000000000000000000000000000000000000000000
000000000000000000000000000000000000000000000000000000000000000000000000000000000000000000000000000000000000000000000000000000000000000000000000000000
000000000000000000000000000000000000000000000000000000000000000000000000000000000000000010000010000000000000000000000000000000000000000000000000000000
000000000000000000000000000000000000000000000000000000000000000000000000000000000000000001000000000000000010100000000000000000000000000000000000000000
000000000000000000000000000000000000000000000000000000000000000000000000000000000000000011000011111111100000000000000000000000000000000000000000000000
000000000000000000000000000000000000000000000000000000000000000000000000000000000000000011010101111111100000000000000000000000000000000000000000000000
000000000000000000000000000000000000000000000000000000000000000000000000000000000000000000000110001111100000000000000000000000000000000000000000000000
000000000000000000000000000000000000000000000000000000000000000000000000000000000000000000000110000111100000000000000000000000000000000000000000000000
000000000000000000000000000000000000000000000000000000000000000000000000000000000000000000000110000111100000000000000000000000000000000000000000000000
000000000000000000000000000000000000000000000000000000000000000000000000000000000000000000000111000001100000000000000000000000000000000000000000000000
000000000000000000000000000000000000000000000000000000000000000000000000000000000000000000000111110011100000000000000000000000000000000000000000000000
000000000000000000000000000000000000000000000000000000000000000000000000000000000000000000000111110100000000000000000000000000000000000000000000000000
000000000000000000000000000000000000000000000000000000000000000000000000000000000000000000000111111100100000000000000000000000000000000000000000000000
000000000000000000000000000000000000000000000000000000000000000000000000000000000000000000000111111101000000000000000000000000000000000000000000000000
000000000000000000000000000000000000000000000000000000000000000000000000000000000000000001000000000000000001100000000000000000000000000000000000000000
000000000000000000000000000000000000000000000000000000000000000000000000000000000000000001000000000000000001100000000000000000000000000000000000000000
000000000000000000000000000000000000000000000000000000000000000000000000000000000000000000000000000000000000000000000000000000000000000000000000000000
000000000000000000000000000000000000000000000000000000000000000000000000000000000000000001001000000000000000000000000000000000000000000000000000000000
000000000000000000000000000000000000000000000000000000000000000000000000000000000000000001000000000000011000000000000000000000000000000000000000000000
000000000000000000000000000000000000000000000000000000000000000000000000000000000000000000001000000000011000000000000000000000000000000000000000000000
000000000000000000000000000000000000000000000000000000000000000000000000000000000000000000000000000000000000000010110100000000000000000000000000000000
000000000000000000000000000000000000000000000000000000000000000000000000000000000000000000000000000000000000000001011000000000000000000000000000000000
000000000000000000000000000000000000000000000000000000000000000000000000000000000000000000000000000000000000000000100100000000000000000000000000000000
000000000000000000000000000000000000000000000000000000000000000000000000000000000000000000000000000000000000010000001000000000000000000000000000000000
000000000000000000000000000000000000000000000000000000000000000000000000000000000000000000000000000000000000001000010100000000000000000000000000000000
000000000000000000000000000000000000000000000000000000000000000000000000000000000000000000000000000000000000010100001000000000000000000000000000000000
000000000000000000000000000000000000000000000000000000000000000000000000000000000000000000000000000000000000011001001100000000000000000000000000000000
000000000000000000000000000000000000000000000000000000000000000000000000000000000000000000000000000000000000001010110100000000000000000000000000000000
000000000000000000000000000000000000000000000000000000000000000000000000000000000000000000000000000000000000010101011000000000000000000000000000000000
000000000000000000000000000000000000000000000000000000000000000000000001000000000000000000000000000000000000000000000000001110000000000000000000000000
000000000000000000000000000000000000000000000000000000000000000000000001000000000000000000000000000000000000000000000000001100000000000000000000000000
000000000000000001000000000000000000000000000000000000000000000000000000000000000000000000000000000000000000000000000000010000000000000000000000000000
000000000000000001000000000000000000000000000000000000000000000000000000000000000000000000000000000000000000000000000000100000000000000000000000000000
000000000000000000000000000000000000000000000000000000000000000000000001000000000000000000000000000000000000000000000011000110000000000000000000000000
000000000000000000000000000000000000000000000000000000000000000000000001000000000000000000000000000000000000000000000011001010000000000000000000000000
000000000000000001000000000000000000000000000000000000000000000000000000000000000000000000000000000000000000000000000010001100000000000000000000000000
000000000000000000000000000000000000000000000000000000000000000000000000000000000000000000000000000000000000000000000000000000000110100000000010010101
000000000000000000000000000000000000000000000000000000000000000000000000000000000000000000000000000000000000000000000000000000000001100000000000000000
000000000000000000000000000000000000000000000000000000000000000000000000000000000000000000000000000000000000000000000000000000000001000000000010010101
000000000000000000000000000000000000000000000000000000000000000000000000000000000000000000000000000000000000000000000000000000000000100000000000000000
000000000000000000000000000000000000000000000000000000000000000000000000000000000000000000000000000000000000000000000000000001000010000000000010010101
000000000000000000000000000000000000000000000000000000000000000000000000000000000000000000000000000000000000000000000000000001000100000000000000000000
000000000000000000000000000000000000000000000000000000000000000000000000000000000000000000000000000000000000000000000000000000110000100000000010010101
000000000000000000000000000000000000000000000000000000000000000000000000000000000000000000000000000000000000000000000000000001101001000000000010010101
000000000000000000000000000000000000000000000000000000000000000000000000000000000000000000000000000000000000000000000000000000000000000010111100000000
000000000000000000000000000000000000000000000000000000000000000000000000000000000000000000000000000000000000000000000000000000000000000001011100000000
000000000000000000000000000000000000000000000000000000000000000000000000000000000000000000000000000000000000000000000000000000000000000000000000000000
000000000000000000000000000000000000000000000000000000000000000000000000000000000000000000000000000000000000000000000000000000000000010000101100000000
000000000000000000000000000000000000000000000000000000000000000000000000000000000000000000000000000000000000000000000000000000000000001000011100000000
000000000000000000000000000000000000000000000000000000000000000000000000000000000000000000000000000000000000000000000000000000000000010010001100000000
000000000000000000000000000000000000000000000000000000000000000000000000000000000000000000000000000000000000000000000000000000000000011001001100000000
000000000000000000000000000000000000000000000000000000000000000000000000000000000000000000000000000000000000000000000000000000000000011011110000000000
000000000000000000000000000000000000000000000000000000000000000000000000000000000000000000000000000000000000000000000000000000000000011011110000000000
000000000000000000000000000000000000000000000000000000000000000000000000000000000000000000000000000000000000000000000000000001010101100000000000011111
000000000000000000000000000000000000000000000000000000000000000000000000000000000000000000000000000000000000000000000000000000000000000000000000111111
000000000000000000000000000000000000000000000000000000000000000000000000000000000000000000000000000000000000000000000000000000000000000000000001001010
000000000000000000000000000000000000000000000000000000000000000000000000000000000000000000000000000000000000000000000000000001010101100000000011000111
000000000000000000000000000000000000000000000000000000000000000000000000000000000000000000000000000000000000000000000000000000000000000000000011100111
000000000000000000000000000000000000000000000000000000000000000000000000000000000000000000000000000000000000000000000000000001010101100000000011011001
000000000000000000000000000000000000000000000000000000000000000000000000000000000000000000000000000000000000000000000000000000000000000000000011111000
000000000000000000000000000000000000000000000000000000000000000000000000000000000000000000000000000000000000000000000000000001010101100000000011011100
