0111010001110000000000001000000000000000
1011101011110000000000000111111111111011
1101101011110000000010100111111111111011
1110110111110000000010000111111111111011
0111010111100000000000000000000000000000
1001101111110000000000000111111111111011
0110010111100000000000000000000000000000
0001111011110000000000000000000000000000
0111111101000000000000000111111111111011
1111111110000000000000000111111111111011
1111111100000000000000000000000000000000
1111010100000000000000000000000000000000
0000000000000011111100000000000000000000
0000000000000001111100000000000000000000
0000000000001001011100000000000000000000
0000000000001110011100000000000000000000
0000000000001100001100000000000000000000
0000000000001111000100000000000000000000
0000000000001111100100000000000000000000
0000000000001111111000000000000000000000
0011000000000000000000011000000000000000
0000000000000000000000011000000000000000
0010000000000000000000001000000000000000
0000000000000000000011000000000000000000
1000000000000000000011100000000000000000
0111010011000000000000000000010111111011
0111010011000000000000000000001111111011
0111010011000000000000000000000111111011
0111010011000000000000000000000101111011
0111010011000000000000000100000011111011
0111010011000000000000000010000010000000
0111010011000000000000000111100000000000
0111010011000000000000000111011001111011
0111010011000000000000000111110010010111
0111010011000000000000000111110010001011
0111010011000000000000000111110011000111
0111010011000000000000000111110010100111
0000000000000000000000000000000001011000
0111010011000000000000000111110011111001
0111010011000000000000000111110011111010
