01111000111111000000000000000000000000000000000000000000011111111111111000000000
10111101111111000000000000000000000000000000000000000000011111111111111000000000
11011100111111111111111000000000000000000000000000000000011111111111111000000000
11101110111011000000000000000000000000000000000000000000011111111111111000000000
11110110111111000000000000000000000000000000000000000000011111111111111000000000
01111010111111000000000000000000000000000000000000000000011111111111111000000000
00011101111111111111111000000000000000000000000000000000011111111111111000000000
01000010111111111111111000000000000000000000000000000000011111111111111000000000
11111111011100000000000000000000000000000000000000000000001100001111111000000000
11111111101100000000000000000000000000000000000000000000011111111111111000000000
11111111110100111111111000000000000000000000000000000000011111111111111000000000
11101111111011000000000000000000000000000000000000000000011111111111111000000000
11111111000101000000000000000000000000000000000000000000011111111111111000000000
11111111000110111111111000000000000000000000000000000000011111111111111000000000
00100011001001011100010000000000000000000000000000000000001100001111111000000000
00100011001001101101110000000000000000000000000000000000001100001111111000000000
00100011001001110110000000000000000000000000000000000000001100001111111000000000
00100011001001111011101000000000000000000000000000000000001100001111111000000000
00100011001001001101010000000000000000000000000000000000001100001111111000000000
00100011001001010110101000000000000000000000000000000000001100001111111000000000
00100011001001010101010000000000000000000000000000000000001100001111111000000000
00100011001001110010101000000000000000000000000000000000001100001111111000000000
00100011001001000101010000000000000000000000000000000000001100001111111000000000
00000000000000000000000011110100000000000000000000000000001100001111111000000000
00000000000000000000000101111010000000000000000000000000001100001111111000000000
00000000000000000000000110111101000000000000000000000000001100001111111000000000
00000000000000000000000111011110000000000000000000000000001100001111111000000000
00000000000000000000000111101110000000000000000000000000001100001111111000000000
00000000000000000000000011110100000000000000000000000000001100001111111000000000
00000000000000000000000101111011000000000000000000000000001100001111111000000000
00000000000000000000000010110101000000000000000000000000001100001111111000000000
00000000000000000000000001000110000000000000000000000000001100001111111000000000
00000000000000000000000000000000011001000000000000000000001100001111111000000000
00000000000000000000000000000000101110000000000000000000001100001111111000000000
00000000000000000000000000000000110110000000000000000000001100001111111000000000
00000000000000000000000000000000011001000000000000000000001100001111111000000000
00000000000000000000000000000000011001100000000000000000001100001111111000000000
00000000000000000000000000000000100110100000000000000000001100001111111000000000
00000000000000000000000000000000000011000000000000000000001100001111111000000000
00000000000000000000000000000000000000001101000000000000001100001111111000000000
00000000000000000000000000000000000000010110100000000000001100001111111000000000
00000000000000000000000000000000000000011011000000000000001100001111111000000000
00000000000000000000000000000000000000001101001100000000001100001111111000000000
00000000000000000000000000000000000000010110110100000000001100001111111000000000
00000000000000000000000000000000000000001001000000000000001100001111111000000000
00000000000000000000000000000000000000000001001000000000001100001111111000000000
00000000000000000000000000000000000000000010010000000000001100001111111000000000
00000000000000000000000000000000000000000011000000000000001100001111111000000000
00000000000000000000000000000000000000000000000001110010101100001111111000000000
00000000000000000000000000000000000000000000000010110101001100001111111000000000
00000000000000000000000000000000000000000000000011011010101100001111111000000000
00000000000000000000000000000000000000000000000011101100001100001111111000000000
00000000000000000000000000000000000000000000000000110111001100001111111000000000
00000000000000000000000000000000000000000000000001011010001100001111111000000000
00000000000000000000000000000000000000000000000010101101001100001111111000000000
00000000000000000000000000000000000000000000000001001010001100001111111000000000
00000000000000000000000000000000000000000000000010100000001100001111111000000000
11111111011111000000000000000000000000000000000000000000001101001111111000000000
11111111111111111111111111111111111111111111111111111111110110001111111000000000
11111111111111111111111111111111111111111111111111111111111011111111111000000000
11111111011111000000000000000000000000000000000000000000001101011111111000000000
11111111011111000000000000000000000000000000000000000000010110101111111000000000
11111111011111000000000000000000000000000000000000000000000101001111111000000000
11111111011111000000000000000000000000000000000000000000000110001111111000000000
11111111111111111111111111111111111111111111111111111111111111110110000000000000
11111111111111111111111111111111111111111111111111111111111111111011000000000000
11111111111111111111111111111111111111111111111111111111111111111101010000000000
11111111111111111111111111111111111111111111111111111111111111110110100000000000
11111111111111111111111111111111111111111111111111111111111111110001011000000000
11111111111111111111111111111111111111111111111111111111111111110010101000000000
11111111111111111111111111111111111111111111111111111111111111110000110000000000
00000000000000000000000000000000000000000000000000000000000000000000000011101100
00000000000000000000000000000000000000000000000000000000000000000000000101110001
00000000000000000000000000000000000000000000000000000000000000000000000110110111
00000000000000000000000000000000000000000000000000000000000000000000000111011011
00000000000000000000000000000000000000000000000000000000000000000000000011101100
00000000000000000000000000000000000000000000000000000000000000000000000100110100
00000000000000000000000000000000000000000000000000000000000000000000000101011010
00000000000000000000000000000000000000000000000000000000000000000000000001100100
00000000000000000000000000000000000000000000000000000000000000000000000011100000
