010000111111111111111111111111111111111111111111110000000011100011000000000000000111111111
100000111111111111111111111111111111111111111111110000000011100011000000000000000111111111
000000000000000111100111111111111111111111111111110000000011100011000000000000000111111111
000011000000000111100111111111111111111111111111110000000011100011000000001100000111111111
000100000000000111100111111111111111111111111111110000000011100011000000000000000111111111
000100000000000111100111111111111111111111111111110000000011100011000000000000000111111111
110000011110100111100111111111111111111111111111110000000011100011000000000000000111111111
110000101110110111100111111111111111111111111111110000000011100011000000000000000111111111
110000110111001111111111111111111111111111111111110000000011100011000000000000000111111111
110000111011001111111111111111111111111111111111110000000011100011000000000000000111111111
110000111101100111100111111111111111111111111111110000000011100011000000000000000111111111
110000001110000111100111111111111111111111111111110000000011100011000000000000000111111111
110000110010000111100111111111111111111111111111110000000011100011000000000000000111111111
110000010000000111100111111111111111111111111111110000000011100011000000000000000111111111
110000001100000111100000001111110011111111111111110000000000000000000000000000000111111111
111111111111111011011000001111110011111111111111110000000000000000000000001100000111111111
111111111111111101100111111111111111111111111111110000000011100011000000001100000111111111
111111111111111110110111111111111111111111111111110000000011100011000000001100000111111111
111111111111111011011000001111110011111111111111110000000000000000000000001100000111111111
110000001100000101101000001111110011111111111111110000000000000000000000000000000111111111
110000001100000100110000001111110011111111111111110000000000000000000000000000000111111111
111111111111110011000000001111111111111111111111110000000011100011000000001100000111111111
111111111111110011000000001111111111111111111111110000000011100011000000001100000111111111
111111111111110011000000111111110011111111111111110000000011100011000000001100000111111111
111111111111110011000001001111110011111111111111110000000000000000000000001100000111111111
111111111111110011000001001111110011111111111111110000000000000000000000001100000111111111
111111111111111111111111110111000011111111111111110000000011100011000000001100000111111111
111111111111111111111111111011000111111111111111110000000011100011000000001100000111111111
111111111111111111111111111101000111111111111111110000000011100011000000001100000111111111
111111111111111111111111111110100011111111111111110000000011100011000000001100000111111111
111111111111111111111111110001001011111111111111110000000011100011000000001100000111111111
111111111111111111111111110000001011111111111111110000000011100011000000001100000111111111
111111111111110011000110000000110011111111111111110000000011100011000000001100000111111111
111111111111110011000110000110000011111111111111110000000011100011000000001100000111111111
111111111111111111111111111111111101100001111111110000000011100011000000001100000111111111
111111111111111111111111111111111110110101111111110000000011100011000000001100000000000000
111111111111111111111111111111111111010001111111110000000011100011000000001100000111111111
111111111111111111111111111111111101101001111111110000000011100011000000001100000111111111
111111111111111111111111111111111100010001111111110000000011100011000000001100000000000000
111111111111111111111111111111111101000001111111110000000011100011000000001100000000000000
111111111111111111111111111111111100000001111111110000000011100011000000001100000000000000
111111111111111111111111111111111111111110111010000000000011100011000000001100000111111111
111111111111111111111111111111111111111111011010010000000011100011000000001100000111111111
111111111111111111111111111111111111111111101100110000000011100011000000001100000111111111
111111111111111111111111111111111111111111110101110000000011100011000000001100000111111111
111111111111111111111111111111111111111110011011000000000011100011000000001100000111111111
111111111111111111111111111111111111111111100101100000000011100011000000001100000111111111
111111111111111111111111111111111111111110001110000000000011100011000000001100000111111111
111111111111111111111111111111111111111110011010000000000011100011000000001100000111111111
111111111111111111111111111111111111111110111000000000000011100011000000001100000111111111
000000000000000000000000000000000000000000000000000001111100000000000000000000000000000000
000000000000000000000000000000000000000000000000000000101100000000000000000000000000000000
000000000000000000000000000000000000000000000000000000011100000000000000000000000000000000
000000000000000000000000000000000000000000000000001000100000000000000000000000000000000000
000000000000000000000000000000000000000000000000001101001100000000000000000000000000000000
000000000000000000000000000000000000000000000000001010001100000000111111110000000000000000
000000000000000000000000000000000000000000000000001110110000000000111111110000000000000000
000000000000000000000000000000000000000000000000001110110000000000111111110000000000000000
111111111111110011000111001111111111111111111111110000000000001111000000001100000111111111
111111111111110011000111001111111111111111111111110000000000000111000000001100000111111111
111111111111110011000111001111111111111111111111110000000000000011000000001100000111111111
000000000000000000000000000000000000000000000000000000000000000010000000000000000000000000
000000000000000000000000000000000000000000000000000000000010000101000000000000000000000000
000000000000000000000000000000000000000000000000000000000011001011000000000000000000000000
111111111111110011000111001111111111111111111111110000000011110100000000001100000111111111
111111111111110011000111001111111111111111111111110000000011101100000000001100000111111111
000000000000000000000000000000000000000000000000000000011100000000000001110000000000000000
000000000000000000000000000000000000000000000000000000011100000000000011110000000000000000
000000000000000000000000000000000000000000000000000000011100000000000001110000000000000000
000000000000000000000000000000000000000000000000000000011100000000000000110000000000000000
000000000000000000000000000000000000000000000000000000011100000000010000100000000000000000
000000000000000000000000000000000000000000000000000000011100000000111000010000000000000000
000000000000000000000000000000000000000000000000000000011100000000111110010000000000000000
000000000000000000000000000000000000000000000000000000011100000000111101100000000000000000
000100000000000111100111111111111111111111111111110000000011100011000000000000100111111111
000100000000000111100111111111111111111111111111110000000011100011000000000000100111111111
000000000000000000000000000000000000000000000000000000000000000000000000000000011000000000
000000000000000000000000000000000000000000000000000000000000000000000000000000011000000000
000000000000000000000000000000000000000000000000000000000000000000000000001100000000000000
000000000000000000000000000000000000000000000000000000000000000000000000000011001000000000
000000000000000000000000000000000000000000000000000000000000000000000000000011010000000000
111111111111111111111111111111111110110001111111110000000011100011000000001100000000000111
111111111111111111111111111111111110110001111111110000000011100011000000001100000000000011
111111111111111111111111111111111110110001111111110000000011100011000000001100000000000011
111111111111111111111111111111111110110001111111110000000011100011000000001100000000000011
111111111111111111111111111111111110110001111111110000000011100011000000001100000000000000
111111111111111111111111111111111110110001111111110000000011100011000000001100000000000000
111111111111111111111111111111111110110001111111110000000011100011000000001100000100000001
111111111111111111111111111111111110110001111111110000000011100011000000001100000111100000
111111111111111111111111111111111110110001111111110000000011100011000000001100000111100100
