00011110000000111111111111111111111110000000001111111111111111000000000000000000
00001110000000111111111111111111111110000000001111111111111111000000000000000000
00000110000000000000001111111111111110000000001111110111111111000000000000000000
10000101100111111111111111111111111111111111111111111111111111000000000000000000
11000111100111000000001111111111111111111111111111110111111111000000000000000000
11111010000000000000001111111111111110000000001111110111111111000000000000000000
11101100000000111111111111111111111110000000001111111111111111000000000000000000
00011000001011111111111111111111111110000000001111111111111111000000000000000000
00011000000101111111111111111111111110000000001111111111111111000000000000000000
00000000000011000000001111111111111110000000001111110111111111000000000000000000
00000001000011000000001111111111111110000000001111110111111111000000000000000000
00011000100011111111111111111111111111111111111111111111111111000000000000000000
00011001011100111111111111111111111110000000001111111111111111000000000000000000
00011001111100111111111111111111111111111111111111111111111111000000000000000000
11010011100111011100001111111111111111111111111111111111111111000000000000000000
11010011100111101111001111111111111111111111111111111111111111000000000000000000
11010011100111110111001111111111111111111111111111111111111111000000000000000000
11010011100111111010001111111111111111111111111111110111111111000000000000000000
11010011100111011101001111111111111111111111111111110111111111000000000000000000
11010011100111011010001111111111111111111111111111110111111111000000000000000000
11010011100111000000001111111111111111111111111111110111111111000000000000000000
11010011100111000000001111111111111111111111111111110111111111000000000000000000
11111111111111111111110110000111111111111111111111111100000000000000000000000000
11111111111111111111111010010111111111111111111111111100000000000000000000000000
11111111111111111111111101000111111111111111111111111111111111000000000000000000
11111111111111111111110010100111111111111111111111111100000000000000000000000000
11111111111111111111110001000111111111111111111111111111111111000000000000000000
11111111111111111111110100001111111111111111111111111100000000000000000000000000
11111111111111111111110000010111111111111111111111111100000000000000000000000000
11111111111111111111111111111011000001111111111111111111111111000000000000000000
11111111111111111111111111111101100101111111111111111111111111000000000000000000
11111111111111111111111111111110110011111111111111111111111111000000000000000000
11111111111111111111111111111011011001111111111111111111111111000000000000000000
11111111111111111111111111111001100001111111111111111111111111000000000000000000
11111111111111111111111111111000100101111111111111111111111111000000000000000000
11111111111111111111111111111010001001111111111111111111111111000000000000000000
11111111111111111111111111111001000001111111111111111111111111000000000000000000
00011000000101111111111111111111111110110000001111111111111111000000000000000000
00011000000101111111111111111111111111010000001111111111111111000000000000000000
00011000000101111111111111111111111111101000001111111111111111000000000000000000
00011000000101111111111111111111111110010000001111111111111111000000000000000000
00011000000101111111111111111111111110000010001111111111111111000000000000000000
00011000000101111111111111111111111110000101001111111111111111000000000000000000
00011000000101111111111111111111111110000010001111111111111111000000000000000000
00011000000101111111111111111111111110000000001111111111111111000000000000000000
00011000000101111111111111111111111110000000001111111111111111000000000000000000
11111111111111111111111111111111111111111111110111010011111111000000000000000000
11111111111111111111111111111111111111111111111011101011111111000000000000000000
11111111111111111111111111111111111111111111111101101011111111000000000000000000
11111111111111111111111111111111111111111111111110111011111111000000000000000000
11111111111111111111111111111111111111111111110111010111111111000000000000000000
11111111111111111111111111111111111111111111111001100011111111000000000000000000
11010011100111111000001111111111111111111111110111000011111111000000000000000000
11111111111111111111111111111111111111111111110000100011111111000000000000000000
11111111111111111111110010100111111111111111111111111101110000000000000000000000
11111111111111111111110010100111111111111111111111111110111000000000000000000000
11111111111111111111110010100111111111111111111111111111011100000000000000000000
11111111111111111111110010100111111111111111111111111111101100000000000000000000
11111111111111111111110010100111111111111111111111111101110100000000000000000000
11111111111111111111110010100111111111111111111111111100111000000000000000000000
11111111111111111111110010100111111111111111111111111100000000000000000000000000
11111111111111111111110010100111111111111111111111111100000000000000000000000000
00000000000000000000000000000000000000000000000000000000000000000010111000000000
00000000000000000000000000000000000000000000000000000000000000000001111000000000
00000000000000000000000000000000000000000000000000000000000000000001001000000000
00000000000000000000000000000000000000000000000000000000000000000000110000000000
00000000000000000000000000000000000000000000000000000000000000100000111000000000
00000000000000000000000000000000000000000000000000000000000000011000110000000000
00000000000000000000000000000000000000000000000000000000000000110111001000000000
00000000000000000000000000000000000000000000000000000000000000110111001000000000
00000000000000000000000000000000000000000000000000000000000000111010110000000000
00000000000000000000000000000000000000000000000000000000000000000000000000001111
00000000000000000000000000000000000000000000000000000000000000000000000000000111
00000000000000000000000000000000000000000000000000000000000000000000000000000011
00000000000000000000000000000000000000000000000000000000000000000000000000000010
00000000000000000000000000000000000000000000000000000000000000000000000000000000
00000000000000000000000000000000000000000000000000000000000000000000000100000101
00000000000000000000000000000000000000000000000000000000000000000000000110001001
00000000000000000000000000000000000000000000000000000000000000000000000111100000
00000000000000000000000000000000000000000000000000000000000000000000000111001100
