000011110111111111111111111111111100000011111111111111000010000000000000000100101100000000011101001111111111111111110000000000000000000000000000001111
000001111111111111111111111111111100000011111111111111000000000000000000000100101100000000011101001111111111111111110000000000000000000000000000001111
000000111111111111111111111111111100000011111111111111000000000000000000000100101100000000011101001111111111111111110000000000000000000000000000001111
000000000111111111111111111111111100000011111111111111000000000000000000000100101100000000011101001111111111111111110000000000000000000000000000001111
100000011111111111111111111111111100000011111111111111000000000000000000000100101100000000011101001111111111111111110000000000000000000000000000001111
110000011111111111111111111111111100000011111111111111000000000000000000000100101100000000011101001111111111111111110000000000000000000000000000001111
111000001111111111111111111111111100000011111111111111000000000000000000000100101100000000011101001111111111111111110000000000000000000000000000001111
111011000111111111111111111111111100000011111111111111000000000000000000000100101100000000011101001111111111111111110000000000000000000000000000001111
011011100111111111111111111111111100000011111111111111000000000000000000000100101100000000011101001111111111111111110000000000000000000000000000001111
111111111001011111111111111111111100000011111110000000000000000000000000000100101100000000011101001000000000000000000000000000000000000000000000000000
111111111000010011111111111111111100000011111111111111000000000000000000000100101100000000011101001111111111111111110000000000000000000000000000000000
111111111100000011111111111111111100000011111110000000000000000000000000000100101100000000011101001000000000000000000000000000000000000000000000000000
111111111000001111111111111111111100000011111110000000000000000000000000000100101100000000011101001000000000000000000000000000000000000000000000001111
111111111110000111111111111111111111100111111111111111000000000000000000000100101100000000011101001111111111111111110000000000000000000000000000000000
111111111100100011111111111111111100000011111110000000000000000000000000000100101100000000011101001000000000000000000000000000000000000000000000001111
111111111100110011111111111111111100000011111111111111000000000000000000000100101100000000011101001111111111111111110000000000000000000000000000001111
111111111111111100001011111111111101100011111111111111000000000000000000000100101100000000011101001111111111111111110000000000000000000000000000001111
111111111111111100000101011111111100000011111111111111000000000000000000000100101100000000011101001111111111111111110000000000000000000000000000001111
111111111111111100000100111111111100000011111111111111000000000000000000000100101100000000011101001111111111111111110000000000000000000000000000001111
111111111111111100000011111111111100000011111111111111000000000000000000000100101100000000011101001111111111111111110000000000000000000000000000001111
111111111111111110000010111111111100000011111111111111000000000000000000000100101100000000011101001111111111111111110000000000000000000000000000001111
111111111111111101100001011111111100000011111111111111000000000000000000000100101100000000011101001111111111111111110000000000000000000000000000001111
111111111111111110011001111111111100000011111111111111000000000000000000000100101100000000011101001111111111111111110000000000000000000000000000001111
111111111111111111010110111111111100000011111111111111000000000000000000000100101100000000011101001111111111111111110000000000000000000000000000001111
111111111111111110111011011111111100000011111111111111000010000000000000000100101100000000011101001111111111111111110000000000000000000000000000001111
111111111111111111111111100000010100000011111111111111111010000000000000000100101100000000011101001111111111111111110000000000000000000000000000001111
111111111111111111111111100000010100000011111111111111000000000000000000000100101100000000011101001111111111111111110000000000000000000000000000001111
111111111111111111111111100000010000000011111111111111000000000000000000000100101100000000011101001111111111111111110000000000000000000000000000001111
111111111111111111111111100000001100000011111111111111000000000000000000000100101100000000011101001111111111111111110000000000000000000000000000001111
111111111111111111111111100000001100000011111111111111000000000000000000000100101100000000011101001111111111111111110000000000000000000000000000001111
111111111111111111111111100000001000000011111111111111000000000000000000000100101100000000011101001111111111111111110000000000000000000000000000001111
111111111111111111111111111100000100000011111111111111000000000000000000000100101100000000011101001111111111111111110000000000000000000000000000001111
111111111111111111111111100011100100000011111111111111000000000000000000000100101100000000011101001111111111111111110000000000000000000000000000001111
111111111111111111111111111011011000000011111111111111000000000000000000000100101100000000011101001111111111111111110000000000000000000000000000001111
000000000000010000000000000000000000011111111110000000000000000000000000000100101100000000011101001000000000000000000000000000000000000000000000000000
000000000000010010000000000000000000001111111110000000000000000000000000000100101100000000011101001000000000000000000000000000000000000000000000000000
000000000000010010000000000000000000000111111110000000000000000000000000000100101100000000011101001000000000000000000000000000000000000000000000000000
000000000000000000000000000000000010001011111110000000000000000000000000000100101100000000011101001000000000000000000000000000000000000000000000000000
000000000000000000000000000000000011010011111110000000000000000000000000000100101100000000011101001000000000000000000000000000000000000000000000000000
000000000000010000000000000000000011100011111110000000000000000000000000000100101100000000011101001000000000000000000000000000000000000000000000000000
111111111111111111111111111111111111111100010111111111000000000000000000000000000000000000000000000111111111111111110000000000000000000000000000001111
111111111111111111111111111111111111111100001111111111000000000000000000000000000000000000000000000111111111111111110000000000000000000000000000001111
111111111111111111111111111111111111111100001001111111000000000000000000000100101100000000011101001111111111111111110000000000000000000000000000001111
111111111111111111111111111111111111111110000001111111000000000000000000000000000000000000000000000111111111111111110000000000000000000000000000001111
111111111111111111111111111111111111111101100011111111000000000000000000000100101100000000011101001111111111111111110000000000000000000000000000001111
111111111111111111111111111111111111111111000011111111000000000000000000000000000000000000000000000111111111111111110000000000000000000000000000001111
111111111111111111111111111111111111111111001101111111000000000000000000000100101100000000011101001111111111111111110000000000000000000000000000001111
111111111010010111111111111111111100000011111110010101000000000000000000000100101100000000011101001000000000000000000000000000000000000000000000000000
111111111010010111111111111111111100000011111110001111000000000000000000000100101100000000011101001000000000000000000000000000000000000000000000000000
111111111010010111111111111111111100000011111111000011000000000000000000000100101100000000011101001000000000000000000000000000000000000000000000000000
111111111010010111111111111111111100000011111110100011000000000000000000000100101100000000011101001111111110000000000000000000000000000000000000000000
111111111010010111111111111111111100000011111111100011000000000000000000000100101100000000011101001111111110000000000000000000000000000000000000000000
111111111010010111111111111111111100000011111110111101000000000000000000000100101100000000011101001111111110000000000000000000000000000000000000000000
111111111010010111111111111111111100000011111111111110000000000000000000000100101100000000011101001000000001111111110000000000000000000000000000000000
000000000000000000000000010000000000000000000000000000001110000000000000000000000000000000000000000000000000000000000000000000000000000000000000000000
000000000000000000000000010000000000000000000000000000001110000000000000000000000000000000000000000000000000000000000000000000000000000000000000000000
000000000000000000000000010000000000000000000000000000110100000000000000000000000000000000000000000000000000000000000000000000000000000000000000000000
000000000000000000000000000000000000000000000000000000111000000000000000000000000000000000000000000000000000000000000000000000000000000000000000000000
100000000000000000000000110000000000000000000000000000110000000000000000000000000000000000000000000000000000000000000000000000000000000000000000000000
000000000000000000000000000000000000000000000000000000000000001001100000000000000000000000000000000000000000000000000000000000000000000000000000000000
000000000000000000000000000000000000000000000000000000000000000111100000000000000000000000000000000000000000000000000000000000000000000000000000000000
000000000000000000000000000000000000000000000000000000000000000110100000000000000000000000000000000000000000000000000000000000000000000000000000000000
000000000000000000000000000000000000000000000000000000000001000001000000000000000000000000000000000000000000000000000000000000000000000000000000000000
000000000000000000000000000000000000000000000000000000000000110010100000000000000000000000000000000000000000000000000000000000000000000000000000000000
000000000000000000000000000000000000000000000000000000000000110100100000000000000000000000000000000000000000000000000000000000000000000000000000000000
000000000000000000000000000000000000000000000000000000000001101000100000000000000000000000000000000000000000000000000000000000000000000000000000000000
000000000000000000000000000000000000000000000000000000000001110111000000000000000000000000000000000000000000000000000000000000000000000000000000000000
000000000000000000000000000000000000000000000000000000000000000000000010101000000000000000000000000000000000000000000000000000000000000000000000000000
000000000000000000000000000000000000000000000000000000000000000000000001011000000000000000000000000000000000000000000000000000000000000000000000000000
000000000000000000000000000000000000000000000000000000000000000000000000011000000000000000000000000000000000000000000000000000000000000000000000000000
000000000000000000000000000000000000000000000000000000000000000000010000011000000000000000000000000000000000000000000000000000000000000000000000000000
000000000000000000000000000000000000000000000000000000000000000000001000111000000000000000000000000000000000000000000000000000000000000000110000000000
000000000000000000000000000000000000000000000000000000000000000000010001011000000000000000000000000000000000000000000000000000000000000000110000000000
000000000000000000000000000000000000000000000000000000000000000000001111101000000000000000000000000000000000000000000000000000000000000000110000000000
000000000000000000000000000000000000000000000000000000000000000000011111110000000000000000000000000000000000000000000000000000000000000000000000000000
111111111111111111111111111111111111111100101011111111000000000000000000000000101100000000000000000111111111111111110000000000000000000000000000001111
000000000000000000000000000000000000000000000000000000000000000000000000000000011100000000000000000000000000000000000000000000000000000000000000000000
000000000000000000000000000000000000000000000000000000000000000000000000000000011100000000000000000000000000000000000000000000000000000000000000000000
111111111111111111111111111111111111111100101011111111000000000000000000000100000000000000000000000111111111111111110000000000000000000000000000001111
000000000000000000000000000000000000000000000000000000000000000000000000000011000000000000000000000000000000000000000000000000000000000000000000000000
111111111111111111111111111111111111111100101011111111000000000000000000000111000100000000000000000111111111111111110000000000000000000000000000001111
111111111111111111111111111111111111111100101011111111000000000000000000000111001000000000000000000111111111111111110000000000000000000000000000001111
000000000000000000000000000000000000000000000000000000000000000000000000000000000000010011100000000000000000000000000000000000000000000000000000000000
000000000000000000000000000000000000000000000000000000000000000000000000000000000000001010000000000000000000000000000000000000000000000000000000000000
000000000000000000000000000000000000000000000000000000000000000000000000000000000000000111100000000000000000000000000000000000000000000000000000000000
000000000000000000000000000000000000000000000000000000000000000000000000000000000010000001100000000000000000000000000000000000000000000000000000000000
000000000000000000000000000000000000000000000000000000000000000000000000000000000001000001000000000000000000000000000000000000000000000000000000000000
000000000000000000000000000000000000000000000000000000000000000000000000000000000000100000100000000000000000000000000000000000000000000000000000000000
000000000000000000000000000000000000000000000000000000000000000000000000000000000011100001100000000000000000000000000000000000000000000000000000000000
000000000000000000000000000000000000000000000000000000000000000000000000000000000010111010100000000000000000000000000000000000000000000000000000000000
000000000000000000000000000000000000000000000000000000000000000000000000000000000010110111000000000000000000000000000000000000000000000000000000000000
111111111111111111111111111111111111111100101011111111000000000000000000000000000000000000000001111111111111111111110000000000000000000000000000001111
111111111111111111111111111111111111111100101011111111000000000000000000000000000000000000000001111111111111111111110000000000000000000000000000001111
111111111111111111111111111111111111111100101011111111000000000000000000000000000000000000000000011111111111111111110000000000000000000000000000001111
000000000000000000000000000000000000000000000000000000000000000000000000000000000000000000000000000000000000000000000000000000000000000000000000000000
111111111111111111111111111111111111111100101011111111000000000000000000000000000000000000011000010111111111111111110000000000000000000000000000001111
000000000000000000000000000000000000000000000000000000000000000000000000000000000000000000011000001000000000000000000000000000000000000000000000000000
000000000000000000000000000000000000000000000000000000000000000000000000000000000000000000011101001000000000000000000000000000000000000000000000000000
111111111111111111111111111111111111111100101011111111000000000000000000000000000000000000011100110111111111111111110000000000000000000000000000001111
111111111010010111111111111111111100000011111110001110000000000000000000000100101100000000011101001000110101111111110000000000000000000000000000000000
111111111010010111111111111111111100000011111110001110000000000000000000000100101100000000011101001000111111111111110000000000000000000000000000000000
111111111010010111111111111111111100000011111110001110000000000000000000000100101100000000011101001000000111111111110000000000000000000000000000000000
111111111010010111111111111111111100000011111110001110000000000000000000000100101100000000011101001110011011111111110000000000000000000000000000000000
111111111010010111111111111111111100000011111110001110000000000000000000000100101100000000011101001110101011111111110000000000000000000000000000000000
111111111010010111111111111111111100000011111110001110000000000000000000000100101100000000011101001010110001111111110000000000000000000000000000000000
111111111010010111111111111111111100000011111110001110000000000000000000000100101100000000011101001111000011111111110000000000000000000000000000000000
111111111010010111111111111111111100000011111110001110000000000000000000000100101100000000011101001011110101111111110000000000000000000000000000000000
111111111010010111111111111111111100000011111110000001000000000000000000000100101100000000011101001111111110000101110000000000000000000000000000000000
111111111010010111111111111111111100000011111110000001000000000000000000000100101100000000011101001111111110000101110000000000000000000000000000000000
111111111010010111111111111111111100000011111110000001000000000000000000000100101100000000011101001111111110000011010000000000000000000000000000000000
111111111010010111111111111111111100000011111110000001000000000000000000000100101100000000011101001111111110000010010000000000000000000000000000000000
111111111010010111111111111111111100000011111110000001000000000000000000000100101100000000011101001111111111100000100000000000000000000000000000000000
111111111010010111111111111111111100000011111110000001000000000000000000000100101100000000011101001111111110011000010000000000000000000000000000000000
111111111010010111111111111111111100000011111110000001000000000000000000000100101100000000011101001111111111110000110000000000000000000000000000000000
111111111010010111111111111111111100000011111110000001000000000000000000000100101100000000011101001111111111100101010000000000000000000000000000000000
111111111010010111111111111111111100000011111110000001000000000000000000000100101100000000011101001111111111111011100000000000000000000000000000000000
000000000000000000000000000000000000000000000000000000000000000000000000000000000000000000000000000000000000000000000001001110000000000000000000000000
000000000000000000000000000000000000000000000000000000000000000000000000000000000000000000000000000000000000000000000000110100000000000000000000000000
000000000000000000000000000000000000000000000000000000000000000000000000000000000000000000000000000000000000000000000000110010000000000000000000000000
000000000000000000000000000000000000000000000000000000000000000000000000000000000000000000000000000000000000000000001000001110000000000000000000000000
000000000000000000000000000000000000000000000000000000000000000000000000000000000000000000000000000000000000000000000110011110000000000000000000000000
000000000000000000000000000000000000000000000000000000000000000000000000000000000000000000000000000000000000000000000110101010000000000000000000000000
000000000000000000000000000000000000000000000000000000000000000000000000000000000000000000000000000000000000000000001001110110000000000000000000000000
000000000000000000000000000000000000000000000000000000000000000000000000000000000000000000000000000000000000000000001101101010000000000000000000000000
000000000000000000000000000000000000000000000000000000000000000000000000000000000000000000000000000000000000000000001011111100000000000000000000000000
000000000000000000000000000000000000000000000000000000000000000000000000000000000000000000000000000000000000000000000000000000000101100000000000000000
000000000000000000000000000000000000000000000000000000000000000000000000000000000000000000000000000000000000000000000000000000000101000000000000000000
000000000000000000000000000000000000000000000000000000000000000000000000000000000000000000000000000000000000000000000000000000000011110000000000000000
000000000000000000000000000000000000000000000000000000000000000000000000000000000000000000000000000000000000000000000000000000000010010000000000000000
000000000000000000000000000000000000000000000000000000000000000000000000000000000000000000000000000000000000000000000000000001100000010000000000000000
000000000000000000000000000000000000000000000000000000000000000000000000000000000000000000000000000000000000000000000000000000011000110000000000000000
000000000000000000000000000000000000000000000000000000000000000000000000000000000000000000000000000000000000000000000000000001110000110000000000000000
000000000000000000000000000000000000000000000000000000000000000000000000000000000000000000000000000000000000000000000000000001010011010000000000000000
000000000000000000000000000000000000000000000000000000000000000000000000000000000000000000000000000000000000000000000000000000011111100000000000000000
000000000000000000000000000000000000000000000000000000000000000000000000000000000000000000000000000000000000000000000000000000000000000001011100000000
000000000000000000000000000000000000000000000000000000000000000000000000000000000000000000000000000000000000000000000000000000000000000000101100000000
000000000000000000000000000000000000000000000000000000000000000000000000000000000000000000000000000000000000000000000000000000000000000000000100000000
000000000000000000000000000000000000000000000000000000000000000000000000000000000000000000000000000000000000000000000000000000000000001000001100000000
000000000000000000000000000000000000000000000000000000000000000000000001110000000000000000000000000000000000000000000000000000000000000100011000000000
000000000000000000000000000000000000000000000000000000000000000000000001110000000000000000000000000000000000000000000000000000000000001000101100000000
000000000000000000000000000000000000000000000000000000000000000000000000000000000000000000000000000000000000000000000000000000000000001101110100000000
000000000000000000000000000000000000000000000000000000000000000000000000000000000000000000000000000000000000000000000000000000000000001111011000000000
000000000000000000000000000000000000000000000000000000000000000000000000000000000000000000000000000000000000000000000000000000000000000000000000111101
000000000000000000000000000000000000000000000000000000000000000000000000000000000000000000000000000000000000000000000000000000000000000000000000011110
000000000000000000000000000000000000000000000000000000000000000000000000000000000000000000000000000000000000000000000000000000000000000000000010000001
000000000000000000000000000000000000000000000000000000000000000000000000000000000000000000000000000000000000000000000000000000000000000000000011000111
111111111000101111111111111111111100000011111110000000000000000000000000000100101100000000011101001000000000000000000000000000000000000000000011000011
111111111000101111111111111111111100000011111110000000000000000000000000000100101100000000011101001000000000000000000000000000000000000000000011010001
111111111000101111111111111111111100000011111110000000000000000000000000000100101100000000011101001000000000000000000000000000000000000000000001011001
111111111000101111111111111111111100000011111110000000000000000000000000000100101100000000011101001000000000000000000000000000000000000000000010111110
