011100011111111111111110000000
101111111111111111111110010000
110110011111111111111110000000
111011011111111111111110000000
011101111111111111111110000000
010110011111111111111110000000
010010011111111111111110000000
111111101110000111111110000000
111111110110000111111110000000
111111111011010111111110000000
111111111101111111111110000000
111111100110110111111110000000
111111100011011111111110000000
111111100111100111111110000000
111111100010100111111110000000
111111111111111011010000000000
111111111111111101010000000000
111111111111111110101000000011
111111111111111001010000000000
111111111111111110100010000000
111111111111111001000100000000
111111111111111000001000000000
111111111111111000010000000000
000000000000000000000000001111
000000000000000000000000000101
010000000000000000000000000010
000000000000000000000001000000
000000000000000000000001100001
000000000000000001000001010001
000000000000000001000001100110
