0111000011111111111111000000000000000000
1011100011111111111111000000000000000000
1101100011111111111111000000000000000000
1110110001100011111111000000000000000000
0111011001100011111111000000000000000000
0001100001100011111111000000000000000000
0000100001100011111111000000000000000000
0000000001100011111111010000000000000000
1110000001101011111111000000000000000000
1111111110000011111111000000000000000000
1111111110010111111111000000000000000000
1110000000100111111111000000000000000000
1110000010000011111111000000000000000000
1110000000110011111111000000000000000000
1111111111111100000110000000000000000000
1111111111111100000001000000000000000000
1111111111111100000000000000000000000000
1111111111111100001111000000000000000000
1111111111111100010111000000000000000000
1111111111111110011001111111110100000000
1111111111111110011001000000000000000000
1111111111111101011110010010000000000000
0000000000000000000100001111101100000000
0000000100000000000101000010000000000000
0000000000000000000100100110101100000000
0000000000000000000100101000100100000000
0000000000000000000101111000000000000000
0000000000000000000100100000011100000000
0000000000000000000100101100001100000000
0000000000000000000100000001001000000000
0000000000000000000000101001110100000000
0000000000000000000100101101101000000000
0000000000000000000000000000000001011111
0000000000000000000000000000000010010111
0000000000000000000000000000000000001010
0000000000000000000000000000000011000101
0000000000000000000000000000000010100001
0000000000000000000000000000000011010011
0000000000000000000000000000000011100101
0000000000000000000000000000000011011110
