0110100001111111111110000000001111111111111111110000000000000000000000000000000000000000000000000000
1011010001111111111111000000001111111111111111110000000000000000000000000000010000000000000000000000
1101100111111111111111000000001111111111111111110000000000000000000000000000010000000000000000000000
0110111001111111110000000000001111111111111111110000000000000000000000000000000000000000000000000000
1011010001111111111111000000001111111111111111110000000000000000000000000000010000000000000000000000
0101101101111111111111000000001111111111111111110000000000000000000000000000010000000000000000000000
0001010001111111111111000000001111111111111111110000000000000000000000000000010000000000000000000000
0010010001111111111100000000001111111111111111110000000000000000000000000000010000000000000000000000
0010000001111111110101000000001111111111111111110000000000000000000000000000000000000000000000000000
1111111110111010001111000000001111111111111111110000000000000000000000000000010000000000000000000000
1111111111011101011111000000001111111111111111110000000000000000000000000000010000000000000000000000
1111111111101101101111000000001111111111111111110000000000000000000000000000010000000000000000000000
1111111111110111101111000000001111111111111111110000000000000000000000000000010000000000000000000000
1111111110111010001111000000001111111111111111110000000000000000000000000000010000000000000000000000
1111111111001100101111000000001111111111111111110000000000000000000000000000010000000000000000000000
1111111110111000001111000000001111111111111111110000000000000000000000000000010000000000000000000000
1111111110011010001111000000001111111111111111110000000000000000000000000000010000000000000000000000
1111111110100000001111000000001111111111111111110000000000000000000000000000010000000000000000000000
1110111101111111110110000000001111111111111111110000000000000000000000000000010000000000000000000000
1110111111111111111011000000001111111111111111110000000000000000000000000000010000000000000000000000
1110111001111111111101000000001111111111111111110000000000000000000000000000000000000000000000000000
0110111011111111110110000000001111111111111111110000000000000000000000000000000000000000000000000000
0000000000000000000000011010001111111111111111110000000000000000000000000000000000000000000001000000
0000000000000000000000101101001111111111111111110000000000000000000000000000000000000000000000100000
0000000000000000000000110110011111111111111111111111111110000000001101010000000000000000000000000000
0000000000000000000000011010001111111111111111110000000000000000000000000000000000000000000000000000
0000000000000000000000101101101111111111111111111111111110000000000000000000000000000000000000000000
0000000000000000000000010010001111111111111111111111111110000000000000000000000000000000000000000000
0000000000000000000000000010001111111111111111111111111110000000000000000000000000000000000000000000
0000000000000000000000001000001111111111111111110000000000000000000000000000000000000000000000000000
1111111111111111111111111111110110100001111111111111111110000000000000000000010000000000000000000000
1111111111111111111111111111111011000011111111111111111110000000000000000000010000000000000000000000
1111111111111111111111111111111101010001111111111111111110000000001101000000010000000000000000000000
1111111111111111111111111111110110111101111111111111111110000000000000000000010000000000000000000000
1111111111111111111111111111111001001001111111111111111110000000000000000000010000000000000000000000
1111111111111111111111111111110011000001111111111111111110000000000000000000010000000000000000000000
1111111111111111111111111111110001100101111111111111111110000000000000000000010000000000000000000000
1111111111111111111111111111110001001011111111111111111110000000000000000000010000000000000000000000
1111111111111111111111111111110100000101111111111111111110000000000000000000010000000000000000000000
1111111111111111111111111111111111111110001001111111111110000000000000000000010000000000001000000000
1111111111111111111111111111111111111110000111111111111110000000000000000000010000000000000000000000
1111111111111111111111111111111111111110000110011111111110000000000000000000010000000000000000000000
1111111111111111111111111111111111111111000001111111111110000000000010100000010000000000000000000000
1111111111111111111111111111111111111110110001111111111110000000000000000000010000000000000000000000
1111111111111111111111111111111111111110110000011111111110000000000000000000010000000000000000000000
1111111111111111111111111111111111111111101100001111111110000000000000000000010000000000000000000000
1111111111111111111111111111111111111111101100001111111110000000000000000000010000000000000000000000
1111111111111111111111111111111111111111111110001111111110000000000000000000010000000000000000000000
0000000000000000000000001011101111111111111111110001011110000000000000000000000000000000000000000000
0000000000000000000000001011101111111111111111110000101110000000000000000000000000000000000000000000
0000000000000000000000001011101111111111111111110000010110000000000000000000000000000000000000000000
0000000000000000000000001011101111111111111111111000010110000000000000000000000000000000000000000000
0000000000000000000000001011101111111111111111110100001000000000000000000000000000000000000000000000
0000000000000000000000001011101111111111111111111011001010000000000000000000000000000000000000000000
0000000000000000000000001011101111111111111111111100110110000000000000000000000000000000000000000000
0000000000000000000000001011101111111111111111111111001000000000000000000000000000000000000000000000
0000000000000000000000001011101111111111111111111111011000000000000000000000000000000000000000000000
0000000000000000000000000000000000000000000000000000000000000011110000000000000000000000000000000000
0000000000000000000000000000000000000000000000000000000000000011100000000000000000000000000000000000
0000000000000000000000000000000000000000000000000000000000000000110000000000000000000000000000000000
0000000000000000000000000000000000000000000000000000000000000000000000000000000000000000000000000000
0000000000000000000000000000000000000000000000000000000000000000000000000000000000000000000000000000
0000000000000000000000000000000000000000000000000000000001100001010000000000000000000000000000000000
0000000000000000000000000000000000000000000000000000000001100010010000000000000000000000000000000000
0000000000000000000000000000000000000000000000000000000001110000010000000000000000000000000000000000
0000000000000000000000000000000000000000000000000000000001010011100000000000000000000000000000000000
0000000000000000000000001000000010000000000000000000000000000000000001010000000000000000000000011110
0000000000000000000000001000000010000000000000000000000000000000000000110000000000000000000000000000
0000000000000000000000000000000000000000001000000000000000000000000000000000000000000000000000000000
0000000000000000000000001000000010000000000000000000000000000000001000010000000000000000000000000111
0000000000000000000000000000000000000000001000000000000000000000000100000000000000000000000000000000
0000000000000000000000001000000000000000000000000000000000000000001101000000000000000000000000001000
0000000000000000000000000000000000000000000000000000000000000000000000000000111100000000000000000000
0000000000000000000000000000000000000000000000000000000000000000000000000000101100000000000000000000
0000000000000000000000000000000000000000000000000000000000000000000000000000101000000000000000000000
0000000000000000000000000000000000000000000000000000000000000000000000000000010100000000000000000000
0000000000000000000000000000000000000000000000000000000000000000000000001110000100000000000000000000
0110111101111111111100000000001111111111111111110000000000000000000000001001000100000000000000000000
0000000000000000000000000000000000000000000000000000000000000000000000001110000000000000000000000000
0000000000000000000000000000000000000000000000000000000000000000000000001101110000000000000000000000
0000000000000000000000000000000000000000000000000000000000000000000000000000000000101111100000000000
0000000000000000000000000000000000000000000000000000000000000000000000000000000000010111100000000000
0000000000000000000000000000000000000000000000000000000000000000000000000000000010001101100000000000
0000000000000000000000000000000000000000000000000000000000000000000000000000000001000010100000000000
0000000000000000000000000000000000000000000000000000000000000000000000000000000010100011100000000000
0000000000000000000000000000000000000000000000000000000000000000000000000000000011100011100000000000
0000000000000000000000000000000000000000000000000000000000000000000000000000000011011101000000000000
0000000000000000000000000000000000000000000000000000000000000000000000000000000011101110100000000000
0000000000000000000000000000000000000000000000000000000000000000000000000000000011111101000000000000
0000000000000000000000000000000000000000000000000000000000000000000000000000000000000000000111100000
0000000000000000000000000000000000000001000000000000000000000000000000000000000000000000000001100000
0000000000000000000000000000000000000000000000000000000000000000000000000000000000000000010011100000
0000000000000000000000000000000000000000000000000000000000000000000000000000000000000000010100000000
0000000000000000000000100000000000000000000000000000000000000000000000000000000000000000011100100000
0000000000000000000000010000000000000000000000000000000000000000000000000000000000000000011101000000
0000000000000000000000000000000000000000000000000000000000000000001000000000000000000000000000000111
0000000000000000000000000000000000000000000000000000000000000000001000010000000000000000000000000010
0000000000000000000000000000000000000000000000000000000000000000001001000000000000000000000000010001
0000000000000000000000000000000000000000000000000000000000000000001001000000000000000000000000011001
0000000000000000000000000000000000000000000000000000000000000000000001000000000000000000000000010110
