011010000000000011111111111111111111110000111111111111111111
101101111111111111111111111111111111110000111111111111111111
110111011111111111110111111111111111111001111111111111111111
011010000000000011111111111111111111110000111111111111111111
101101100000000011111111111111111111110000111111111111111111
011010011111111111111111111111111111110000111111111111111111
010010000000000011100011111111111111110000111111111111111111
011001001111000011111111111111111111110000111111111111111111
011001010111010011111111111111111111110000111111111111111111
011001011011011011111111111111111111110000111111111111111111
011001011101100011111111111111111111110000111111111111111111
011001011110101011111111111111111111110000111111111111111111
011001000011011011111111111111111111110000111111111111111111
011001001100101111111111111111111111110000111111111111111111
011001000101110111111111111111111111110000111111111111111111
011001000000011011111111111111111111110000111111111111111111
111111111111111101000011111111111111110000111111111111111111
111111111111111110111011111111111111110000111111111000000000
111111111111111101000011111111111111110000111111111000000000
111111011111111101001011111111111111110000111111111000000000
110111011111111101010011111111111111110000111111111000000000
111111011111111100000011111111111111110000111111111000000000
111111111111111111111100010110000000000000111111111111111111
111111111111111111111100000110000000000000111111111111111111
111111111111111111111100001000000000000000111111111111111111
111111111111111111111110000110000000000000111111111111111111
111111111111111111111100100011111111110010111111111111111111
111111111111111111111111010001111111110000111111111111111111
111111111111111111111111011001111111110000111111111111111111
111111111111111111111100001110001011010000111111111111111111
111111111111111111111100001110000101110000111111111111111111
111111111111111111111100001110000011110000111111111111111111
111111111111111111111100001111000000111100111111111111111111
111111111111111111111100001110100000100000111111111111111111
111111111111111111111100001111010000110000111111111111111111
111111111111111111111100001111110000110000111111111111111111
111111111111111111111100001110111111000000111111111111111111
111111111111111111111100001111111011000110111111111111111111
001000000000000000000000000000001000000001111111111111111111
000000000000000000000000000000001000010000111111111000000000
000000000000000000000000001000000000010000111111111000000000
001000000000000000000000000000000000001000111111111111111111
111111111111111111111111111111111111111111000101110111111111
111111111111111111111111111111111111111111000010111111111111
111111111111111111111111111111111111111111000001011111111111
111111111111111111111111111111111111111111100000101111111111
111111111111111111111111111111111111111111010000000111111111
111111111111111111111111111111111111111111101000011111111111
111111111111111111111111111111111111111111110100011111111111
111111111111111111111111111111111111111111111001101111111111
111111111111111111111111111111111111111111011101110111111111
111111111111111110000011111111111111111001111111111000011111
111111111111111110000011111111111111111001111111111000001011
111111111111111110000011111111111111111001111111111000000111
111111111111111110000011111111111111111001111111111000000011
111111111111111110000011111111111111111001111111111100001111
111111111111111110000011111111111111111001111111111110010011
111111111111111110000011111111111111111001111111111101010011
111111111111111110000011111111111111111001111111111111111101
111111111111111110000011111111111111111001111111111111111110
