0000101111111111111111111111111111111000000000000000000000000000000000
0000010111111111111111111111111111111000000000000000000000000000000000
0000010010011111111111111111111111111000000000000000000000000000000000
0000001111110011111111111111111111111000000000000000000000000000000000
1000000100011111111111111111111111111000000000000000000000000000000000
0110001111111111111111111111111111111000000000000000000000000000000000
1001010001111111111111111111111111111000000000000000000000000000000000
1101110011111111111111111111111111111000000000000000000000000000000000
1111010101111111111111111111111111111000000000000000000000000000000000
1101011110111001111111111111111111111000000000000000000000000000000000
1101011111011111111111111111111111111000000000000000000000000000000000
1111111111101101111111111111111111111000000000000000000000000000000000
1110111111110111111111111111111111111000000000000000000000000000000000
1110111110111001111111111111111111111000000000000000000000000000000000
1111111110101001111111111111111111111000000000000000000000000000000000
1111111111111110110100011111111111111000000000000000000000000000000000
1111111111111111011000001111111111111000000000000000000000000000000000
1111111111111111101010011111111111111000000000000000000000000000000000
1111111111111110110101001111111111111000000000000000000000000000000000
1111111111111111001011000111001111111000000000000000000000000000000000
1111111111111110010101101111111111111000000000000000000000000000000000
1111111111111110001110101111111111111000000000000000000000000000000000
1111111111111110000011001111111111111000000000000000000000000000000000
1111111111111111010000001111101111111000000000000000000000000000000000
1111111111111111111011110110001111111000000000000000000000000000000000
1111111111111111111111111010001111111000000000000000000000000000000000
1111111111111111111111111100011111111000000000000000000000000000000000
1111111111111111111111110000001111111000000000000000000000000000000000
1111111111111111111011110000001111111000000000000000000000000000000000
1111111111111111111011100010001011111000000000000000000000000000000000
1111111111111111111111111111110111000000000000000000000000000000000000
1111111111111111111111111111101011110000000000000000000000000000000000
1111111111111111111111111111111101100000000000000000000000000000000000
1111111111111111111111111111111110100000000000000000000000000000000000
1111111111111111111111111111110111010000000000000000000000000000000000
1111111111111111111111111111110100101000000000000000000000000000000000
1111111111111111111111111111110000010000000000000000000000000000000000
0000000000000000000000000000000000000011000000000000000000000000000000
0000000000000000000000000000000000000101101100000000000000000000000000
0000000000000000000000000000000000000110110000000000000000000000000000
0000000000000000000000000000000000000011000000000000000000000000000000
0000000000000000000000000000000000000001001000000000000000000000000000
0000000000000000000000000000000000000010010000000000000000000000000000
0000000000000000000000000000000000000010000000000000000000000000000000
0000000000000000000000000000000000000000000001100100000000000000000000
0000000000000000000000000000000000000000000010110000000000000000000000
0000000000000000000000000000000000000000000011011010000000000000000000
0000000000000000000000000000000000000000000001101100000000000000000000
0000000000000000000000000000000000000000000000110101100000000000000000
0000000000000000000000000000000000000000000010011011100000000000000000
0000000000000000000000000000000000000000000000100101000000000000000000
0000000000000000000000000000000000000000000000001110000000000000000000
0000000000000000000000000000000000000000000000001100000000000000000000
0000000000000000000000000000000000000000000000000000000001111000000000
0000000000000000000000000000000000000000000000000000000001001000000000
0000000000000000000000000000000000000000000000000000000000111000000000
0000000000000000000000000000000000000000000000000000000000111000000000
0000000000000000000000000000000000000000000000000000011000011000000000
0000000000000000000000000000000000000000000000000000010110001000000000
0000000000000000000000000000000000000000000000000000010111000000000000
0000000000000000000000000000000000000000000000000000011111100000000000
0000000000000000000000000000000000000000000000000000000000000000011011
0000000000000000000000000000000000000000000000000000000000000000001001
0000000000000000000000000000000000000000000000000000000000000000000111
0000000000000000000000000000000000000000000000000000000000000000000100
0000000000000000000000000000000000000000000000000000000000000100000010
0000000000000000000000000000000000000000000000000000000000000110000001
0000000000000000000000000000000000000000000000000000000000000001100010
0000000000000000000000000000000000000000000000000000000000000101010101
0000000000000000000000000000000000000000000000000000000000000111001010
