0111010000000000001111111111111111111111111111111111110000111111111111111111110111011111111111100000
1011100100000000001111111111111111111111111111111111110000111111111111111111110111011111111111100000
1101110010000000001111111111111111111111111111111111110000111111111111111111110111011111111111100000
1110111000000000001111111111111111111111111111111111110000111111111111111111110111011111111111100000
0111011000000000001111111111111101110111111111111111110000111111111111111111110111011111111111100000
1011101110000000001111111111111111111111111111111111110000111111111111111111110111011111111111100000
0001110100000000001111111111111111111111111111111111110000111111111111111111110111011111111111100000
0100011000000000001111111111111111111111111111111111110000111111111111111111110111011111111111100000
0010010000000000001111111111111111110111111111111111110000111111111111111111110111011111111111100000
0000000000111000001111111111111111111111111111111111110000111111111111111111110111011111111111100000
0000000001011101001111111111111111111111111111111111110000111111111111111111110111011111111111100000
0000000001101110001111111111111111111111111111111111110000111111111111111111110111011111111111100000
0000000001110110101111111111111111111111111111111111110000111111111111111111110111011111111111100000
0000000000111011101111111111111111111111111111111111110000111111111111111111110111011111111111100000
0000000000011100011111111111111110100111111111111111110000111111111111111111110111011111111111100000
0000000000100100001111111111111101111111111111111111110000111111111111111111110111011111111111100000
0000000000001100001111111111111111111111111111111111110000111111111111111111110111011111111111100000
0000000000000010001111111111111111111111111111111111110000111111111111111111110111011111111111100000
1111111111111111110010001111111111111111111111111111110000111111111111111111110111011111111111100000
1111111111111111110010101111111111111111111111111111110000111111111111111111110111011111111111100000
1111111111111111111101010111111111111111111111111111110000111111111111101011100111011111111111100000
1111111111111111110010100111111111111111111111111111110000111100000000001011100111011111111111100000
1111111111111111110101010111111111111111111111111111110000111100000000001011100111011111111111100000
1111111111111111110010100111111111111111111111111111110000111100000000001011100111011111111111100000
1111111111111111111100000111111111111111111111111111110000111100000000001011100111011111111111100000
1111111111111111111111111011101011111111111111001100000000000011111111111111110111011111111111100000
1111111111111111111111111101110111111111111111001100000000000011111111111111110111011111111111100000
1111111111111111111111111110110011111111111111111111110000000011111111111111110111011111111111100000
1111111111111111111111111111010011111111111111111111110000111111111111111111110111011111111111100000
1111111111111111111111111011101011111111111111001100000000000011111111111111110111011111111111100000
1111111111111111111111111100010011111111111111111111110000111111111111111111110111011111111111100000
1111111111111111111111111010000011111111111111001100000000000011111111111111110111011111111111100000
1111011111111110111111111111111101100111111111111111110000111111111111111111110111011111111111100000
1111111111111101111111111111111110110111111111111111110000111111111111111111110111011111111111100000
1111111111111111111111111111111111011111111111111111110000111111111111111111110111011111111111110001
1111111111111101111111111111111101100111111111111111110000111111111111111111110111011111111111100000
1111011101111101111111111111111100100111111111111111110000111111111111111111110111011111111111100000
1111111111111111111111111111111111111011000100111111110000111111111111111111110111011111111111100000
1111111111111111111111111111111111111101100010111111110000111111111111111111110111011111111111100000
1111111111111111111111111111111111111110111001111111110000111111111111111111110111011111111111100000
1111111111111111111111111111111111111011010100111111110000111111111111111111110111011111111111100000
1111111111111111111111111111111111111001101011111111110000111111111111111111110111011111111111100000
1111111111111111111111111111111111111001010100111111110000111111111111111111110111011111111111100000
1111111111111111111111111111111111111100101000111111110000111111111111111111110111011111111111100000
1111111111111111111111111111111111111010010000111111110000111111111111111111110111011111111111100000
1111111111111111111111111111111111111001010000111111110000111111111111111111110111011111111111100000
1111111111111111111111111001101011111111111111011011010000111111111111111111110111011111111111100000
1111111111111111111111111001101011111111111111101100000000111111111111111111110111011111111111100000
1111111111111111111111111111111111111111111111110100000000111111111111111111110111011111111111100000
1111111111111111111111111111111111111111111111011011000000111111111111111111110111011111111111100001
1111111111111111111111111001101011111111111111100100100000111111111111111111110111011111111111100000
1111111111111111111111111001101011111111111111100100110000111111111111111111110111011111111111100000
1111111111111111111111111001101011111111111111000011000000111111111111111111110111011111111111100000
1111111111111111111111111001101011111111111111100001000000111111111111111111110111011111111111100000
0000000000000000000000000000000000000000000000000000000001001100000000001011100111011111111111100000
0000000000000000000000000000000000000000000000000000000000110100000000001011100111011111111111100000
0000000000000000000000000000000000000000000000000000000000001100000000001011100111011111111111100000
0000000000000000000000000000000000000000000000000000001000001100000000001011100111011111111111100000
1111111111111111111111111000101011111111111111111111110100000111111111111111110111011111111111100000
1111111111111111111111111000101011111111111111111111110100000111111111111111110111011111111111100000
1111111111111111111111111000101011111111111111111111111011000011111111111111110111011111111111100000
1111111111111111111111111000101011111111111111111111111111110011111111111111110111011111111111100000
1111111111111111111110000111111111111111111111111111110000111101110100011111110111011111111111100000
1111111111111111111110000111111111111111111111111111110000111110111010011111110111011111111111100000
1111111111111111111110000111111111111111111111111111110000111111011011011111110111011111111111101000
1111111111111111111110000111111111111111111111111111110000111111101100011111110111011111111111100000
1111111111111111111110000111111111111111111111111111110000111101110101111111110111011111111111100000
1111111111111111111110000111111111111111111111111111110000111110011010011111110111011111111111100000
1111111111111111111110000111111111111111111111111111110000111101100101111111110111011111111111100000
1111111111111111111110000111111111111111111111111111110000111100101010011111110111011111111111100000
1111111111111111111110000111111111111111111111111111110000111100001010011111110111011111111111100000
1111111111111111111100000111111111111111111111111111110000111111111111101110000111011111111111100000
1111111111111111111111111111111111111111111111111111111111111111111111110110000000000011111111100000
1111111111111111111100000111111111111111111111111111110000111111111111111011000000000011111111100000
1111111111111111111111111111111111111111111111111111111111111111111111111101000000000011111111100000
1111111111111111111111111111111111111111111111111111111111111111111111100110100111011111111111100000
1111111111111111111111111111111111111111111111111111111111111111111111100001000000000011111111100000
1111111111111111111100000111111111111111111111111111110000111111111111100000000000000011111111100000
0000000000000000000000000000000000000000000000000000000000000000000000000000000000111111111111100000
1111111111111111111111111111111111111111111111111111111111111111111111110001000000010111111111100000
1111111111111111111111111111111111111111111111111111111111111111111111110001000000010011111111100000
1111111111111111111111111111111111111111111111111111111111111111111111110001000000001111111111100000
0000000000000000000000000000000000000000000000000000000000000000000000000000001000001111111111100000
1111111111111111111111111111111111111111111111111111111111111111111111110001001110001011111111100000
1111111111111111111111111111111111111111111111111111111111111111111111110001001001110111111111100000
1111111111111111111111111111111111111111111111111111111111111111111111110001001101101011111111100000
1111111111111111111111111111111111111111111111111111111111111111111111111111111111111100010111100000
1111111111111111111111111111111111111111111111111111111111111111111111111111111111111100001011100000
1111111111111111111111111111111111111111111111111111111111111111111111111111111111111100000010000000
1111111111111111111111111111111111111111111111111111111111111111111111111111111111111110000111100000
1111111111111111111111111111111111111111111111111111111111111111111111111111111111111101000001100000
1111111111111111111111111111111111111111111111111111111111111111111111111111111111111110010000000000
1111111111111111111111111111111111111111111111111111111111111111111111111111111111111111110001100000
1111111111111111111111111111111111111111111111111111111111111111111111111111111111111111011010100000
1111111111111111111111111111111111111111111111111111111111111111111111111111111111111111011011000000
0000000000000000000000000000000000100000000000000000000000000000000000000000000000000000000000000000
0000000000000000000000000000000000000000000000000000000000000000100000000000000000000000000000000001
0000000000000000000000000000000000000000000000000000000000000000000000000000000000000000000000000001
0000000000000000000000000000000000000000000000000000000000000000000000000000000000000000000000000001
0000000000000000000000000000000000100000000000000100000000000000000000000000000000000000000000001110
