0001011001011100111111110001111011111111001111101111111111111111000000000100000000000000001000000010
0000111000000000111111110001111000000000001111100000000011111111000000000000000000000000000000000000
0000111000000000111111110001111000000000001111100000000011111111000000000000000000000000000000000000
1000011000001000111111110001111000000000001111101111111111111111000000000000000000000000000000000000
0110011000000000111111110001111000000000001111100000000011111111000000000000000000000000000000000000
1111101110000111111111110000000011111111001111101111111111111111000000000000000000000000000000110001
1111110000000001111111110001111011111111001111101111111111111111000000000000000000000000000000000000
0000010000110000111111110000000000000000001111100000000011111111000000000000000000000000000000000000
0000010000110000111111110000000000000000001111100000000011111111000000000000000000000000000000000000
1000000000010000111111110000000000000000001111100000000011111111000000000000000000000000000000000000
0000000110010000111111110000000000000000001111100000000011111111000000000000000000000000000000000000
1000000111100000111111110000000000000000001111101111111111111111000000000000000000000000000000000000
1001000000000001111111110000000011111111001111100000000011111111000000000000000000000000000000000000
1000010000000000111111110000000011111111001111100000000011111111000000000000000000000000000000000000
0000010000000001111111110000000000000000001111100000000011111111000000000000000000000000000000000000
0000011000001010111111110000000000000000001111100000000011111111000000000000000000000000000000000000
1111111111111111000101110001111011111111001111101111111111111111000000000001100000000000000000000000
1111111111111111000010110001111011111111001111101111111111111111000000000000000000000000000000000000
1111111111111111000001000001111011111111000000001111111111111111000000000000000000000000000000000000
1111111111111111100000100001111011111111000000001111111111111111000000000000000000000000000000000000
1111111111111111010000010001111011111111001111101111111111111111000000000000000000000000000000000000
1111111111111111101000110001111011111111000000001111111111111111000000000000000000000000000000000000
1111111111111111110101010001111011111111000000001111111111111111000000000000100000000000000000000000
1111111111111111110011100001111011111111000000001111111111111111000000000000000000000000000000000000
0000000000000000000000000000110100000000000000000000000011111111000000000000000000000000000000000000
0000000000000000000000000000011100000000000000000000000011111111000000000000000000000000000000000000
0000000000000000000000000000000100000000000000000000000011111111000000000000000000000000000000000000
1111101000000000111111110000101100000000001111100000000011111111000000000000000000000000000000000000
1111101000000000111111111001001000000000001111100000000011111111000000000000000000000000000000000000
1111101000000000111111111100001100000000001111100000000011111111000000000000000000000000000000000000
1111101000000000111111110101110100000000001111100000000011111111000000000000000000000000000000000000
0000000000000000000000001111011000000000000000000000000011111111000000000000000000000000000000000000
1000011000001100111111110000000000011111001111100000000011111111000000000000000000000000000000000000
1000011000001100111111110000000000000111001111100000000011111111000000000000000000000000000000000000
1000011000001100111111110000000000000111001111100000000011111111000000000000000000000000000000000000
1000011000001100111111110000000010001111001111100000000011111111000000000100100000000000000000000000
1000011000001100111111110000000010010010001111100000000011111111000000000000000000000000000000000000
1000011000001100111111110000000011110001001111100000000011111111000000000000000000000000000000000000
1000011000001100111111110000000011111001001111100000000011111111000000000000000000000000000000000000
1000011000001100111111110000000011110110001111100000000011111111000000000000000000000000000000000000
0000000000000000000000000000000000000000000010100000000011111111000000000000000000000000000000000000
0000000000000000000000000000000000000000000010100000000011111111000000000000000000000000000000000000
1111111111111111110010000001111011111111000001111111111111111111000000000000000000000000000000000000
1111111111111111110010000001111011111111000001011111111111111111000000000000000000000000000000000000
1111111111111111110010000001111011111111110000111111111111111111000000000000000000000000000000000000
1111111111111111110010000001111011111111001100011111111111111111000000000000000000000000000000000000
1111111111111111110010000001111011111111111010001111111111111111000000000000000000000000000000000000
0000000000000000000000000000000000000000001111000000000011111111000000000000000000000000000000000000
1001011000010000111111110000000000000000001111100010011111111111000000000000000000000000000000000000
1001011000010000111111110000000000000000001111100001101111111111000000000000000000000000000000000000
1001011000010000111111110000000000000000001111101000011111111111000000000000000000000000000000000000
1001011000010000111111110000000000000000001111100100011111111111000000000000000000000000000000000000
1001011000010000111111110000000000000000001111100100001111111111000000000000000000000000000000000000
1001011000010000111111110000000000000000001111101011000111111111000000000000000000000000000000000000
1001011000010000111111110000000000000000001111101111100011111111000000000000000000000000000000000000
1001011000010000111111110000000000000000001111101111110011111111000000000000000000000000000000000000
1111111111111111111111111111111111111111111111111111111100010111000000000000000000000000000000000000
1111111111111111111111111111111111111111111111111111111100001101000000000000000000000000000000000000
1111111111111111111111111111111111111111111111111111111100001010000000000000000000000000000000000000
1111111111111111111111111111111111111111111111111111111110000111000000000000000000000000000010000000
1111111111111111111111111111111111111111111111111111111101100000000000000000000000000000000000000000
1111111111111111111111111111111111111111111111111111111111010001000000000000000000000000000000000000
1111111111111111111111111111111111111111111111111111111110110000000000000000000000000000000000000000
1111111111111111111111111111111111111111111111111111111111010100000000000000100000000000000000000000
0000000000000000000000000000000000000000000000000000000000000000000010111000000000000000000000000000
0000000000000000000000000000000000000000000000000000000000000000000001011000000000000000000000000000
0000000000000000000000000000000000000000000000000000000000000000000001011000000000000000000000000000
0000000000000000000000000000000000000000000000000000000000000000000000111000000000000000000000000000
0000000000000000000000000000000000000000000000000000000000000000100000111000000000000000000000000000
0000000000000000000000000000000000000000000000000000000000000000011000000000000000000000000000000000
0000000000000000000000000000000000000000000000000000000000000000100110000000000000000000000000000000
0000000000000000000000000000000000000000000000000000000000000000111110001000000000000000000000000000
0000000000000000000000000000000000000000000000000000000000000000111110010000000000000000000000000000
1000000000000000000000000000000000010000000000000000000000000000000000000001100000000000000000000000
0000000000000000000000000000000000000000000000000000000000000000000000000001100000000000000000000000
0000000000000000100000000000000000000000000000000000000000000000000000000110100000000000000000000000
0000000000000000100000100000000000010000000000000000000000000001000000000111000000000000000000000000
0000000000000000000000000000000000000000000000000000000000000000000000000000000001111100000000000000
0000000000000000000000000000000000000000000000000000000000000000000000000000000001111100000000000000
0000000000000000000000000000000000000000000000000000000000000000000000000000000001011100000000000000
0000000000000000000000000000000000000000000000000000000000000000000000000000000000111100000000000000
0000000000000000000000000000000000000000000000000000000000000000000000000000011100000000000000000000
0000000000000000000000000000000000000000000000000000000000000000000000000000011010000000000000000000
0000000000000000000000000000000000000000000000000000000000000000000000000000011110000100000000000000
0000000000000000000000000000000000000000000000000000000000000000000000000000011110000000000000000000
0000000000000000000000000000000000000000000000000000000000000000000000000000011110010000000000000000
0000000000000000000000000000000000000000000000000000000000000000000000000000000000000000101110000000
0000000000000000000000000000000000000000000000000000000000000000000000000000000000000000010110000000
0000000000000000000000000000000000000000000000000000000000000000000000000000000000000010001100000000
0000000000000000000000000000000000000000000000000000000000000000000000000000000000000001000000000000
1000000000000000000000000000000000000000000000000000000000000000000000000000000000000010100010000000
0000000000000000000000000000000000000000000000000000000000000000000000000000000000000011100010000000
0000000000000000000000000000000000000000000000000000000000010000000000000000000000000011001100000000
0000000000000000000000000000000000000000000000000000000000000000000000000000000000000000000000000111
0000010000000000000000000000000000000000000000000000000000000000000000000000000000000000000000000001
0000010000000000000000000000000000000000000000000000000000000000000000000000000000000000000000000001
0000000000000000000000000000000000000000000000000000000000000000000000000000000000000000000000000010
0000000000000000000000000000000000000000000000000000000000000000000000000000000000000000000001000011
1000000000000000000000000000000000000000000000000000000000000000000000000000000000000000000001001101
0000010000000000000000000000000000000000000000000000000000000000000000000000000000000000000001110110
