011100000000000000010011111111111100000000000000000000000000
101110000000000001111111111111111100000000000000000000000000
110111110000000001111111111111111100000000000000000000000000
111011110000000001111111111111111100000000000000000000000000
011100000000000000010011111111111100000000000000000000000000
001100100000000000010011111111111100000000000000000000000000
001101000000000000010011111111111100000000000000000000000000
001100000000000000010011111111111100000000000000000000000000
000000000111100000010011111111111100000000000000000000000000
000000001011100000010011111111111100000000000000000000000000
000000001101110110010011111111111100000000000000000000000000
000000001110111010010011111111111100000000000000000000000000
000000001111011100010011111111111100000000000000000000000000
000000000011101110010011111111111100000000000000000000000000
000000000001110000010011111111111100000000000000000000000000
000000000010110000010011111111111100000000000000000000000000
000000000011010000010011111111111100000000000000000000000000
011100000000000000110100011111111100000000000000000000000000
011100000000000001011000011111111100000000000000000000000000
111111111111111111101100011111111100000000000000000000000000
011100000000000000110110011111111100000000000000000000000000
011100000000000001011011011111111100000000000000000000000000
111111111111111110001101011111111100000000000000000000000000
111111111111111110000110011111111100000000000000000000000000
111111111111111110000000011111111100000000000000000000000000
111111111111111111111111100001111100000000000000000000000000
111111111111111111111111100000101100000000000000000000000000
111111111111111111111111100000010100000000000000000000000000
111111111111111111111111100000010000000000000000000000000000
111111111111111111111111110000011100000000000000000000000000
111111111111111111111111111000001100000000000000000000000000
111111111111111111111111110111000000000000000000000000000000
111111111111111111111111111001100100000000000000000000000000
111111111111111111111111111101101000000000000000000000000000
000000000000000000000000000000000000010111111111111000000000
000000000000000000000000000000000000001000111111111000000000
000000000000000000000000000000000000000011111111111000000000
000000000000000000000000000000000010000111111111111000000000
000000000000000000000000000000000001000001000000000000000000
000000000000000000000000000000000010010011111111111000000000
000000000000000000000000000000000010110100000000000000000000
000000000000000000000000000000000010111100111111111000000000
000000000000000000000000000000000011110101000100111000000000
000000000000000000000000000000000011110101000010111000000000
000000000000000000000000000000000011110101000001001000000000
000000000000000000000000000000000011110101100000111000000000
000000000000000000000000000000000011110101010000001000000000
000000000000000000000000000000000011110101001000000000000000
000000000000000000000000000000000011110101110100010000000000
000000000000000000000000000000000011110101110100100000000000
000000000000000000000000000000000011110101111110000000000000
000000000000000000000000000000000000000000000000000000011011
000000000000000000000000000000000000000000000000000000001101
000000000000000000000000000000000000000000000000000000000111
000000000000000000000000000000000000000000000000000000000011
000000000000000000000000000000000000000000000000000100000011
000000000000000000000000000000000000000000000000000110000001
000000000000000000000000000000000000000000000000000011000000
000000000000000000000000000000000000000000000000000101110000
000000000000000000000000000000000000000000000000000111111000
