011010101111111100000111111111
101101011111111100000111111111
110111001111111100011111111111
011010101111111100000111111111
101101011111111100000111111111
011010101111111100000111111111
100101001111111100000111111111
010010001111111100000111111111
111111110000101000000111111111
111111110000011110100111111111
111111110000001100000111111111
111111110000001100000111111111
111111111000000000000111111111
111111110100000100000111111111
111111111111000100000111111111
111111110111011000000111111111
000000000100000000001111111111
000000000000000000001111111111
000000000100000000001111111111
001000000000000000001111111111
001000000000000011110111111111
111111111111111111111011101000
111111111111111111111101110100
111111111111111111111110110110
111111111111111111111111011000
111111111111111111111011101011
111111111111111111111100110110
111111111111111111111011001011
111111111111111111111001011101
111111111111111111111000010110
