000111111111111001011111111111000000000000000000111111110000
000101111111111001011111111111000000000000000000111111110000
000011111111111001011111111111000000000000000000111111110000
110000011111111001011111111111000000000000000000111111111111
101000010000000000000011111111000000000000000000111111110000
111000110000000000000011111111000000000000000000111111110000
111001001111111001011111111111000000000000000000111111110000
111111001111111001011111111111000000000000000000111111110000
111100110000011001011111111111000000000000000000111111110000
111100110000011001011111111111000000000000000000111111110000
111100110000011000000011111111000000000000000000111111110000
111100110000001001011111111111000000000000000000111111110000
111100110000011000000011111111000000000000000000111111110000
111100111110100000000011111111000000000000000000111111110000
111100111111100000000011111111000000000000000000111111110000
000000000000000000101111111111000000000000000000111111110000
000000000000000000010111111111000000000000000000111111110000
111100111101000000011111111111000000000000000000111111110000
000000000000000100000111111111000000000111111111111111110000
111100111101000011001111111111000000000000000000111111110000
111100111101000101010111111111000000000000000000111111110000
111100111101000111111011111111000000000111111111111111110000
111111111111111111111100001011000000000111111111111111110000
111111111111111111111100000111000000000111111111111111110000
111111111111111111111100000111000000000111111111111111110000
111111111111111111111100000001000000000111111111111111110000
111111111111111111111110000011000000000111111111111111110000
111111111111111111111101100011000000000111111111111111110000
111111111111111111111111101100000000000111111111111111111101
111111111111111111111111111100000000000111111111111111110000
000000000000000000000000000000000011111000000000111111110000
000000000000000000000000000000000010011000000000111111110000
000000000000000000000000000000000001110000000000111111110000
000000000000000000000000000000000001101000000000111111110000
000000000000000000000000000000110000001000000000111111110000
000000000000000000000000000000101100010000000000111111110000
000000000000000000000000000000101100001000000000111111110000
000000000000000000000000000000111001001000000000111111110000
000000000000000000000000000000110110110000000000111111110000
000000000000000000100111111111000000000000010011111111110000
000000000000000000100111111111000000000000001111111111110000
000000000000000000100111111111000000000000001111111111110000
000000000000000000100111111111000000000000000010111111110000
000000000000000000100111111111000000000100000001111111110000
000000000000000000100111111111000000000011000001111111110000
000000000000000000100111111111000000000011000001111111110000
000000000000000000100111111111000000000111100001111111110000
000000000000000000100111111111000000000111011110111111110000
111111111111111111111111111111111111111111111111000001110000
111111111111111111111111111111111111111111111111000001110000
111111111111111111111111111111111111111111111111000000110000
111111111111111111111111111111111111111111111111000000010000
111111111111111111111111111111111111111111111111000000010000
111111111111111111111111111111111111111111111111110000010000
111111111111111111111111111111111111111111111111111000000000
111111111111111111111111111111111111111111111111111111000000
000100000000000000000000000010000000000000000000000000000011
000100000000000000000000000010000000000000000000000000000001
000100000000000000000000000000000000000000000000000000001000
000100000000000000000000000010000000000000000000000000001100
