011100001111111111011100000000
101101001111111111111110010001
110110001111111111111110000000
111011011111111111111110000000
001100101111111111111110000000
010100000000000001111110000000
000010011111111111111110000000
000100100000000001001110000000
111110100110100011111110000000
111110101011011001111110000000
111110101101100001111110000000
111110100110110111111110000000
111110101011011101111110000000
111110100101100001111110000000
111110100100100101111110000000
111110100001101001111110000000
111110101001000001111110000000
111111111111111110110000000000
011111101111111111011110000000
111111101111111111101100000000
111111111111111110110000000010
111111111111111110110000000000
011111111111111110100000000000
000000000000000000000000001110
000000000000000000000000001110
010000000000000000000000000100
000000000000000000000001100001
000000000000000000000001110001
000000000000000000001001100001
010000000000000000000000001110
