011100000000000111010011111000000000000000000000000000111010
101110000000000111010011111000000000000000000000000000111010
110110110000000111010011111000000000000000000000000000111010
111011000000000111111111111000000000000000000000000000111010
011100000000000111111111111000000000000000000000000000111010
000100000000000111111100010000000000000000000000000000111010
001000000000000111010011111000000000000000000000000000111010
001000000000000111010010111000000000000000000000000000111010
000000000110010111010011111000000000000000000000000000111010
000000001011100111010011111000000000000000000000000000111010
000000001101101111010011111000000000000000000000000000111010
000000000110000111010011111000000000000000000000000000111010
000000000110000111010011111000000000000000000000000000111010
000000001000000111010011111000000000000000000000000000111010
000000000010000111010011111000000000000000000000000000111010
111111111111111010101011111000000000000000000000000000111010
111111111111111101000011111000000000000000000000000000111010
111111111111111010101111111000000000000000000000000000111010
000111000000000101010111111000000000000000000000000000111010
111111111111111000101011111000000000000000000000000000111010
000111000000000101010111111000000000000000000000000000000000
000111000000000001101011111000000000000000000000000000000000
111110111111111111111101100000000000000000000000000000111010
111110101111111111111110111000000000000000000000000000111010
111110111111111111111111010000000000000000000000000000111010
111111111111111111111101100000000000000000000000000000111010
111110111111111111111101000000000000000000000000000000111010
000000000000000000000000000011101000000000000000000000000000
000000000000000000000000000101101000000000000000000000000000
000000000000000000000000000110110000000000000000000000000000
000000000000000000000000000111010110000000000000000000000000
000000000000000000000000000001100001000000000000000000000000
000000000000000000000000000110000100000000000000000000000000
000000000000000000000000000000101010000000000000000000000000
000000000000000000000000000000100100000000000000000000000000
000000000000000000000000000000010000000000000000000000000000
000000000000000000000000000000000000011010001111111110000000
000000000000000000000000000000000000101110111111111110000000
000000000000000000000000000000000000110111011111111110000000
000000000000000000000000000000000000011011101111111110000000
000000000000000000000000000000000000111101000000000000000000
000000000000000000000000000000000000001110101111111110000000
000000000000000000000000000000000000010101000000000000000000
000000000000000000000000000000000000011000000000000000000000
000000000000000000000000000000000000111101000000111110000000
000000000000000000000000000000000000111101000000111110000000
000000000000000000000000000000000000111101000000111010000000
000000000000000000000000000000000000111101000000011110000000
000000000000000000000000000000000000111101001110000110000000
000000000000000000000000000000000000111101001111000110000000
000000000000000000000000000000000000111101001111000110000000
000000000000000000000000000000000000111101001101111010000000
000000000000000000000000000000000000111101001111111100000000
000000000000000000000000000000000000000000000000000000000100
111111111111111111110011111000000000000000000000000000000011
111111111111111111110011111000000000000000000000000000000011
111111111111111111110011111000000000000000000000000000000000
000000000000000000000000000000000000000000000000000001000000
111111111111111111110011111000000000000000000000000000110001
000000000000000000000000000000000000000000000000000000110010
