0110000000000000000000001111100000000000000000011111110000000111111111111111100011111000000011111111
1011000000000000000000001111100000000000000000011111110000000111111111111111100011111000000011111111
1101011000000000111111111111100000000000000000011111110000000111111111111111100011111000000011111111
0110000000000000111111111111100000000000000000011111110000000111111111111111100011111000000011111111
0000010000000000111111111111100000000000000000011111110000000111111111111111100000000000000011111111
0010100000000000000000001111100000000000000000011111110000000111111111111111100000000000000011111111
0010000000000000000000001111100000000000000000011111110000000111111111111111100000000000000011111111
0000000011010100000000001111100000000000000000011111110000000111111111111111100000000000000011111111
0000000101101000000000001111100000000000000000011111110000000111111111111111100000000000000011111111
0000000110110000000000001111100000000000000000011111110000000111111111111111100000000000000011111111
0000000011011100000000001111000000000000000000011111110000000111111111111111100000000000000011111111
0000000101101011000000001111100000000000000000011111110000000111111111111111100000000000000011111111
0000000010110100000000001111100000000000000000011111110000000111111111111111100000000000000011111111
0000000100101011000000001111100000000000000000011111110000000111111111111111100000000000000011111111
0000000000010101000000000110100000000000000000011111110000000111111111111111100000000000000011111111
0000000000010110000000001111100000000000000000011111110000000111111111111111100000000000000011111111
0011100000000000011101001111100000000000000000011111110000000111111111111111100011111000000011111111
0011100000000000101101001001000000000000000000011010000000000111111111111111100011111000000011111111
0011100000000000110110011111100000000000000000011111110000000111111111111111100011111000000011111111
0011100000000000111010101111100000000000000000011111110000000111111111111111100011111000000011111111
0011100000000000001101001111100000000000000000011111110000000111111111111111100011111000000011111111
0011100000000000110010101111100000000000000000011111110000000111111111111111100011111000000011111111
0011100000000000000101001111100000000000000000011111110000000111111111111111100011111000000011111111
0011100000000000001000001111100000000000000000011111110000000111111111111111100011111000000011111111
1111111111111101111111110110000000000000000000011111110000000111111111111111100011111000000011111111
1111111111111111101111111010000000000000000000011111110000000111111111111111100011111000000011111111
1111111111111111101111111100000000000000000000011111110000000111111111111111100011111000000011111111
1111111111111101111111110000000000000000000000011010000000000111111111111111100011111000000011111111
1111111111011111101111110000000000000000000000011010000000000111111111111111100011111000000011111111
0000000000000000000000000000000001001100000000011010000000000111111111111111100000000000000011111111
0000000000000000000000000000000000100100000000011010000000000111111111111111100000000000000011111111
0000000000000000000000000000000000011000000000011010000000000111111111111111100000000000000011111111
0000000000000000000000000000000000011000000000011010000000000111111111111111100000000000000011111111
0000000000000000000000000000010000000100000000011010000000000111111111111111100000000000000011111111
0000000000000000000000000000001000000100000000011010000000000111111111111111100000000000000011111111
0000000000000000000000000000000110000100000000011010000000000111111111111111100000000000000011111111
0000000000000000000000000000010110000100000000011010000000000111111111111111100000000000000011111111
0000000000000000000000000000011001111000000000011010000000000111111111111111100000000000000011111111
0000000000000000000000000000000000000000000100111010000000000111111111111111100000000000000011111111
0000000000000000000000000000000000000000000011111010000000000111111111111111100000000000000011111111
0000000000000000000000000000000000000000000011011010000000000111111111111111100000000000000011111111
0000000000000000000000000000000000000000000001111010000000000111111111111111100000000000000011111111
0000000000000000000000000000000000000000000000111010000000000111111111111111100000000000000011111111
0000000000000000000000000000000000000010000000111010000000000111111111111111100000000000000011111111
0000000000000000000000000000000000000001100000011010000000000111111111111111100000000000000011111111
0000000000000000000000000000000000000001110000011010000000000111111111111111100000000000000011111111
0000000000000000000000000000000000000011011100011010000000000111111111111111100000000000000011111111
1111111111111111111111111111111111111111111111101100000000000111000011111111100011111000000011111111
1111111111111111111111111111111111111111111111110101100000000111111111111111100011111000000011111111
1111111111111111101111111110000000000000000000011010000000000111111111111111100011111000000011111111
1111111111111111111111111111111111111111111111100101100000000111111111111111100011111000000011111111
1111111111111111101111111110000000000000000000001010000000000111111111111111100011111000000011111111
1111111111111111101111111110000000000000000000001010010000000111000011111111100011111000000011111111
1111111111111111101111111110000000000000000000000000100000000111000011111111100011111000000011111111
0000000000000000000000000000000000000000000000000000000111000111000011111111100000000000000011111111
0000000000000000000000000000000000000000000000000000001011000111000011111111100000000000000011111111
0000000000000000000000000000000000000000000000000000001101000111000011111111100000000000000011111111
0000000000000000000000000000000000000000000000000000001110110111000011111111100000000001001111111111
0000000000000000000000000000000000000000000000000000000001011111000011111111100000000001001111111111
0000000000000000000000000000000000000000000000000000000001100111000011111111100000000001001111111111
0000000000000000000000000000000000000000000000000000000000100111000011111111100000000000000011111111
1111111111111111111111111111111111111111111111111111111111111011000011111111100011111001001111111111
1111111111111111111111111111111111111111111111111111111111111101000011111111100011111001001111111111
1111111111111111111111111111111111111111111111111111111111111110001011111111100011111001001111111111
1111111111111111111111111111111111111111111111101111000000000000010011111111100011111000000011111111
1111111111111111111111111111111111111111111111101111000000000000100011111111100011111000000011111111
1111111111111111111111111111111111111111111111101111000000000001000011111111100011111000000011111111
1111111111111111111111111111111111111111111111101111000000000000000011111111100011111000000011111111
1111111111111111111111111111111111111111111111111111111111111111111100010101100011111001001111111111
1111111111111111111111111111111111111111111111111111111111111111111100001010100011111001001111111111
1111111111111111111111111111111111111111111111111111111111111111111100000111100011111001001111111111
1111111111111111111111111111111111111111111111111111111111111111111110000000000011111001001111111111
1111111111111111111111111111111111111111111111111111111111111111111101000010000011111001001111111111
1111111111111111111111111111111111111111111111111111111111111111111110100001100011111001001111111111
1111111111111111111111111111111111111111111111111111111111111111111101101001000011111001001111111111
1111111111111111111111111111111111111111111111111111111111111111111110100110100011111001001111111111
1111111111111111111111111111111111111111111111111111111111111111111111100101000011111001001111111111
0000000000000000000000000000000000000000000000000000000000000000000000000000000011111000000011111111
0000000000000000000000000000000000000000000000000000000000000000000000000000000001101000000011111111
0000000000000000000000000000000000000000000000000000000000000000000000000000000000010000000011111111
1111000000000000111111111111100000000000000000011111110000000111111111111111110000001000000011111111
1111000000000000111111111111100000000000000000011111110000000111111111111111111000011000000011111111
1111000000000000111111111111100000000000000000011111110000000111111111111111111000010000000011111111
1111000000000000111111111111100000000000000000011111110000000111111111111111110101101000000011111111
1111000000000000111111111111100000000000000000011111110000000111111111111111111011010000000011111111
0000000000000000000000000000000000000000000000000000000000000000000000000000000000000000110111111111
0000000000000000000000000000000000000000000000000000000000000000000000000000000000000000011111111111
0000000000000000000000000000000000000000000000000000000001110111000011111111100000000000000111111111
0000000000000000000000000000000000000000000000000000000000000000000000000000000000000100001111111111
0000000000000000000000000000000000000000000000000000000000000000000000000000000000000110001111111111
0000000000000000000000000000000000000000000000000000000001110111000011111111100000000010110111111111
0000000000000000000000000000000000000000000000000000000001110111000011111111100000000111111011111111
1111111111111111111111111111111111111111111111111111111111111111111111111111111111111111111100010111
1111111111111111111111111111111111111111111111111111111111111111111111111111111111111111111100001101
1111111111111111111111111111111111111111111111111111111111111111111111111111111111111111111100000011
1111111111111111111111111111111111111111111111111111111111111111111111111111111111111111111110000111
1111111111111111111111111111111111111111111111111111111111111111111111111111111111111111111101000011
1111111111111111111111111111111111111111111111111111111111111111111111111111111111111111111111010011
1111111111111111111111111111111111111111111111111111111111111111111111111111111111111111111110111100
1111111111111111111111111111111111111111111111111111111111111111111111111111111111111111111111111100
