0000110000000001111111100001011111111111
0000011111111111111111100001011111111111
0000011111111111111111100001011111111111
0000011000000001111111100001011000000000
1000001000000001111111100001011111111111
1111001111111111111111100001011000000000
0111110111111111111111100001011111111111
0110011010100001111111100001011000000000
0110011101011001111111100001011000000000
0110011010100011111111100001011000000000
0110011101011101111111100001011000000000
0110011010100101111111100001011000000000
0110011010100101111111100001011000000000
0110011000111001111111100001011000000000
0110011001000001111111100001011000000000
1111111111111110000111100000000111111111
1111111111111110000011100000000111111111
1111111111111110000010100000000111111111
1111111111111110000001100000000111111111
1111111111111111000011000000000111111111
1111111111111111110100000000000111111111
1111111111111111101100000001011111111111
1111111111111111111000000001011111111111
0000000000000000000000000010111000000000
0000000000000000000000000001100000000000
0000000000000000000000000000111000000000
0000000000000000000000010000001000000000
1111111111111110000001101000111111111111
0000000000000000000000011101011000000000
1111111111111110000001110101100111111111
1111111111111110000001110111100111111111
1110101000000001111111100001011000010101
1110101000000001111111100001011000010101
1110101000000001111111100001011000001110
1110101000000001111111100001011000001010
1110101000000001111111100001011110000010
1110101000000001111111100001011001100001
1110101000000001111111100001011111000011
1110101000000001111111100001011001110101
1110101000000001111111100001011110001110
