0101001111111111111111100000000000000000000000000000000000000000000000000011111111000000000000000000
1011001111111100000000000000001000000000000000000000000000000000000000000011111111000000000000000000
0101011111111111111111100000000000000000000000000000000000000000000000000011111111000000000000000000
1110101111010011111111110101110000011111111100000000000000000000000001110111111111000000000000000000
0001001111010000000000010101110000011111111100000000000000000000000000000011111111000000000000000000
0010001111010000000000000000000000000000000000000000000000000000000000000011111111000000000000000000
1111110110110011111111110101111100011111111100000000000000000000000000000011111111000000000000000000
1111111011101011111111110101110101111111111100000000000000000000000000000111111111000000000000000000
1111111101101011111111110101110000011111111100000000000000000000000000000011111111000000000000000000
1111110110110111111111110101110000011111111100000000000000000000000000000011111111000000000000000000
1110001111011111111111100000000000000000000000000000000000000000000000000011111111000000000000000000
1111111001100111111111110101110000011111111100000000000000000000000000000011111111000000000000000000
1110000110100011111111100000000000000000000000000000000000000000000000000011111111000000000000000000
1110000001110011111111100000000000000000000000000000000000000000000000000011111111000000000000000000
1011001111111100001100100000000000000000000000000000000000000000000000000011111111000000000000000000
1011001111111100001011100000000000000000000000000000000000000000000000000011111111000000000000000000
1011001111111100000111000000000000000000000000000000000000000000000000000011111111000000000000000000
1011001111111100000000100000000000000000000000000000000000000000000000000011111111000000000000000000
1011001111111111000011100000000000000000000000000000000000000000000000000011111111000000000000000000
1011001111111110100011100000000000000000000000000000000000000000000000000011111111000000000000000000
1011001111111101101100100000000000000000000000000000000000000000000000000011111111000000000000000000
1011001111111101101100000000000000000000000000000000000000000000000000000011111111000000000000000000
1011001111111111011110000000000000000000000000000000000000000000000000000011111111000000000000000000
0001101111010000000000000001100000000000000000000000000000000000000000000011111111000000000000000000
0000000000000000000000000001110000000000000000000000000000000000000000000011111111000000000000000000
0001101111010000000000000000110000000000000000000000000000000000000000000011111111000000000000000000
0000000000000000000000000000110000000000000000000000000000000000000000000011111111000000000000000000
0001101111010000000000011000110000000000000000000000000000000000000000000011111111000000000000000000
0001101111010000000000011111010000000000000000000000000000000000000000000011111111000000000000000000
0001101111010000000000001111100000011111111100000000000000000000000000000011111111000000000000000000
0100001000000000000000000000000011100000000000000000000000000000000000000011111111000000000000000000
0000001100000000000000000000000001100000000000000000000000000000000000000011111111000000000000000000
0000000000000000000000000000001000100000000000000000000000000000000000000011111111000000000000000000
0000000100000000000000000000001100000000000000000000000000000000000000000011111111000000000000000000
0000000100000000000000000000001110000000000000000000000000000000000000000011111111000000000000000000
0001101111010000000000000000010000000011111100000000000000000000000001111111111111000000000000000000
0001101111010000000000000000010000000001111100000000000000000000000000000011111111000000000000000000
0001101111010000000000000000010000000000111100000000000000000000000000000011111111000000000000000000
0001101111010000000000000000010000010000011000000000000000000000000000000011111111000000000000000000
0001101111010000000000000000010000011000000100000000000000000000000000000011111111000000000000000000
0001101111010000000000000000010000011100011000000000000000000000000000000011111111000000000000000000
0001101111010000000000000000010000011110100100000000000000000000000000000011111111000000000000000000
0001101111010000000000000000010000011110100100000000000000000000000000000011111111000000000000000000
0001101111010000000000000000010000011101011000000000000000000000000000000011111111000000000000000000
0000000000000000000000000000000000000000000000001111000000000111111110000011111111111111111000000000
0000000000000000000000000000000000000000000000001011000000000111111110000011111111111111111000000000
0000000000000000000000000000000000000000000000000110000000000111111110000011111111111111111000000000
0000000000000000000000000000000000000000000000000011000000000000000000000011111111000000000000000000
0000000000000000000000000000000000000000000011000001000000000111111110000011111111111111111000000000
0000000000000000000000000000000000000000000010100011000000000000000000000011111111000000000000000000
0000000000000000000000000000000000000000000011110101000000000000000000000011111111000000000000000000
0000000000000000000000000000000000000000000011011110000000000111111110000011111111111111111000000000
0000000000000000000000000000000000000000000000000000000111111000000000000011111111000000000000000000
0000000000000000000000000000000000000000000000000000000011111000000000000011111111000000000000000000
0000000000000000000000000000000000000000000000000000000001001000000000000011111111000000000000000000
0000000000000000000000000000000000000000000000000000100001111000000000000011111111000000000000000000
0000000000000000000000000000000000000000000000000000110000111000000000000011111111000000000000000000
0000000000000000000000000000000000000000000000000000111100011000000000000011111111000000000000000000
0000000000000000000000000000000000000000000000000000110110000000000000000011111111000000000000000000
0000000000000000000000000000000000000000000000000000110111001000000000000011111111000000000000000000
0000000000000000000000000000000000000000000000000000111111010000000000000011111111000000000000000000
0000000000000000000000000000000000000000000011101001000000000000011110000011111111111111111000000000
0000000000000000000000000000000000000000000011101001000000000000011110000011111111111111111000000000
0000000000000000000000000000000000000000000011101001000000000000000110000011111111111111111000000000
0000000000000000000000000000000000000000000011101001000000000000000110000011111111000000000000000000
0000000000000000000000000000000000000000000011101001000000000110001110000011111111000000000000000000
0000000000000000000000000000000000000000000011101001000000000110010010000011111111000000000000000000
0000000000000000000000000000000000000000000011101001000000000111110010000011111111111111111000000000
0000000000000000000000000000000000000000000011101001000000000111111100000011111111111111111000000000
0001000000000000000000000000000000010000000000000000000000000000000000001111111111000000000000000000
0001000000000000000000000000000000010000000000000000000000000000000000000111111111000000000000000000
0001000000000000000000000000000000010000000000000000000000000000000000000111111111000000000000000000
0000000000000000000000000000000000010000000000000000000000000000000001000011111111000000000000000000
0001000100000000000000000000000000010000000000000000000000000000000001110011111111000000000000000000
1111111111111111111111111111111111111111111111111111111111111111111111111100001011111111111000000000
1111111111111111111111111111111111111111111111111111111111111111111111111100000101111111111000000000
1111111111111111111111111111111111111111111111111111111111111111111111111100000001111111111000000000
1111111111111111111111111111111111111111111111111111111111111111111111111100000001111111111000000000
1111111111111111111111111111111111111111111111111111111111111111111111111110000011111111111000000000
1111111111111111111111111111111111111111111111111111111111111111111111111101000001111111111000000000
1111111111111111111111111111111111111111111111111111111111111111111111111110001000111111111000000000
1111111111111111111111111111111111111111111111111111111111111111111111111111111100111111111000000000
0000000000000000000000000000000000000000000011101001000000000111000110000011111111000011111000000000
0000000000000000000000000000000000000000000011101001000000000111000110000011111111000010000000000000
0000000000000000000000000000000000000000000011101001000000000111000110000011111111000001111000000000
0000000000000000000000000000000000000000000011101001000000000111000110000011111111000000111000000000
0000000000000000000000000000000000000000000011101001000000000111000110000011111111110000100000000000
0000000000000000000000000000000000000000000011101001000000000111000110000011111111101000011000000000
0000000000000000000000000000000000000000000011101001000000000111000110000011111111101110001000000000
0000000000000000000000000000000000000000000011101001000000000111000110000011111111101101000000000000
0000000000000000000000000000000000000000000011101001000000000111000110000011111111101101100000000000
0000000000000000000000000000000000000000000000000000000000000000000000000000000000000000000000011111
0000000000000000000000000000000000000000000000000000000000000000000000000000000000000000000000010111
0000000000000000000000000000000000000000000000000000000000000000000000000000000000000000000000001011
0000000000000000000000000000000000000000000000000000000000000000000000000000000000000000000000000101
0000000000000000000000000000000000000000000000000000000000000000000000000000000000000000000110001111
0000000000000000000000000000000000000000000000000000000000000000000000000000000000000000000101010110
0000000000000000000000000000000000000000000000000000000000000000000000000000000000000000000110111001
0000000000000000000000000000000000000000000000000000000000000000000000000000000000000000000111011001
0000000000000000000000000000000000000000000000000000000000000000000000000000000000000000000111110110
