0000011111111000001110000000000111111111
0000001000000000000000000000000111111111
0000001000000000000000000000000111111111
0000000111111000001110000000000111111111
0000000100000000000000000000000111111111
1000000111111000001110000000000111111111
1110000011111000001110000000000111111111
1001110011111000001110000000000111111111
1001011100101010000000000000000111111111
1001011100010110000000000000000111111111
1001011110001000000000000000000111111111
1001011101000010000000000000000111111111
1001011110100000000000000000000111111111
0000000001000000001110000000000111111111
0000000011010000001110000000000111111111
0000000000000000000111100000000111111111
0000000000000000000001100000000111111111
0000000000000000000001100000000111111111
1001011100000110000010100000000111111111
1001011100000111000001100000000111111111
1001011100000111001000000000000111111111
0000000000000001110100100000000111111111
0000000000000001111101000000000111111111
0000000000000000000000000001101111111111
0000000000000000000000000000011111111111
0000000000000000000000000000011111111111
0000000000000000000000000000010111111111
0000000000000000000000010000101111111111
0000000000000000000000010001001111111111
0000000000000000000000001110001111111111
0000000000000000000000011101110111111111
1111111111111111111111111111111000101111
1111111111111111111111111111111000011111
1111111111111111111111111111111000000111
1111111111111111111111111111111100001111
1111111111111111111111111111111010001111
1111111111111111111111111111111110110000
1111111111111111111111111111111111110000
1111111111111111111111111111111111110000
1111111111111111111111111111111111110000
