0110100111111110000100000000000010000000000111110010000000001111111110000000000000000000000000000000
1011011111111110000000001110000010000000000111110010000000001111111110000000000000000000000000000000
1101110111111110000000000000000010000000000111110010000000001111111110000000000000000000000000000000
0110100111111110000000000000000010000000000111110010000000001111111110000000000000000000000000000000
1011000000000000000000000000000000000000000111110010000000001111111110000000000000000000000000000000
0110000000000000000000001110000000000000000111110010000000001111111110000000000000000000000000000000
0100000111111110000000000000000010000000000111110010000000001111111110000000000000000000000000000000
1111001001011110000000001110000010000000000111110010000000001111111110000000000000000000000000000000
1111001000101110000000001110000010000000000111110010000000001111111110000000000000000000000000000000
1111001100011110000000001110000010000000000111110010000000001111111111111100000000000000000000000000
1111001010000010000000001110000000000000000111110010000000001111111110000000000000000000000000000000
1111001101001110000000001110000010000000000111110010000000001111111110000000000000000000000000000000
1111001111010111101000001110000010000000000111111110000000001111111110000000000000000000000000000000
1111001111011000000000001110000010000000000111110010000000001111111110000000000000000000000000000000
1111001111111000000000001110000010000000000111110010000000001111111110000000000000000000000000000000
0000000000001000000000000000000010000000000111110010000000001111111110000000000000000000000000000000
0000000000001000001100000000000000000000000111110010000000001111111110000000000000000000000000000000
0000000000000000000100000000000000000000000111110010000000001111111110000000000000000000000000000000
0000000000001000100000000000000000000000000111111110000000001111111110000000000000000000000000000000
1000000000000000110000000000000010000000000111110010000000001111111110000000000000000000000000000000
0000000000000000000000001110000000000000000111110010000000001111111110000000011111100000000000000000
0000000000000000000000000000000000000000000111110010000000001111111110000000011111100000000000000000
0000000000000000000000001110000000000000000111110010000000001111111110000000000000000000000000000000
0000000000000000000000000010000000000000000111110010000000001111111110000000000000000000000000000000
0100010111111110000010100010000010000000000111110010000000001111111110000000011111100000000000000000
0100010111111110000010100010000010000000000111110010000000001111111110000000011111100000000000000000
0100010111111110000010111100000010000000000111110010000000001111111110000000000000000000000000000000
0000000000000000000000000000001101000000000111110010000000001111111110000000000000000000000000000000
0000000000000000000000000000000101000000000111110010000000001111111110000000000000000000000000000000
0000000000000000000000000000000011100000000111110010000000001111111110000000000000000000000000000000
0000000000000000000000000001000000100000000111110010000000001111111110000000000000000000000000000000
0000000000000000000000000001100000100000000111110010000000001111111110000000000000000000000000000000
1111001111011111000100001110010001100000000111110010000000001111111110000010000000000000000000000000
0000000000000000000000000001110010100000000111110010000000001111111110000000000000000000000000000000
0000000000000000000000000000011111000000000111110010000000001111111110000000000000000000000000000000
0000000000000000000000000000000000000001011111110010000000001111111110000000000000000000000000000000
0000000000000000000000000000000000000000111111110010000000001111111110000000000000000000001000000000
0000000000000000000000000000000000000000101111110010000000001111111110000000000000000000001000000000
0000000000000000000000000000000000000000111111110010000000001111111110000000000000000000000000000000
0000000000000000000000000000000000010000001111110010000000001111111110000000000000000000000000000000
0000000000000000000000000000000000001110000111110010000000001111111110000000000000000000000000000000
0000000000000000000000000000000000011010001111110010000000001111111110000000000000000000000000000000
0000000000000000000000000000000000011111010111110010000000001111111110000000000000000000001000000000
1111111111111111111111111111111111111111111011001000000000001111111110000000011111100000001000000000
1111111111111111111111111111111111111111111101010010000000001111111110000000011111100000001000000000
1111111111111111111111111111111111111111111110101000000000001111111110000000011111100000001000000000
1111111111111111111111111111111111111111111001011100000000001111111110000000011111100000001000000000
1111111111111111111111111111111111111111111010101100000000001111111110000000011111100000001000000000
0000000000001000001000000000000000000000000101110110000000001111111110000000000000000000000000000000
0000000000001000001000000000000000000000000000111000000000001111111110000000000000000000000000000000
1111111111111111111111111111111111111111111010001000000000001111111110000000011111100000001000000000
0000000000000000000000000000000000000000000000000000111000001111111110000000000000000000000000000000
0000000000000000000000000000000000000000000000000001011010001111111110000000000000000000000000000000
0000000000000000000000000000000000000000000000000001101100011111111110000000000000000000000000000000
0000000000000000000000000000000000000000000000000001110110101111111110000000000000000000000000000000
0000000000000000000000000000000000000000000000000000011011001111111110000000000000000000000000000000
0000000000000000000000000000000000000000000000000000101101001111111110000000000000000000000000000000
0000000000000000000000000000000000000000000000000000000110101111111110000000000000000000000000000000
0000000000000000000000000000000000000000000000000000001001001111111110000000000000000000000000000000
0000000000000000000000000000000000000000000000000000010000001111111110000000000000000000000000000000
1111111111111111111111111111111111111111111111111111111111110000111110001100011111100000001000000000
1111111111111111111111111111111111111111111111111111111111110000010110000000011111100000001000000000
1111111111111111111111111111111111111111111111111111111111110000010110000000011111100000001000000000
1111111111111111111111111111111111111111111111111111111111110000001000000000011111100000001000000000
1111111111111111111111111111111111111111111111111111111111111000001110000000011111100000001000000000
1111111111111111111111111111111111111111111111111111111111111110001110000000011111100000001000000000
1111111111111111111111111111111111111111111111111111111111111001110010000000011111100000001000000000
1111111111111111111111111111111111111111111111111111111111111110110010000000011111100000001000000000
1111111111111111111111111111111111111111111111111111111111111110111100000000011111100000001000000000
0000000001000000000000000000000000000000000000000000000000000000000000011010000000000000000000000000
0000000001000000000000000000000000000000000000000000000000000000000000010110000000000000000000000000
0000000001000000000000000000000000000000000000000000000000000000000001101100000000000000000000000000
0000000001000000000000000000000000000000000000000000000000001000000001010110000000000000000000000000
0000000001000000000000000000000000000000000000000000000000001000000000111010000000000000000000000000
0000000000000000000000000000000010000000000000000000000000000000000001101100000000000000000000000000
0000000000000000000000000000000000000000000000000000000000000000000000000000001111000000000000000000
0000000000000000000000000000000000000000000000000000000000000000000000000000000111100000000000000000
0000000000000000000011001100000000000000000111110010000000001111111110000000001001100000000000000000
0000000000000000000011001100000000000000000111110010000000001111111110000001010001100000000000000000
0000000000000000000011001100000000000000000111110010000000001111111110000001100010100000000000000000
0000000000000000000011001100000000000000000111110010000000001111111110000001100100100000000000000000
0000000000000000000011001100000000000000000111110010000000001111111110000001111000100000000000000000
0000000000000000000011001100000000000000000111110010000000001111111110000000111111000000000000000000
0000000000000000000000000000000000000000000000000000000000000000000000000000000000000010111000000000
0000000000000000000000000000000000000000000000000000000000000000000000000000000000000001011000000000
0000000000000000000000000000000000000000000000000000000000000000000000000000000000000000111000000000
0000000000000000000000000000000000000000000000000000000000000000000000000000000000010000101000000000
0000000000000000000000000000000000000000000000000000000000000000000000000000000000001000010000000000
0000000000000000000000000000000000000000000000000000000000000000000000000000000000010110011000000000
0000000000000000000000000000000000000000000000000000000000000000000000000000000000011101101000000000
0000000000000000000000000000000000001100001111110010000000001111111110000000000000011110110000000000
0000000000000000000000000000000000000000000000000000000000000000000000000000000000000000000000011111
0000000000000000000000000000000000000000000000000000000000000000000000000000000000000000000000011111
0000000000000000000000000000000000000000000000000000000000000000000000000000000000000000000000011011
0000000000000000000000000000000000000000000000000000000000000000000000000000000000000000000000000111
0000000000000000000000000000000000000000000000000000000000000000000000000000000000000000000111000011
0000000000000000000000000000000000000000000000000000000000000000000000000000000000000000000111000001
0000000000000000000000000000000000000000000000000000000000000000000000000000000000000000000110100010
0000000000000000000000000000000000000000000000000000000000000000000000000000000000000000000111110100
0000000000000000000000000000000000000000000000000000000000000000000000000000000000000000000111111000
