011100011111110000011111111100001111111111100000000111111111100101111111111111111111111111
101101000000000000011111111100000000111111100000000111111111100101111111111111001011111111
110110000000000000011111111100000000111111100000000111111111100101111111111111001011111111
111011100000000000011111111100000000111111100000000111111111100101111111111111001011111111
001100000000000000011111111100000000111111100000000111111111100101111111111111001011111111
010100000000000000011111111100000000111111100000000111111111100101111111111111001011111111
000100000000000000011111111100000000000000000000000111111111100101111111111111001011111111
100000001110000000011111111100000000000000000000000111111111100101111111111111111111111111
100000010110000000011111111100000000000000000000000111111111100101111111111111111111111111
100000011011000000011111111100001111000000000000000111111111100101111111111111111111111111
100000011101000000011111111100001111000000000000000111111111100101111111111111111111111111
100000000110100100111111111100001111000000000000000111111111111111111111111111111111111111
100000000001000000011111111100001111000000000000000111111111100101111111111111001011111111
100000000000000000011111111100000000000000000000000111111111100101111111111111111111111111
000000000000000001011111111100001111000000000000000111111111100101111111111111001011111111
000000000001000000111111111100000000000000000000000111111111111111111111111111001011111111
000000000000000001111111111100000000000000000000000111111111111111111111111111001011111111
000000000000001010111111111100001111000000000000000111111111111111111111111111111111111111
000000000001000111011111111100000000000000000000000111111111111111111111111111111111111111
111111111111111111100001011100001111111111100000000111111111111111111111111111111111111111
111111111111111111100000111100001111111111100000000111111111111111111111111111111111111111
111111111111111111100000100000001111111111100000000111111111111111111111111111111111111111
111111111111111111100000001000001111111111100000000111111111111111111111111111111111111111
111111111111111111110000000100001111111111100000000111111111111111111111111111111111111111
111111111111111111101100010100001111111111100000000111111111111111111111111111111111111111
111111111111111111111000101000001111111111100000000111111111111111111111111111111111111111
111111111111111111111010010100001111111111100000000111111111111111111111111111111111111111
111111111111111111111001101000001111111111100000000111111111111111111111111111111111111111
000000000000000000000000000000010011000000000000000111111111100101111111111111001011111111
000000000000000000000000000000010001000000000000000111111111100101111111111111001011111111
000000000000000000000000000000001111000000000000000111111111100101111111111111001011111111
000000000000000000000000000011000111000000000000000111111111100101111111111111001011111111
100000000111101001011111111100100011000000000000000111111111100101111111111111111111111111
100000000111101001011111111100110010000000000000000111111111100101111111111111111111111111
100000000111101001011111111110111100000000000000000111111111100101111111111111111111111111
100000000111101001011111111111111000000000000000000111111111100101111111111111111111111111
111111000000000000011111111100000000000011100000000111111111100101111111111111001011111111
111111000000000000011111111100000000000011100000000111111111100101111111111111001011111111
111111000000000000011111111100000000000000100000000111111111100101111111111111001011111111
111111000000000000011111111100000000000000100000000111111111100101111111111111001011111111
111111000000000000011111111100000000110001000000000111111111100101111111111111001011111111
111111000000000000011111111100000000110010000000000111111111100101111111111111001011111111
111111000000000000011111111100000000111100000000000111111111100101111111111111001011111111
000000000000000000000000000000000000000000001110010111111111100101111111111111001011111111
000000000000000000000000000000000000000000010110100111111111100101111111111111001011111111
000000000000000000000000000000000000000000011011010111111111100101111111111111001011111111
000000000000000000000000000000000000000000011101101111111111100101111111111111001011111111
000000000000000000000000000000000000000000000110100111111111100101111111111111001011111111
000000000000000000000000000000000000000000001011010111111111100101111111111111001011111111
000000000000000000000000000000000000000000010100100111111111100101111111111111001011111111
000000000000000000000000000000000000000000000010000111111111100101111111111111001011111111
111111111111111111111111111111111111111111111111111011000011111110000000001111111111111111
111111111111111111111111111111111111111111111111111101100011111111111111111111111111111111
111111111111111111111111111111111111111111111111111110100011111110000000001111111111111111
111111111111111111111111111111111111111111111111111011010011111111111111111111111111111111
111111111111111111111111111111111111111111111111111000101111111111111111111111111111111111
111111111111111111111111111111111111111111111111111000010011111110000000001111111111111111
111111111111111111111111111111111111111111111111111000010011111110000000001111111111111111
111111111111111111111111111111111111111111111111111111111101111001111111111111111111111111
111111111111111111111111111111111111111111111111111111111110111011111111111111111111111111
111111111111111111111111111111111111111111111111111111111111011101111111111111111111111111
000000000001000111111111111100000000000000000000000111111111101101111111111111001011111111
000000000001000111111111111100000000000000000000000111111111110111111111111111001000000000
111111111111111111111111111111111111111111111111111111111100111001111111111111111111111111
000000000001000111111111111100000000000000000000000111111101001001111111111111001011111111
111111111111111111111111111111111111111111111111111010110011111110111010011111111111111111
111111111111111111111111111111111111111111111111111010110011111111011010011111111111111111
111111111111111111111111111111111111111111111111111010110011111111101100101111111111111111
111111111111111111111111111111111111111111111111111010110011111111110101011111111111111111
111111111111111111111111111111111111111111111111111010110011111110011011111111111111111111
111111111111111111111111111111111111111111111111111010110011111111100101101111111111111111
111111111111111111111111111111111111111111111111111010110011111110001110101111111111111111
111111111111111111111111111111111111111111111111111010110011111110010111001111111111111111
111111111111111111111111111111111111111111111111111010110011111111101100001111111111111111
111111111111111111111111111111111111111111111111111111111111111111111111110110100011111111
111111111111111111111111111111111111111111111111111111111111111111111111111011000011111111
111111111111111111111111111111111111111111111111111111111111111111111111111101011011111111
111111111111111111111111111111111111111111111111111111111111111111111111110110110111111111
100000011111010001111111111100001111000000000000000111111111100101111111111001010111111111
100000011111010001111111111100001111000000000000000111111111100101111111110011100011111111
111111111111111111111111111111111111111111111111111111111111111111111111110010000011111111
100000011111010001111111111100001111000000000000000111111111100101111111110001100011111111
111111111111111111111111111111111111111111111111111111111111110111111111111111111101110000
111111111111111111111111111111111111111111111111111111111111110111111111111111111110111100
111111111111111111111111111111111111111111111111111111111111110111111111111111111111011100
111111111111111111111111111111111111111111111111111111111111110111111111111111111111101110
111111111111111111111111111111111111111111111111111111111111110111111111111111111101110001
111111111111111111111111111111111111111111111111111111111111110111111111111111111101110001
111111111111111111111111111111111111111111111111111111111111110111111111111111111100010001
111111111111111111111111111111111111111111111111111111111111110111111111111111111100001110
