010100001111111111111111111111111111111111111110000000011111111100000000011111111111111110000010110111111111111111010001111111111111111111111111111111
101100001111111111111111111111111111111111111110000000011111111100000000011111111111111110000010110111111111111111010001111111111111111111111111111111
010101001111111111111111111111111111111111111110000000011111111100000000011111111111111110000010110111111111111111010001111111111111111111111111111111
111011101111111111111111111111111111111111111110000000011111111100000000011111111111111110000010110111111111111000000001111111111111111111111111111111
000101101111111111111111111111111111111111111110000000011111111100000000011111111111111110000010110111111111111111010001111111111111111111111111111111
001110011111111111111111111111111111111111111110000000011111111100000000011111111111111110000010110111111111111000000001111111111111111111111111111111
000110011111111111111111111111111111111111111110000000011111111100000000011111111111111110000010110111111111111000000001111111111111111111111111111111
000001101111111111111111111111111111111111111110000000011111111100000000011111111111111110000010110111111111111000000001111111111111111111111111111111
111111110110100001111111101000111111111111111110000000011111111100000000011111111111111110000010110111111111111111010001111111111111111111111111111111
111111111011011001111111111111111111111111111110000000011111111100000000011111111111111110000010110111111111111111010001111111111111111111111111111111
111111111101011011111111111111111111111111111110000000011111111100000000011111111111111110000010110111111111111111010001111111111111111111111111111111
111111110110100101111111111111101111111111111110000000011111111100000000011111111111111110000010110111111111111111010001111111111111111111111111111111
111111111001000111111111111111111111111111111110000000011111111100000000011111111111111110000010110111111111111111010001111111111111111111111111111111
111111110110000001111111111111111111111111111110000000011111111100000000011111111111111110000010110111111111111111010001111111111111111111111111111111
111111110110000001111111111111111111111111111110000000011111111100000000011111111111111110000010110111111111111111010001111111111111111111111111111111
111111110001100001111111111111111111111111111110000000011111111100000000011111111111111110000010110111111111111111010001111111111111111111111111111111
111111110010100001111111111111111111111111111110000000011111111100000000011111111111111110000010110111111111111111010001111111111111111111111111111111
111111111111111110000110111111111111111111111110000000011111111100000000011111111111111110000010110111111111111111010001111111111111111111111111111111
111111111111111110000101111111111111111111111110000000011111111100000000011111111111111110000010110111111111111111010001111111111111111111111111111111
111111111111111110000010111111111111111111111110000000011111111100000000011111111111111110000010110111111111111111010001111111111111111111111111111111
111111111111111110000001111111111111111111111110000000011111111100000000011111111111111110000010110111111111111111010001111111111111111111111111111111
111111111111111111100001011111111111111111111110000000011111111100000000011111111111111110000010110111111111111111010001111111111111111111111111111111
111111111111111111010001011111111111111111111110000000011111111100000000011111111111111110000010110111111111111111010001111111111111111111111111111111
111111111111111110101110111111111111111111111110000000011111111100000000011111111111111110000010110111111111111111010001111111111111111111111111111111
111111111111111111111001011111111111111111111110000000011111111100000000011111111111111110000010110111111111111111010001111111111111111111111111111111
111111110111111111111111101101001111111111111110000000011111111100000000011111111111111110000010110111111111111111010001111111111111111111111111111111
111111111111111111111111110110001111111111111110000000011111111100000000011111111111111110000010110111111111111111010001111111111111111111111111111111
111111110111111111111111111010111111111111111110000000011111111100000000011111111111111110000010110111111111111111010001111111111111111111111111111111
111111110111111111111111101101001111111111111110000000011111111100000000011111111111111110000010110111111111111111010001111111111111111111111111111111
111111110111111111111111110010001111111111111110000000011111111100000000011111111111111110000010110111111111111111010001111111111111111111111111111111
111111111111111111111111100100001111111111111110000000011111111100000000011111111111111110000010110111111111111111010001111111111111111111111111111111
111111111110111111111111100100001111111111111110000000011111111100000000011111111111111110000010110111111111111111010001111111111111111111111111111111
111111111111111111111111111111110110100011111110000000011111111100000000011111111111111110000010110111111111111111010001111111111111111111111111111111
111111111111111111111111111111111011011011111110000000011111111100000000011111111111111110000010110111111111111111010001111111111111111111111111111111
111111111111111111111111111111111101100111111110000000011111111100000000011111111111111110000010110111111111111111010001111111111111111111111111111111
111111111111111111111111111111110110100011111110000000011111111100000000011111111111111110000010110111111111111111010001111111111111111111111111111111
111111111111111111111111111111111011011011111110000000011111111100000000011111111111111110000010110111111111111111010001111111111111111111111111111111
111111111111111111111111111111110100101011111110000000011111111100000000011111111111111110000010110111111111111111010001111111111111111111111111111111
111111111111111111111111111111110100110011111110000000011111111100000000011111111111111110000010110111111111111111010001111111111111111111111111111111
111111111111111111111111111111110010000011111110000000011111111100000000011111111111111110000010110111111111111111010001111111111111111111111111111111
111111111111111111111111111111111111111101110000000000000000000000000000011111111111111110000000000000111111111111010001111111111111111111111111111111
111111111111111111111111111111111111111110111000000000000000000000000000011111111111111110000000000000111111111111010001111111111111111111111111111111
111111111111111111111111111111111111111111011000000000011111111100000000011111111111111110000000000000111111111111010001111111111111111111111111111111
111111111111111111111111111111111111111111101110000000011111111100000000011111111111111110000000000000111111111111010001111111111111111111111111111111
111111111111111111111111111111111111111101110100000000011111111100000000011111111111111110000000000000111111111111010001111111111111111111111111111111
111111111111111111111111111111111111111100011000000000011111111100000000011111111111111110000010110111111111111111010001111111111111111111111111111111
111111111111111111111111111111111111111100010000000000011111111100000000011111111111111110000010110111111111111111010001111111111111111111111111111111
000000000000000000000000000000000000000000000000111010000000000000000000011111111111111110000000000000111111111000000001111111111111111111111111111111
000000000000000000000000000000000000000000000001011100100000000000000000011111111111111110000000000000111111111000000001111111111111111111111111111111
000000000000000000000000000000000000000000000001101100100000000000000000011111111111111110000000000000111111111000000001111111111111111111111111111111
000000000000000000000000000000000000000000000001110101000000000000000000011111111111111110000000000000111111111000000001111111111111111111111111111111
000000000000000000000000000000000000000000000000111011000000000000000000011111111111111110000000000000111111111000000001111111111111111111111111111111
000000000000000000000000000000000000000000000001000100000000000000000000011111111111111110000000000000111111111000000001111111111111111111111111111111
000000000000000000000000000000000000000000000000001100000000000000000000011111111111111110000000000000111111111000000001111111111111111111111111111111
000000000000000000000000000000000000000000000000110000000000000000000000011111111111111110000000000000111111111000000001111111111111111111111111111111
111111111111111111111111111111111111111100111110000000001110100000000000011111111111111110000000000000111111111111010001111111111111111111111111111111
111111111111111111111111111111111111111100111110000000010111001000000000011111111111111110000000000000111111111111010001111111111111111111111111111111
111111111111111111111111111111111111111100111110000000011011010100000000011111111111111110000000000000111111111111010001111111111111111111111111111111
111111111111111111111111111111111111111100111110000000011101111100000000011111111111111110000000000000111111111111010001111111111111111111111111111111
111111111111111111111111111111111111111100111110000000001110111000000000011111111111111110000000000000111111111111010001111111111111111111111111111111
111111111111111111111111111111111111111100111110000000010011000000000000011111111111111110000000000000111111111111010001111111111111111111111111111111
111111111111111111111111111111111111111100111110000000000111000000000000011111111111111110000000000000111111111111010001111111111111111111111111111111
111111111111111111111111111111111111111100111110000000001011000100000000011111111111111110000000000000111111111111010001111111111111111111111111111111
111111111111111111111111111111111111111100111110000000000110001000000000011111111111111110000000000000111111111111010001111111111111111111111111111111
000000000000000000000000000000000000000000000000000000000000000001100000011111111111111110000000000000111111111000000001111111111111111111111111111111
000000000000000000000000000000000000000000000000000000000000000010100000011111111111111110000000000000111111111000000001111111111111111111111111111111
000000000000000000000000000000000000000000000000000000000000000011010000111111111111111110000000000000111111111000000001111111111111111111111111111111
000000000000000000000000000000000000000000000000000000000000000000101000111111111111111110000000000000111111111000000001111111111111111111111111111111
000000000000000000000000000000000000000000000000000000000000000000010110011111111111111110000000000000111111111000000001111111111111111111111111111111
000000000000000000000000000000000000000000000000000000000000000000001001011111111111111110000000000000111111111000000001111111111111111111111111111111
000000000000000000000000000000000000000000000000000000000000000000001001011111111111111110000000000000111111111000000001111111111111111111111111111111
000000000000000000000000000000000000000000000000000000000000000000000110011111111111111110000000000000111111111000000001111111111111111111111111111111
000000000000000000000000000000000000000000000000000000000000000000110000011111111111111110000000000000111111111000000001111111111111111111111111111111
111111111111111111111111111111111111111111111111111111111111111111111111101100001111111111111110110111111111111111010001111111111110111111111111111111
111111111111111111111111111111111111111111111111111111111111111111111111110111001111111110000010110111111111111111010001111111111111111111111111111111
111111111111111111111111111111111111111111111111111111111111111111111111111011011111111110000010110111111111111111010001111111111111111111111111111111
111111111111111111111111111111111111111111111111111111111111111111111111101100100111111110000010110111111111111111010001111111111111111111111111111111
111111111111111111111111111111111111111111111111111111111111111111111111101100110111111110000010110111111111111111010001111111111111000000000111111111
111111111111111111111111111111111111111111111111111111111111111111111111100011010111111110000010110111111111111111010001111111111111000000000111111111
111111111111111111111111111111111111111111111111111111111111111111111111100101100111111110000010110111111111111111010001111111111111000000000111111111
111111111111111111111111111111111111111111111111111111111111111111111111111100000111111110000010110111111111111111010001111111111111000000000111111111
111111111111111111111111111111111111111111111111111111111111111111111111111111111010100000000010110111111111111111010001111111111111111111111111111111
111111111111111111111111111111111111111111111111111111111111111111111111111111111101011010010110110111111111111111010001111111111111111111111111111111
111111111111111111111111111111111111111111111111111111111111111111111111111111111010100000000010110111111111111111010001111111111111111111111111111111
111111111111111111111111111111111111111111111111111111111111111111111111111111111101011100000010110111111111111111010001111111111111111111111111111111
111111111111111111111111111111111111111111111111111111111111111111111111111111111010100000000010110111111111111111010001111111111111111111111111111111
111111111111111111111111111111111111111111111111111111111111111111111111111111111010100000000010110111111111111111010001111111111111111111111111111111
111111111111111111111111111111111111111111111111111111111111111111111111111111111000100000000010110111111111111111010001111111111111111111111111111111
111111111111111111111111111111111111111111111111111111111111111111111111111111111010000000000010110111111111111111010001111111111111111111111111111111
000000000000000000000000000000000000000000000000000000000000000000000000010000000000000000001100000000111111111000000001111111111111000000000111111111
000000000000000000000000000000000000000000000000000000000000000000000000010000000000000000001100000000111111111000000001111111111111000000000111111111
000000000000000000000000000000000000000000000000000000000000000000000000010000000010000000000000000000111111111000000001111111111111000000000111111111
000000000000000000000000000000000000000000000000000000000000000000000000010000000000000001100100000000111111111000000001111111111111000000000111111111
000000000000000000000000000000000000000000000000000000000000000000000000010000000010000001101000000000111111111000000001111111111111111111111111111111
111111111111111111111111111111111111111100000110000000000000000000000000011111111111111110000000000111111111111111010001111111111111111111111111111111
000000000000000000000000000000000000000000000000000000000000000000000000000000000000000000000000000111111111111000000001111111110101000000000111111111
111111111111111111111111111111111111111100000110000000000000000000000000011111111111111110000000000011111111111111010001111111111111111111111111111111
111111111111111111111111111111111111111100000110000000000000000000000000011111111111111110000000000011111111111111010001111111111111111111111111111111
000000000000000000000000000000000000000000000000000000000000000000000000000000000000000000000000000001111111111000000001111111111111000000000111111111
111111111111111111111111111111111111111100000110000000000000000000000000011111111111111110000011000011111111111111010001111111111111111111111111111111
111111111111111111111111111111111111111100000110000000000000000000000000011111111111111110000011110100111111111111010001111111111111111111111111111111
111111111111111111111111111111111111111100000110000000000000000000000000011111111111111110000011111100111111111111010001111111111111111111111111111111
111111111111111111111111111111111111111111111111111111111111111111111111111111111111111111111111111111000111111111010001111111111111111111111111111111
111111111111111111111111111111111111111111111111111111111111111111111111111111111111111111111111111111000111111111010001111111111111111111111111111111
111111111111111111111111111111111111111111111111111111111111111111111111111111111111111111111111111111000001111111010001111111111111111111111111111111
111111111111111111111111111111111111111111111111111111111111111111111111111111111111111111111111111111110001111111010001111111111111111111111111111111
111111111111111111111111111111111111111111111111111111111111111111111111111111111111111111111111111111110000011111010001111111111111111111111111111111
111111111111111111111111111111111111111111111111111111111111111111111111111111111111111111111111111111111100011111010001111111111111111111111111111111
111111111111111111111111111111111111111111111111111111111111111111111111111111111111111111111111111111111100001111010001111111111111111111111111111111
111111111111111111111111111111111111111111111111111111111111111111111111111111111111111111111111111111111111000111010001111111111111111111111111111111
111111111111111111111111111111111111111111111111111111111111111111111111111111111111111111111111111111111111100111010001111111111111111111111111111111
111010001111111111111111111111111111111111111110000000011111111100000000011111111111111110000010110111111111111000101111111111111111111111111111111111
111010001111111111111111111111111111111111111110000000011111111100000000011111111111111110000010110111111111111000011111111111111111111111111111111111
111010001111111111111111111111111111111111111110000000011111111100000000011111111111111110000010110111111111111000000111111111111111111111111111111111
000000000000000000000000000000000000000000000000000000000000000000000000000000000000000000000000000000000000000100001011111111101010000000000111111111
111010001111111111111111111111111111111111111110000000011111111100000000011111111111111110000010110111111111111010000111111111111111111111111111111111
000000000000000000000000000000000000000000000000000000000000000000000000000000000000000000000000000000000000000110100111111111111111000000000111111111
000000000000000000000000000000000000000000000000000000000000000000000000000000000000000000000000000000000000000111011001111111111111000000000111111111
000000000000000000000000000000000000000000000000000000000000000000000000000000000000000000000000000000000000000111111001111111111111000000000111111111
111111111111111111111111111111111111111111111111111111111111111111111111111111111111111111111111111111111111111111111110111011011111111111111111111111
111111111111111111111111111111111111111111111111111111111111111111111111111111111111111111111111111111111111111111111111011100011111111111111111111111
111111111111111111111111111111111111111111111111111111111111111111111111111111111111111111111111111111111111111111111111101100111111111111111111111111
111111111111111111111111111111111111111111111111111111111111111111111111111111111111111111111111111111111111111111111111110100111111111111111111111111
111111111111111111111111111111111111111111111111111111111111111111111111111111111111111111111111111111111111111111111110111011011111111111111111111111
111111111111111111111111111111111111111111111111111111111111111111111111111111111111111111111111111111111111111111111111000101011111111111111111111111
111111111111111111111111111111111111111111111111111111111111111111111111111111111111111111111111111111111111111111111111000110111111111111111111111111
111111111111111111111111111111111111111111111111111111111111111111111111111111111111111111111111111111111111111111111110011001011111111111111111111111
111111111111111111111111111111111111111111111111111111111111111111111111111111111111111111111111111111111111111111011111111111101000111111111111111111
111111111111111111111111111111111111111111111111111111111111111111111111111111111111111111111110111111111111111111111111111111110100111111111111111111
111111111111111111111111111111111111111111111111111111111111111111111111111111111111111111111111111111111111111111011111111111101000111111111111111111
111111111111111111111111111111111111111111111111111111111111111111111111111111111111111111111110111111111111111111111111111111100000111111111111111111
111111111111111111111111111111111111111111111111111111111111111111111111101111111111111111111111111111111111111111011111111111100000111111111111111111
111111111111111111111111111111111111111111111111111111111111111111111111111110000111111110000110110111111111111111010001111111111111000001111111111111
111111111111111111111111111111111111111111111111111111111111111111111111111110000111111110000110110111111111111111010001111111111111000001111111111111
111111111111111111111111111111111111111111111111111111111111111111111111111110000111111110000110110111111111111111010001111111111111000000100111111111
111111111111111111111111111111111111111111111111111111111111111111111111111110000111111110000110110111111111111111010001111111111111000000011111111111
111111111111111111111111111111111111111111111111111111111111111111111111111110000111111110000110110111111111111111010001111111111111000000000111111111
111111111111111111111111111111111111111111111111111111111111111111111111111110000111111110000110110111111111111111010001111111111111110000011111111111
111111111111111111111111111111111111111111111111111111111111111111111111111110000111111110000110110111111111111111010001111111111111111000001111111111
111111111111111111111111111111111111111111111111111111111111111111111111111110000111111110000110110111111111111111010001111111111111110101001111111111
111111111111111111111111111111111111111111111111111111111111111111111111111110000111111110000110110111111111111111010001111111111111110101110111111111
111111111111111111111111111111111111111111111111111111111111111111111111111111111111111111111111111111111111111111111111111111111111111111111000010111
111111111111111111111111111111111111111111111111111111111111111111111111111111111111111111111111111111111111111111111111111111111111111111111000001011
111111111111111111111111111111111111111111111111111111111111111111111111111111111111111111111111111111111111111111111111111111111111111111111000001010
111111111111111111111111111111111111111111111111111111111111111111111111111111111111111111111111111111111111111111111111111111111111111111111000000001
111111111111111111111111111111111111111111111111111111111111111111111111111111111111111111111111111111111111111111111111111111111111111111111100000100
111111111111111111111111111111111111111111111111111111111111111111111111111111111111111111111111111111111111111111111111111111111111111111111011000111
111111111111111111111111111111111111111111111111111111111111111111111111111111111111111111111111111111111111111111111111111111111111111111111100011000
111111111111111111111111111111111111111111111111111111111111111111111111111111111111111111111111111111111111111111111111111111111111111111111111001001
111111111111111111111111111111111111111111111111111111111111111111111111111111111111111111111111111111111111111111111111111111111111111111111110101010
