011011001111111111111111111111111111111111111111111111111111111111111111111111111110000000
101100001111111111111111111111111111111111111111111111111111111111111111111111111110000000
110100101111111111111111111111111111111111111111111111111111111111111111111111111110000000
011011111111111111111111111111111111111111111111111111111111111111111111111111111110000000
100100001111111111111111111111111111111111111111111111111111111111111111111111111110000000
100100000000001111111000000000111101000000001111000111111111111111111111111111100110000000
001100000000001111111000000000111101000000001111000111111111111111111111111111100110000000
000100000000001111111000000000111101000000001111000111111111111111111111111111100110000000
111110000110001111111111111111111101000000001111000111111111111111111111111111100110000110
111110001010011111111111111111111111111111111111000111111111111111111111111111100110000000
111110001101011111111111111111111111111111111111000111111111111111111111111111100110000000
111110000010101111111111111111111101000000001111000111111111111111111111111111100110000000
111110000001001111111111111111111111111111111111111111111111111111111111111111111110000000
111110000110001111111000000000111101000000001111000111111111111111111111111111100110000000
111111111111110111000111111111111111111111111111111111111111111111111111111111111110000000
111111111111111011000111111111111111111111111111111111111111111111111111111111111110000000
111111111111111101100111111111111111111111111111111011011111111111111111111111111110000000
111111111111111110011111111111111111111111111111111111111100000000011111111111111110000000
111111111111110010010111111111111111111111111111111111111100000000011111111111111110000000
111111111111110001101111111111111111111111111111111111110000000000011111111111111110000000
111111111111110001010111111111111111111111111111111111111100000000011111111111111110000000
111110001111101111111011101000111111111111111111111111111111111111111111111111111110000000
111110001111101111111101110000111111111111111111111111111111111111111111111111111110000000
111110001111101111111110110000111111111111111111111111111111111111111111111111111110000000
111110001111101111111111011100111111111111111111111111111111111111111111111111111110000000
111110001111101111111011101110111111111111111111111111111111111111111111111111111110000000
111110001111101111111100110010111111111111111111111111111111111111111111111111111110000000
111110001111101111111000110010111111111111111111111111111111111111111111111111111110000000
111110001111101111111000011100111111111111111111111111111111111111111111111111111110000000
111110001111101111111000000000111111111111111111111111111111111111111111111111111110000000
111111111111111111111111111111010000011111111111111111111111111111111111111111111110000000
111111111111111111111111111111101010111111111111111111111111111111111111111111111110000000
111111111111111111111111111111010101000000001111111111111111111111111111111111111110000000
111111111111111111111111111111001010011111111111111111111111111111111111111111111110000000
111110000110101111111111111111010101000000001111000111111111111111111111111111100110000000
111111111111111111111111111111001010000000001111111111111111111111111111111111111110000000
111110000110101111111111111111010000011111111111000111111111111111111111111111100110000000
111110000110101111111111111111110100101001001111000111111111111111111111111111100110000000
111110000110101111111111111111110100110110001111000111111111111111111111111111100110000000
111110000110101111111111111111110100101011111111000111111111111111111111111111100110000000
111110000110101111111111111111110100101101001111000111111111111111111111111111100110000000
111110000110101111111111111111110100110110001111000111111111111111111111111111100110000000
111110000110101111111111111111110100100100011111000111111111111111111111111111100110000000
111110000110101111111111111111110100100100101111000111111111111111111111111111100110000000
111111111111111111111111111111111111111111110100000111111111111111111111111111111110000000
111111111111111111111111111111111111111111111010011111111111111111111111111111111110000000
111111111111111111111111111111111111111111110101100111111111111111111111111111111110000000
111111111111111111111111111111111111111111110010000111111111111111111111111111100110000000
111110000000101111111111111111111101000000000010010111111111111111111111111111100110000000
111110000000101111111111111111111101000000000100101111111111111111111111111111100110000000
111110000000101111111111111111111101000000000100010111111111111111111111111111100110000000
111111111111111101111111111111111111111111111111111011000011111111111111111111111110000000
111111111111111111111111111111111111111111111111111101100011111111111111111111111110000000
111111111111111111111111111111111111111111111111111110101011111111111111111111111110000000
111111111111111101111111111111111111111111111111111011010011111111111111111111111110000000
111111111111111111111111111111111111111111111111111000100111111111111111111111111110000000
111111111111111111101111111111111111111111111111111001000011111111111111111111111110000000
111111111111111111101111111111111111111111111111111000010011111111111111111111111110000000
111111111111111110000111111111111111111111111111111111111101101000011111111111111110000000
111111111111111110000111111111111111111111111111111111111110110010011111111111111110000000
111111111111111110000111111111111111111111111111111111111111010101011111111111111110000000
111111111111111110000111111111111111111111111111111111111101101001011111111111111110000000
111111111111111110000111111111111111111111111111111111111110010110111111111111111110000000
111111111111111110000111111111111111111111111111111111111100101010011111111111111110000000
111111111111111110000111111111111111111111111111111111111101001100111111111111111110000000
111111111111111110000111111111111111111111111111111111111100110000011111111111111110000000
111111111111111110000111111111111111111111111111111111111100001010011111111111111110000000
111111111111111111111111111111111111111111111111111111111111111111101111010011111110000000
111111111111111111111111111111111111111111111111111111111111111111110111100011111110000001
111111111111111111111111111111111111111111111111111111111111111111111011101011111110000000
111111111111111111111111111111111111111111111111111111111111111111111101111011111110000000
111111111111111111111111111111111111111111111111111111111111111111111110111011111110000000
111111111111111111111111111111111111111111111111111111111111111111101111011011111110000000
111111111111111111111111111111111111111111111111111111111111111111110011100011111110000000
111111111111111111111111111111111111111111111111111111111111111111100111100111111110000000
111111111111111111111111111111111111111111111111111111111111111111100000001011111110000000
111111111111111111111111111111111111111111111111111111111111111111111111111101011000000000
111111111111111111111111111111111111111111111111111111111111111111111111111110110000000000
111111111111111111111111111111111111111111111111111111111111111111111111111101011010000000
111110000000101111111111111111111101000000001110000111111111111111111111111111101100000000
111110000000101111111111111111111101000000001110000111111111111111111111111110110000000000
111111111111111111111111111111111111111111111111111111111111111111111111111100010000000000
111111111111111111111111111111111111111111111111111111111111111111111111111100100000000000
000000000000000000000000000000000000000000000000000000000000000000000000000000000000001110
000000000000000000000000000000000000000000000000000000000000000000000000000000000000001001
000000000000000000000000000000000000000000000000000000000000000000000000000000000000000111
000000000000000000000000000000000000000000000000000000000000000000000000000000000001100001
000000001000000000000000000000000000000000000000000000000000000000000000000000000001010011
000000001000000000000000000000000000000000000000000000000000000000000000000000000001010101
000000000000000000000000000000000000000000000000000000000000000000001000000000000000111110
