000010111111101001010111111111111111111111111100000000000000111111111111111111111110001111101011111111111111111111111000000000000000000000000000000000
000001111111101001010111111111111111111111111100000000000000111111111111111111111110001111101011111111111111111111111000000000000000000000000000000000
000001111111101001010111111111111111111111111100000000000000111111111111111111111110001111101011111111111111111111111000000000000000000000000000000000
000000111111101001010111111111111111111111111100000000000000111111111111111111111110001111101011111111111111111111111000000000000000000000000000000000
100000000000000000000111111100000000011111111100000000000000111111111111111111111110001111101011111111111111111111111000000000000000000000000000000000
011000111111101001010111111111111111111111111100000000000000111111111111111111111111111111101011111111111111111111111000000000000000000000000000000000
111101000011101001010111111111111111111111111100000000000000111111111111111111111110001111101011111111111111111111111000000000000000000000000000000000
111101000001101001010111111111111111111111111100000000000000111111111111111111111110001111101011111111111111111111111000000000000000000000000000000000
111101000011101001010111111100000000011111111100000000000000111111111111111111111110001111101011111111111111111111111000000000000000000000000000000000
111101000010101001010111111100000000011111111100000000000000111111111111111111111110001111101011111111111111111111111000000000000000000000000000000000
111101101100100000000111111100000000011111111100000000000000111111111111111111111110001111101011111111111111111111111000000000000000000000000000000000
111101111000101001010111111111111111111111111100000000000000111111111111111111111110001111101011111111111111111111111000000000000000000000000000000000
111101111111001001010111111111111111111111111100000000000000111111111111111111111110001111101011111111111111111111111000000000000000000000000000000000
000000000000000111111111111100000000011111111100000000000000111111111111111111111110001111101011111111111111111111111000000000000000000000000000000000
111101111101100011111111111100000000011111111100000000000000111111111111111111111110001111101011111111111111111111111000000000000000000000000000000000
000000000000010010111111111100000000011111111100000000000000111111111111111111111110001111101011111111111111111111111000000000000000000000000000000000
000000000000011100111111111100000000011111111100000000000000111111111111111111111110001111101011111111111111111111111000000000000000000000000000000000
111101111101111000111111111100000000011111111100000000000000111111111111111111111110001111101011111111111111111111111000000000000000000000000000000000
000000000000011111001111111100000000011111111100000000000000111111111111111111111110001111101011111111111111111111111000000000000000000000000000000000
111101111101111111000111111100000000011111111100000000000000111111111111111111111110001111101011111111111111111111111000000000000000000000000000000000
000000000000011111100111111100000000011111111100000000000000111111111111111111111110001111101011111111111111111111111000000000000000000000000000000000
111111111111111111111000111111111111111111111100000000000000111111111111111111111111111111101011111111111111111111111000000000000000000000000000000000
111111111111111111111000010111111111111111111100000000000000111111111111111111111111111111101011111111111111111111111000000000000000000000000000000000
111111111111111111111000001111111111111111111100000000000000111111111111111111111111111111101011111111111111111111111000000000000000000000000000000000
111111111111111111111100001111111111111111111100000000000000111111111111111111111111111111101011111111111111111111111000000000000000000000000000000000
111111111111111111111110000011111111111111111100000000000000111111111111111111111111111111101011111111111111111111111000000000000000000000000000000000
111111111111111111111101100111111111111111111100000000000000111111111111111111111111111111101011111111111111111111111000000000000000001000000000000000
111111111111111111111111101011111111111111111100000000000000111111111111111111111111111111101011111111111111111111111000000000000000000000000000000000
111101110001100000000111111100001101111111111100000000000000111111111111111111111110001111101011111111111111111111111000000000000000000000000000000000
111101110001100000000111111100000111111111111100000000000000111111111111111111111110001111101011111111111111111111111000000000000000000000000000000000
111101110001100000000111111100000011111111111100000000000000111111111111111111111110001111101011111111111111111111111000000000000000000000000000000000
111101110001100000000111111100000001111111111100000000000000111111111111111111111110001111101011111111111111111111111000000000000000000000000000000000
111101110001100000000111111110000000011111111100000000000000111111111111111111111110001111101011111111111111111111111000000000000000000000000000000000
111101110001100000000111111111000001111111111100000000000000111111111111111111111110001111101011111111111111111111111000000000000000000000000000000000
111101110001100000000111111101100001111111111100000000000000111111111111111111111110001111101011111111111111111111111000000000000000000000000000000000
111101110001100000000111111111110110111111111100000000000000111111111111111111111110001111101011111111111111111111111000000000000000000000000000000000
111101110001100000000111111111110111011111111100000000000000111111111111111111111110001111101011111111111111111111111000000000000000000000000000000000
111111111111111111111111111111111111100001111100000000000000111111111111111111111111111111101011111111111111111111111000000000000000000000000000000000
111111111111111111111111111111111111100001010100000000000000111111111111111111111111111111101011111111111111111111111000000000000000000000000000000000
111111111111111111111111111111111111100000101100000000000000111111111111111111111111111111101011111111111111111111111000000000000000000000000000000000
111111111111111111111111111111111111100000011100000000000000111111111111111111111111111111101011111111111111111111111000000000000000000000000000000000
111111111111111111111111111111111111111000010100000000000000111111111111111111111111111111101011111111111111111111111000000000000000000000000000000000
111111111111111111111111111111111111110100001000000000000000111111111111111111111111111111101011111111111111111111111000000000000000000000000000000000
111111111111111111111111111111111111111011001100000000000000111111111111111111111111111111101011111111111111111111111000000000000000000000000000000000
111111111111111111111111111111111111110110110000000000000000111111111111111111111111111111101011111111111111111111111000000000000000000000000000000000
111111111111111111111111111111111111111111010000000000000000111111111111111111111111111111101011111111111111111111111000000000000100010000000000000000
000000000000000000000000000000000000000000000000001111000111111111111111111111111110001111111111111111111111111111111000000000000000000000000000000000
000000000000000000000000000000000000000000000000001111000111111111111111111111111110001111111111111111111111111111111000000000000000000000000000000000
000000000000000000000000000000000000000000000000001011000111111111111111111111111110001111111111111111111111111111111000000000000000000000000000000000
000000000000000000000000000000000000000000000000000110000000111111111111111111111110001111101011111111111111111111111000000000000000000000000000000000
000000000000000000000000000000000000000000000011100010000000111111111111111111111110001111101011111111111111111111111000000000000000000000000000000000
000000000000000000000000000000000000000000000011010001000111111111111111111111111110001111111111111111111111111111111000000000000000000000000000000000
000000000000000000000000000000000000000000000011111001000111111111111111111111111110001111111111111111111111111111111000000000000000000000000000000000
000000000000000000000000000000000000000000000011100110000111111111111111111111111110001111101011111111111111111111111000000000000000000000000000000000
000000000000000000000000000000000000000000000000000000001001111111111111111111111110001111101011111111111111111111111000000000000000000000000000000000
000000000000000000000000000000000000000000000000000000001000111111111111111111111110001111101011111111111111111111111000000000000000000000000000000000
000000000000000000000000000000000000000000000000000000110001111111111111111111111110001111101011111111111111111111111000000000000000000000000000000000
000000000000000000000000000000000000000000000011100111000010111111111111111111111110001111111111111111111111111111111000000000000000000000000000000000
000000000000000000000000000000000000000000000011100111000100111111111111111111111110001111111111111111111111111111111000000000000000000000000000000000
000000000000000000000000000000000000000000000011100111101000111111111111111111111110001111111111111111111111111111111000000000000000000000000000000000
111111111111111111111111111111111111111111111111111111111111000011111111111111111111111111111111111111111111111111111000000000000000000000000000000000
111111111111111111111111111111111111111111111111111111111111000010101111111111111111111111111111111111111111111111111000000000000000000000000000000000
111111111111111111111111111111111111111111111111111111111111000001111111111111111111111111111111111111111111111111111000000000000000000000000000000000
111111111111111111111111111111111111111111111111111111111111000000001111111111111111111111111111111111111111111111111000000000000000000000000000000000
111111111111111111111111111111111111111111111111111111111111110000110111111111111111111111111111111111111111111111111000000000000000000000000000000000
111111111111111111111111111111111111111111111111111111111111101000011111111111111111111111111111111111111111111111111000000000000000000000000000000000
111111111111111111111111111111111111111111111111111111111111111010000111111111111111111111111111111111111111111111111000000000000000000000000000000000
111111111111111111111111111111111111111111111111111111111111101011001111111111111111111111111111111111111111111111111000000000000000000000000000000000
111111111111111111111111111111111111111111111111111111111111111101010111111111111111111111111111111111111111111111111000000000000000000000000000000000
111111111111111111111111111111111111111111111111111111111111111111111011010000111111111111111111111111111100011111111000000000101000011000000000000000
111111111111111111111111111111111111111111111111111111111111111111111101101000111111111111111111111111111111111111111000000000000000000000000000000000
111111111111111111111111111111111111111111111111111111111111111111111110110100111111111111111111111111111111111111111000000000000000000000000000000000
111111111111111111111111111111111111111111111111111111111111111111111011010100111111111111111111111111111111111111111000000000000000000000000000000000
111111111111111111111111111111111111111111111111111111111111111111111101101010111111111111111111111111111111111111111000000000000000000000000000000000
111111111111111111111111111111111111111111111111111111111111111111111010010000111111111111111111111111111111111111111000000000000000000000000000000000
111111111111111111111111111111111111111111111111111111111111111111111001100010111111111111111111111111111111111111111000000000000000000000000000000000
111111111111111111111111111111111111111111111111111111111111111111111000010101111111111111111111111111111111111111111000000000000000000000000000000000
111111111111111111111111111111111111111111111111111111111111111111111000000010111111111111111111111111011111111111111000000000000000000000000000000000
111111111111111111111111111111111111111111111111111111111111111111111111111111011001001111111111111111111111111111111000000000000000000000000000000000
111111111111111111111111111111111111111111111111111111111111111111111111111111101010001111111111111111111111111111111000000000000000000000000000000000
111111111111111111111111111111111111111111111111111111111111111111111111111111110100101111111111111111111111111111111000000000000000000000000000000000
111111111111111111111111111111111111111111111111111111111111111111111111111111001011001111111111111111111111111111111000000000000000000000000000000000
111111111111111111111111111111111111111111111111111111111111111111111111111111010101111111111111111111111111111111111000000000000000000000000000000000
000001000000000000000111111100000000011111111100000000000000111111111111111111100110111111101011111111111111111111111000000000000000000000000000000000
000001000000000000000111111100000000011111111100000000000000111111111111111111001011011111101011111111111111111111111000000000000000000000000000000000
000001000000000000000111111100000000011111111100000000000000111111111111111111000011101111101011111111111111111111111000000000000000000000000000000000
111111111111111111111111111111111111111111111111111111111111111111111111111111111111110110000011111111111111111111111000000000111000000000000000000000
111111111111111111111111111111111111111111111111111111111111111111111111111111111111111010101011111111111111111111111000000000000000000000000000000000
111111111111111111111111111111111111111111111111111111111111111111111111111111111111111101010011111111111111111111111000000000000000000000000000000000
111111111111111111111111111111111111111111111111111111111111111111111111111111111111110010100011111111111111111111111000000000000000000000000000000000
111111111111111111111111111111111111111111111111111111111111111111111111111111111111110101010011111111111111111111111000000000000000000000000000000000
000000000000000000000000000000000000000000000011100110000111111111111111111111111110000010100011111111111111111111111000000000000000000000000000000000
111111111111111111111111111111111111111111111111111111111111111111111111111111111111110100000011111111111111111111111000000000000000000000000000000000
000000000000000000000000000000000000000000000011100110000111111111111111111111111110000000000011111111111111111111111000000000000000000000000000000000
111111111111111111111111111111111111111111111111111111111111111111111111111111111111111111111101110000111111100000101000000000000000000000000001111010
111111111111111111111111111111111111111111111111111111111111111111111111111111111111111111111110110000111111100000101000000000001000000000000000000000
111111111111111111111111111111111111111111111111111111111111111111111111111111111111111111111111011110111111100000101000000000000000000000000000000000
111111111111111111111111111111111111111111111111111111111111111111111111111111111111111111111111101100111111111111111000000000000000000000000000000000
111111111111111111111111111111111111111111111111111111111111111111111111111111111111111111111100110010111111100000101000000000000000000000000000000000
111111111111111111111111111111111111111111111111111111111111111111111111111111111111111111111100110000111111111111111000000000000000000000000000000000
111111111111111111111111111111111111111111111111111111111111111111111111111111111111111111111100101000111111111111111000000000000000000000000000000000
111111111111111111111111111111111111111111111111111111111111111111111111111111111111111111111100000000111111100000101000000000000000000000000000000000
111111111111111111111111111111111111111111111111111111111111111111111111111110111111111111111111111111011100011111111000000000000000000000000000000000
111111111111111111111111111111111111111111111111111111111111111111111111111111111111111111111111111111101100011111111000000000010000000000000000000000
111111111111111111111111111111111111111111111111111111111111111111111111111111111111111111111111111111110110011111111000000000000000000000000000000000
111111111111111111111111111111111111111111111111111111111111111111111111111111111111111111111111111111111010011111111000000000000000000000000000000000
111111111111111111111111111111111111111111111111111111111111111111111011111111111111111111111111111111001100011111111000000000000000000000000000000000
111111111111111111111111111111111111111111111111111111111111111111111011111111111111111111111111111111000000111111111000000000000000000000000000000000
111111111111111111111111111111111111111111111111111111111111111111111011111111111111111111111111111111000001011111111000000000000000000000000000000000
111111111111111111111111111111111111111111111111111111111111111111111111111111111111111111111100010110111111101101000000000000000000000000000000000000
111111111111111111111111111111111111111111111111111111111111111111111111111111111111111111111100010110111111110110101000000000000000000000000000000000
111111111111111111111111111111111111111111111111111111111111111111111111111111111111111111111100010110111111111011000000000000000000000000000000000000
111111111111111111111111111111111111111111111111111111111111111111111111111111111111111111111100010110111111101101010000000000000000000000000000000000
111111111111111111111111111111111111111111111111111111111111111111111111111111111111111111111100010110111111110110101000000000000000000000000000000000
111111111111111111111111111111111111111111111111111111111111111111111111111111111111111111111111111111111111101001010000000000000000000000000000000000
111111111111111111111111111111111111111111111111111111111111111111111111111111111111111111111100010110111111100010100000000000000000000000000000000000
111111111111111111111111111111111111111111111111111111111111111111111111111111111111111111111111111111111111101001000000000000000000000000000000000000
000000000000000000000000000000000000000000000000000000000000000000000000000000000000000000000000000000000000000000000000011111000000000000000000000000
000000000000000000000000000000000000000000000000000000000000000000000000000000000000000000000000000000000000000000000000011111000000000000000000000000
000000000000000000000000000000000000000000000000000000000000000000000000000000000000000000000000000000000000000000000000000110000000000000000000000000
000000000000000000000000000000000000000000000000000000000000000000000000000000000000000000000000000000000000000000000000000011000000000000000000000000
000000000000000000000000000000000000000000000000000000000000000000000000000000000000000000000000000000000000000000000110000111000000000000000000000000
000000000000000000000000000000000000000000000000000000000000000000000000000000000000000000000000000000000000000000000110000001000000000000000000000000
000000000000000000000000000000000000000000000000000000000000000000000000000000000000000000000000000000000000000000000111010000000000000000000000000000
000000000000000000000000000000000000000000000000000000000000000000000000000000000000000000000000000000000000000000000111110001000000000000000000000000
000000000000000000000000000000000000000000000000000000000000000000000000000000000000000000000000000000000000000000000110111010000000000000000000000000
000000000000000000000000000000000000000000000000000000000000000000000100000000000000001000000000000000000000000000000000000000001000000000000000000000
000000000000000000000000000000000000000000000000000000000000000000000000000000000000001000000000000000010000000000000000000000000000000000000000000000
000000000000000000000000000000000000000000000000000000000000000000000100000000000000001000000001000000000000000000000000000000100000000000000000000000
000000000000000000000000000000000000000000000100000000000000000000000000000000000000000000000000000000000000000000000000000000000001011000000000000000
000000000000000000000000000000000000000000000000000000000000000000000000000000000000000000000000000000000000000000000000000000000000111000000000000000
000000000000000000000000000000000000000000000000000000000000000000000000000000000000000000000000000000000000000000000000000000000100001000000000000000
000000000000000000000000000000000000000000000000000000000000000000000000000000000000000000000000000000000000000000000000000000000010011000000000000000
000000000000000000000000000000000000000000000100000000000000000000000100000000000000000000000000000000000000000000000000000000000110101000000000000000
000000000000000000000000001000000000000000000000000000000000000000000100000000000000000000000000000000000000000000000000000000000111110000000000000000
000000000000000000000000000000000000000000000000000000000000000000000000000000000000000000000000000000000000000000000000000000000000000000101110000000
000000000000000000000000000000000000000000000000000000000000000000000000000000000000000000000000000000000000000000000000000000000000000000011010000000
000000000000000000000000000000000000000000000000000000000000000000000000000000000000000000000000000000000000000000000000000000000000000000010110000000
000000000000000000000000000000000000000000000000000000000000000000000000000000000000000000000000000000000000000000000000000000000000000100001110000000
000000000000000000000000000000000000000000000000000000000000000000000000000000000000000000000000000000000000000000000000000000000000000011000110000000
000000000000000000000000000000000000000000000000000000000000000000000000000000000000000000000000000000000000000000000000000000000000000110100110000000
000000000000000000000000000000000000000000000000000000000000000000000000000000000000000000000000000000000000000000000000000000000000000101111000000000
000000000000000000000000000000000000000000000000000000000000000000000000000000000000000000000000000000000000000000000000000000000000000111111000000000
000000000000000000000000000000000000000000000000000000000000000000000000000000000000000000000010000000000000000000000000000000000000000000000000001111
000000000000000000000000000000000000000000000000000000000000000000000000000000000000000000000010000000000000000000000000000000000000000000000000001111
000000000000000000000000000000000000000000000000000000000000000000000000000000000000000000000010000000000000000000000000000000000000000000000000000111
000000000000000000000000000000000000000000000000000000000000000000000000000000000000000000000010000000000000000000000000000000000000000000000001100011
000000000000000000000000000000000000000000000000000000000000000000000000000000000000000000000000000000000000000000000000000000000000000000000001110000
000000000000000000000000000000000000000000000000000000000000000000000000000000000000000000000010000000000000000000000000000000000000000000000001111000
000000000000000000000000000000000000000000000000000000000000000000000000000000000000000000000000000000000000000000000000000000000000000000000001111000
