001101100000000000000000000000000111111111100000000000000000000000000000000000000000000000
000011100000000000000000000000111111111111100000000000000000000000000000000000000000000000
100000100100000000000000000000111111111111100000000000000000000000000000000000000000000000
100000000000000000000000000000111111111111100000000011111111000000000000000000000000000000
010001100000000000000000000000111111111111100000000011111111000000000000000000000000000000
110010000000000000000000000000111111111111100000000011111111000000000000000000000000000000
111010000000000000000000000000111111111111100000000011111111000000000000000000000000000000
000000000000000000000000000000111111111111100000000000000000000000000000000000000000000000
000000000100000000000000000000111111111111100000000000000000000000000000000000000000000000
001000001011111100000000000101111111111111100000000000000000100010000010111111111000000000
000000000100010100000000000000111111111111100000000000000000100010000000111111111000000000
000000000100001100000000000000111111111111100000000000000000100010000000111111111000000000
000000000100000000000000000000111111111111100000000000000000100010000000111111111000000000
000000000110000100000000000000111111111111100000000000000000100010000000111111111000000000
000000000101000000000000000101111001111111100000000000000000100010000000000000000000000000
000000000111010000000000000101111111111111100000000000000000000000000000111111111000000000
000000000000000000101110000000111111111111111111111100000000000000000000000000000000000000
000000000000000000011110000000111111111111100000000000000000000000000000000000000000000000
000000000000000010001110000000111111111111111111111100000000000000000000000000000000000000
000000000000000001000100000000111111111111100000000000000000000000000000000000000000000000
000000000000000011100110000000111111111111100000000000000000000000000000000000000000000000
000000000000000011111010000000111111111111111111111100000000000000000000000000000000000000
000000000000000011101100000000111111111111111111111100000000000000000000000000000000000000
000000000000000000000000001001111111111111100000000000000000000000000000000000000000000000
000000000000000000000000000011111111111111100000000000000000000000000000000000000000000000
000000000000000000000000000010001001111111100000000000000000000000000000000000000000000000
000000000000000000000001000000111111111111100000000000000000000000000000000000000000000000
000000000100001100000000000000111111111111100000000000000000100010000000111111111000000000
000000000000000000000000110000111111111111100000000000000000000000000000000000000000000000
000000000100001100000001100000111111111111100000000000000000100010000000111111111000000000
011111111111111111111111101111010001111111111111111111111111100010000000111111111000000000
011111111111111111111111101111100001111111111111111111111111100010000000111111111000000000
011111111111111111111111111111000111111111111111111111111111100010000000111111111000000000
111111111111110111111111101111001001111111111111111111111111100010000000111111111000000000
111111111111110111111111101111001001111111111111111111111111100010000000111111111000000000
111111111111111111111111111111111110110100011111111111111111100010001111111111111000000000
111111111111111111111111111111111111011010111111111111111111100010000000111111111000000000
111111111111111111111111111111111111101100111111111111111111100010000000111111111000000000
111111111111111111111111111111111110110111011111111111111111100010000000111111111000000000
111111111111111111111111111111111111011000011111111111111111100010000000111111111000000000
111111111111111111111111111111111110101001011111111111111111100010000000111111111000000000
111111111111111111111111111111111110001010011111111111111111100010000000111111111000000000
111111111111111111111111111111111110110000011111111111111111100010000000111111111000000000
000000000000000010100110000000111111111111101110101000000000000000000000000000000000000000
000000000000000010100110000000111111111111110111001000000000000000000000000000000000000000
000000000000000010100110000000111111111111111011010100000000000000000000000000000000000000
000000000000000010100110000000111111111111111101111000000000000000000000000000000000000000
000000000000000010100110000000111111111111101110110000000000000000000000000000000000000000
000000000000000010100110000000111111111111110011000000000000000000000000000000000000000000
000000000000000010100110000000111111111111100111000000000000000000000000000000000000000000
000000000000000010100110000000111111111111111010000100000000000000000000000000000000000000
000000000000000010100110000000111111111111100100001000000000000000000000000000000000000000
000111100000000000000000000000111111111111100000000000001111000000000000000000000000000000
000111100000000000000000000000111111111111100000000000001111000000000000000000000000000000
000111100000000000000000000000111111111111100000000000001011000000000000000000000000000000
000111100000000000000000000000111111111111100000000000000101000000000000000000000000000000
000111100000000000000000000000111111111111100000000011100011000000000000000000000000000000
000111100000000000000000000000111111111111100000000011010000000000000000000000000000000000
000111100000000000000000000000111111111111100000000011101000000000000000000000000000000000
000111100000000000000000000000111111111111100000000011111000000000000000000000000000000000
000000000111111000000000000101111111111111100000000000000000000011110000111111111000000000
000000000000000000000000000000000000000000000000000000000000000011110000000000000000000000
000000000000000000000000000000000000000000000000000000000000000001110000000000000000000000
000000000000000000000000000000000000000000000000000000000000000000010000000000000000000000
000000000111111000000000000101111111111111100000000000000000110000010000111111111000000000
000000000000000000000000000000000000000000000000000000000000111000100000000000000000000000
000000000000000000000000000000000000000000000000000000000000111001000000000000000000000000
000000000000000000000000000000000000000000000000000000000000111110000000000000000000000000
000000000000000000000000000000000001000000000000000000000000000000000011000000000000000000
000000000000000000000000000000000001000000000000000000000000000000000001000000000000000000
000000000100000000000000000000000001000000000000000000000000000000001000000000000000000000
000000000000000000000000000000000001000000000000000000000000000000001100000000000000000000
000000000111110100000000000101111111111111100000000000000000100010000000011001000000000000
000000000111110100000000000101111111111111100000000000000000100010000000101100100000000000
000000000111110100000000000101111111111111100000000000000000100010000000110110000000000000
000000000111110100000000000101111111111111100000000000000000100010000000011011010000000000
000000000111110100000000000101111111111111100000000000000000100010000000001101101000000000
000000000111110100000000000101111111111111100000000000000000100010000000100110110000000000
000000000111110100000000000101111111111111100000000000000000100010000000010011010000000000
000000000111110100000000000101111111111111100000000000000000100010000000000101101000000000
000000000111110100000000000101111111111111100000000000000000100010000000000010010000000000
000000000000000000000000000000000000000000000000000000000000000000000000000000000011110100
000000000000000000000000000000000000000000000000000000000000000000000000000000000101111010
000000000000000000000000000000000000000000000000000000000000000000000000000000000110111011
000000000000000000000000000000000000000000000000000000000000000000000000000000000111011100
000000000000000000000000000000000000000000000000000000000000000000000000000000000111101100
000000000000000000000000000000000000000000000000000000000000000000000000000000000011110111
000000000000000000000000000000000000000000000000000000000000000000000000000000000100111000
000000000000000000000000000000000000000000000000000000000000000000000000000000000011001000
000000000000000000000000000000000000000000000000000000000000000000000000000000000001001000
