01110100000000001111111110000000000000000000000000
10111010000000001111111110000000000000000000000000
11011100100000001111111110000000000000000000000000
11101110000000001111111110000000000000000000000000
01110111000000001111111110000000000000000000000000
10111011000000001111111110000000000000000000000000
01011100100000001111111110000000000000000000000000
00001100000000001111111110000000000000000000000000
00100010000000001111111110000000000000000000000000
00000000000111111111111110000000000000000000000000
00000000000011111111111110000000000000000000000000
00000000010001111111111111100101000000000000000000
00000000011000111111111110000000000000000000000000
00000000011100111111111110000000000000000000000000
00000000011111001111111111100101000000000000000000
00000000011111001111111111100101000000000000000000
11111111111111110001111111100101000000000000000000
11111111111111110001011111100101000000000000000000
11111111111111110000101111100101000000000000000000
11111111111111111100011111100101000000000000000000
11111111111111111010011101100101000000000000000000
11111111111111111101100111100101000000000000000000
11111111111111111111100011100101000000000000000000
11111111111111111111110011100101000000000000000000
11111111111111111111011101100101000000000000000000
00000000000100111111111110000110000000000000000000
00000000000100111111111110000101000000000000000000
00000000000000000000000000000010000000000000000000
00000000000000000000000000000000000000000000000000
00000000000100111111111111100001000000000000000000
00000000000000000000000001010001111111111000000000
00000000000100111111111110100110111111111000000000
00000000000000000000000000000011000011011000000000
00000000000000000000000000000011000001011000000000
00000000000000000000000000000011000000110000000000
00000000000000000000000000000011000000101000000000
00000000000000000000000000000011100000010000000000
00000000000000000000000000000011110000001000000000
00000000000000000000000000000011001100001000000000
00000000000000000000000000000011111010001000000000
00000000000000000000000000000011110101110000000000
00000000000000000000000000000000000000000000011111
00000000000000000000000000000000000000000000010101
00000000000000000000000000000000000000000000001011
00000000000000000000000000000000000000000000000111
00000000000000000000000000000000000000000110000101
00000000000000000000000000000000000000000101000010
00000000000000000000000000000000000000000110110011
00000000000000000000000000000000000000000101101101
00000000000000000000000000000000000000000111110110
