000010110001100000000011111111111111111111111111111111111111111111111000000001001111100000000000000000000000000000000000000000111100000000000111111111
000101110001100000000011111111111111111111101000111111111111111111111000000001001111100000000000000000000000000000000000000000111100000000000111111111
000010000000000000000011111111111111111111101000111111111111111111111000000001001111100000000000000000000000000000000000000000111100000000000111111111
010000110001100000000011111111111111111111101000111111111111111111111000000001001111100000000000000000000000000000000000000000111100000000000111111111
101001110001100001100011111111111111111111111111111111111111111111111000000001001111100000000000000000000000000000000000000000111100000000000111111111
010010110001100000000011111111111111111111111111111111111111111111111000000001001111100000000000000000000000000000000000000000111100000000000111111111
110111000011100000000011111111111111111111101000111111111111111111111000000001001111100000000000000000000000000000000000000000111100000000000111111111
110111000010100000000011111111111111111111101000111111111111111111111000000001001111100000000000000000000000000000000000000000111100000000000111111111
000000000110100000000011111111011111111111101000111111111111111111111000000001001111100000000000000000000000000000000000000000111100000000000111111111
000000001001000000000011111111111111111111101000111111111111111111111000000001001111100000000000000000000000000000000000000000111100000000000111111111
000000111001100000000011111111111111111111101000111111111111111111111000000001001111100000000000000000000000000000000000000000111100000000000111111111
110111100110100000000011111111111111111111101000111111111111111111111000000001001111100000000000000000000000000000000000000000111100000000000111111111
110111111011011101011111111111111111111111101000111111111111111111111000000001001111100000000000000000000000000000000000000000111100000000000111111111
000000000000100011100011111111111111111111101000111111111111111111111000000001001111100000000000000000000000000000000000000000111100000000000111111111
000000000000100010100011111111111111111111101000111111111111111111111000000001001111100000000000000000000000000000000000000000111100000000000111111111
000000000000100000100011111111111111111111101000111111111111111111111000000001001111100000000000000000000000000000000000000000111100000000000111111111
000000000000011001000011111111111111111111101000111111111111111111111000000001001111100000000000000000000000000000000000000000111100000000000111111111
000010000000110010100011111111111111111111101000111111111111111111111000000001001111100000000000000000000000000000000000000000111100000000000111111111
000010000000011101000011111111111111111111101000111111111111111111111000000001001111100000000000000000000000000000000000000000111100000000000111111111
000000000000100000000111111111111111111111101000111111111111111111111000000001001111100000000000000000000000000000000000000000111100000000000111111111
000000000000100000000111111111111111111111101000111111111111111111111000000001001111100000000000000000000000000000000000000000111100000000000111111111
000000000000100000011011111111111111111111101000111111111111111111111000000001001111100000000000000000000000000000001111111110111100000000000111111111
111111111111111111111101010011111111000001111111111111111111111111111000000001001111100010110000000011111110000000001111111111111111000000000111111111
111111111111111111111110101011111111111111111111111111111111111111111000000001001111100010110000000011111110000000001111111111111111000000000111111111
111111111111111111111101011111111111111111111111111111111111111111111000000001001111100010110000000011111110000000001111111111111111000000000111111111
111111111111111111111110100111111111000001111111111111111111111111111000000000000000000010110000000011111110000000001111111111111111000000000111111111
111111111111111111111101100011111111000001111111111111111111111111111000000000000000000010110000000011111110000000001111111111111111000000000111111111
111111111111111111111100110011111111000001111111111111111111111111111000000000000000000010110000000011111110000000001111111111111111000000000111111111
111111111111111111111111111101100011111111111111111110111111111111111000000001001111100010110000000011111110000000001111111111111111000000000111111111
111111111111111111111111111110110111111111111111111111111111111111111000000001001111100010110000000011111110000000001111111111111111000000000111111111
111111110111111111111111111111011011111111111111111111111111111111111000000001001111100010110000000011111110000000001111111111111111000000000111111111
111111111111111111111111111101100011111111111111100100111111111111111000000001001111100010110000000011111110000000001111111111111111000000000111111111
111111111111111111111111111100100011111111111111111111111111111111111000000001001111100010110000000011111110000000001111111111111111000000000111111111
111111111111111111111111111101000011111111111111101111111111111111111000000001001111100010110000000011111110000000001111111111111111000000000111111111
111111111111111111111111111111111101000001111111111111111111111111111000000001001111100010110000000011111110000000001111111111111111000000000111111111
111111111111111111111111111111111110000001111111111111111111111111111000000001001111100010110000000011111110000000001111111111111111000000000111111111
111111111111111111111101100011111100011101111111111111111111111111111000000000000000000010110000000011111110000000001111111111111111000000000111111111
111111111111111111111101100011111100101001111111111111001111111111111000000000000000000010110000000011111110000000001111111111111111000000000111111111
111111111111111111111101100011111100110001111111111111111111111111111000000000000000000010110000000011111110000000001111111111111111000000000111111111
111111111111111111111101100011111100100011111111111111111100111111111000000000000000000010110000000011111110000000001111111111111111000000000111111111
111111111111111111111101100011111100000101111111111111111111111111111000000000000000000010110000000011111110000000001111111111111111000000000111111111
111111111111111111111111111111111111111110110000111111111111111111111000000001001111100010110000000011111110000000001111111111111111000000000111111111
111111111111111111111111111111111111111111011000111111111111111111111000000001001111100010110000000011111110000000001111111111111111000000000111111111
100011000000000000000011111111111111111111101000111111111111111111111000000001001111100000000000000000000000000000000000000000111100000000000111111111
111111111111111111111111111111111111111110110100111111111111111111111000000001001111100010110000000011111110000000001111111111111111000000000111111111
100011000000000000000011111111111111111110001011111111111111111111111000000001001111100000000000000000000000000000000000000000111100000000000111111111
100011000000000000000011111111111111111110000100111111111111111111111000000001001111100000000000000000000000000000000000000000111100000000000111111111
100011000000000000000011111111111111111110000100111111111111111111111000000001001111100000000000000000000000000000000000000000111100000000000111111111
111111111111111111111111111111111111111111111111011001111111111111111000000001001111100010110000000011111110000000001111111111111111000000000111111111
111111111111111111111111111111101011111111111111101100111111111111111000000001001111100010110000000011111110000000001111111111111111000000000111111111
111111111111111111111111111111101111111111111111110110111111111111111000000001001111100010110000000011111110000000001111111111111111000000000111111111
111111111111111111111111111111111111111111111111011011111111111111111000000001001111100010110000000011111110000000001111111111111111000000000111111111
111111111111111111111111111111101111111111111111001100111111111111111000000001001111100010110000000011111110000000001111111111111111000000000111111111
111111111111111111111111111101101111111111111111100100111111111111111000000001001111100010110000000011111110000000001111111111111111000000000111111111
111111111111111111111111111111111111101111111111111111011000111111111000000001001111100010110000000011111110000000001111111111111111000000000111111111
111111111111111111111111111111111111101111111111111111101100111111111000000001001111100010110000000011111110000000001111111111111111000000000111111111
111111111111111111111111111111111111111111111111111111110100111111111000000001001111100010110000000011111110000000001111111111111111000000000111111111
111111111111111111111111111111111111111111111111111111011011111111111000000001001111100010110000000011111110000000001111111111111111000000000111111111
111111111111111111111111111111111111111011111111111111000100111111111000000001001111100010110000000011111110000000001111111111111111000000000111111111
111111111111111111111111111111111111111011111111111111000100111111111000000001001111100010110000000011111110000000001111111111111111000000000111111111
111111111111111111111111111111111111111111111111111111111111011100011000000001001111100010110000000011111110000000001111111111111111000000000111111111
111111111111111111111111111111111111111111111111111111111111101101000000000001001111100010110000000011111110000000001111111111111111000000000111111111
111111111111111111111111111111111111111111111111111111111111110110000000000001001111100010110000000011111110000000001111111111111111000000000111111111
111111111111111111111111111111111111111111111111111111111111111010100000000001001111100010110000000011111110000000001111111111111111000000000111111111
111111111111111111111111111111111111111111111111111111111111001101100000000001001111100010110000000011111110000000001111111111111111000000000111111111
111111111111111111111111111111111111111111111111111111111111010010100000000001001111100010110000000011111110000000001111111111111111000000000111111111
111111111111111111111111111111111111111111111111111111111111000111000000000001001111100010110000000011111110000000001111111111111111000000000111111111
111111111111111111111111111111111111111111111111111111111111100000000000000001001111100010110000000011111110000000001111111111111111000000000111111111
111111111111111111111111111111111111111111111111111111111111100000000000000001001111100010110000000011111110000000001111111111111111000000000111111111
000000000000000000000000000000000000000000000000000000000000000000000000011110000000000000000000000000000000000000000000000000111100111111111111111111
000000000000000000000000000000000000000000000000000000000000000000000000010010000000000000000000000000000000000000000000000000111100111111111111111111
000000000000000000000000000000000000000000000000000000000000000000000000001110000000000000000000000000000000000000000000000000111100111111111111111111
000000000000000000000000000000000000000000000000000000000000000000000000000010000000000000000000000000000000000000000000000000111100111111111111111111
000000000000000000000000000000000000000000000000000000000000000000000110000110000000000000000000000000000000000000000000000000111100000000000111111111
000000000000000000000000000000000000000000000000000000000000000000000101000010000000000000000000000000000000000000000000000000111100111111111111111111
000000000000000000000000000000000000000000000000000000000000000000000101010010000000000000000000000000000000000000000000000000111100111111111111111111
000000000000000000000000000000000000000000000000000000000000000000000111111100000000000000000000000000000000000000000000000000111100000000000111111111
111111111111111111111111100011111111000001111111111111111111111111111000000000001111100010110000000011111110000000001111111111111111000000000111111111
000000000000000000000000000000000000000000000000000000000000000000000000000000000111000000000000000000000000000000000000000000111100000000000111111111
000000000000000000000000000000000000000000000000000000000000000000000000000000000011100000000000000000000000000000000000000000111100000000000111111111
111111111111111111111111100011111111000001111111111111111111111111111000000001000111100010110000000011111110000000001111111111111111000000000111111111
111111111111111111111111100011111111000001111111111111111111111111111000000001101000100010110000000011111110000000001111111111111111000000000111111111
111111111111111111111111100011111111000001111111111111111111111111111000000001111000100010110000000011111110000000001111111111111111000000000111111111
111111111111111111111111100011111111000001111111111111111111111111111000000001111000100010110000000011111110000000001111111111111111000000000111111111
111111111111111111111111100011111111000001111111111111111111111111111000000001011111000010110000000011111110000000001111111111111111000000000111111111
000000000000000000000000000000000000000000000000000000000000000000000000000000000000000101100000000000000000000000000000000000111100000000000111111111
000000000000000000000000000000000000000000000000000000000000000000000000000000000000000001100000000000000000000000000000000000111100000000000111111111
000000000000000000000000000000000000000000000000000000000000000000000000000000000000010000010000000000000000000000000000000000111100000000000111111111
000000000000000000000011111111111111111111101000111111111111111111111000000001001111100000110000000011111110000000001111111111111111000000000111111111
000000000000000000000000000000000000000000000000000000000000000000000000000000000000011000010000000000000000000000000000000000111100000000000111111111
000000000000000000000011111111111111111111101000111111111111111111111000000001001111111010010000000011111110000000001111111111111111000000000111111111
000000000000000000000011111111111111111111101000111111111111111111111000000001001111100111100000000011111110000000001111111111111111000000000111111111
000000000000000000000000000000000000000000000000000000000000000000000000000000000000000000000000010100000000000000000000000000111100000000000111111111
000000000000000000000000000000000000000000000000000000000000000000000000000000000000000000000000001100000000000000000000000000111100000000000111111111
000000000000000000000000000000000000000000000000000000000000000000000000000000000000000000000000001100000000000000000000000000111100000000000111111111
000000000000000000000000000000000000000000000000000000000000000000000000000000000000000000000000000000000000000000000000000000111100000000000111111111
000000000000000000000000000000000000000000000000000000000000000000000000000000000000000000000000000000000000000000000000000000111100000000000111111111
000000000000000000000000000000000000000000000000000000000000000000000000000000000000000000001000001100000000000000000000000000111100000000000111111111
000000000000000000000000000000000000000000000000000000000000000000000000000000000000000000000110010100000000000000000000000000111100000000000111111111
000000000000000000000000000000000000000000000000000000000000000000000000000000000000000000001110011000000000000000000000000000111100000000000111111111
000000000000000000000011111111111111111111101000111111111111111111111000000001001111100010110000000000001110000000001111111110111100000000000111111111
000000000000000000000011111111111111111111101000111111111111111111111000000001001111100010110000000000010000000000001111111110111100000000000111111111
000000000000000000000011111111111111111111101000111111111111111111111000000001001111100010110000000000001010000000001111111110111100000000000111111111
000000000000000000000011111111111111111111101000111111111111111111111000000001001111100010110000000001001110000000001111111111111111000000000111111111
000000000000000000000011111111111111111111101000111111111111111111111000000001001111100010110000000010110110000000001111111110111100000000000111111111
000000000000000000000011111111111111111111101000111111111111111111111000000001001111100010110000000010011000000000001111111110111100000000000111111111
000000000000000000000011111111111111111111101000111111111111111111111000000001001111100010110000000010111000000000001111111110111100000000000111111111
000000000000000000000000000000000000000000000000000000000000000000000000000000000000000000000000000000000000000111100000000000111100000000000111111111
000000000000000000000000000000000000000000000000000000000000000000000000000000000000000000000000000000000000000100110000000000111100000000000111111111
000000000000000000000000000000000000000000000000000000000000000000000000000000000000000000000000000000000000000010110000000000111100000000000111111111
000000000000000000000000000000000000000000000000000000000000000000000000000000000000000000000000000000000000000001000000000000111100000000000111111111
000000000000000000000000000000000000000000000000000000000000000000000000000000000000000000000000000000000001100001110000000000111100000000000111111111
000000000000000000000000000000000000000000000000000000000000000000000000000000000000000000000000000000000001010001010000000000111100000000000111111111
000000000000000000000000000000000000000000000000000000000000000000000000000000000000000000000000000000000001001110110000000000111100000000000111111111
000000000000000000000000000000000000000000000000000000000000000000000000000000000000000000000000000000000001110101010000000000111100000000000111111111
000000000000000000000000000000000000000000000000000000000000000000000000000000000000000000000000000000000000110111100000000000111100000000000111111111
000000000000000000000111111111111111111111101000111111111111111111111000000001001111100010110000000011111110000000000110000001111111000000000111111111
000000000000000000000111111111111111111111101000111111111111111111111000000001001111100010110000000011111110000000001011000001111111000000000111111111
000000000000000000000111111111111111111111101000111111111111111111111000000001001111100010110000000011111110000000001101100001111111000000000111111111
000000000000000000000111111111111111111111101000111111111111111111111000000001001111100010110000000011111110000000000110010001111111000000000111111111
000000000000000000000111111111111111111111101000111111111111111111111000000001001111100010110000000011111110000000000010011101111111000000000111111111
000000000000000000000111111111111111111111101000111111111111111111111000000001001111100010110000000011111110000000000001100011111111000000000111111111
000000000000000000000111111111111111111111101000111111111111111111111000000001001111100010110000000011111110000000000000100101111111000000000111111111
000000000000000000000111111111111111111111101000111111111111111111111000000001001111100010110000000011111110000000000000101001111111000000000111111111
000000000000000000000111111111111111111111101000111111111111111111111000000001001111100010110000000011111110000000000000010001111111000000000111111111
000000000000000000000011111111111111111111101000111111111111111111111000000001001111100010110000000000010000000000001111111110111000000000000111111111
111111111111111111111111111111111111111111111111111111111111111111111111111111111111111111111111111111111111111111111111111111010011111111111111111111
111111111111111111111111111111111111111111111111111111111111111111111111111111111111111111111111111111111111111111111111111111101100111111111111111111
111111111111111111111111111111111111111111111111111111111111111111111111111111111111111111111111111111111111111111111111111111010110111111111111111111
111111111111111111111111111111111111111111111111111111111111111111111111111111111111111111111111111111111111111111111111111110011000111111111111111111
000000000000000000000011111111111111111111101000111111111111111111111000000001001111100010110000000000010000000000001111111110101000000000000111111111
000000000000000000000011111111111111111111101000111111111111111111111000000001001111100010110000000000010000000000001111111110100000000000000111111111
000000000000000000000000000000000000000000000000000000000000000000000111101100000000000000000000000000000000000000000000000000111100011100000111111111
000000000000000000000000000000000000000000000000000000000000000000000111101100000000000000000000000000000000000000000000000000111100101110100111111111
000000000000000000000000000000000000000000000000000000000000000000000111101100000000000000000000000000000000000000000000000000111100110111010111111111
000000000000000000000000000000000000000000000000000000000000000000000111101100000000000000000000000000000000000000000000000000111100111011010111111111
000000000000000000000000000000000000000000000000000000000000000000000111101100000000000000000000000000000000000000000000000000111100011101001111111111
000000000000000000000000000000000000000000000000000000000000000000000111101100000000000000000000000000000000000000000000000000111100001110100111111111
000000000000000000000000000000000000000000000000000000000000000000000111101100000000000000000000000000000000000000000000000000111100010001000111111111
000000000000000000000000000000000000000000000000000000000000000000000111101100000000000000000000000000000000000000000000000000111100001100001111111111
000000000000000000000000000000000000000000000000000000000000000000000111101100000000000000000000000000000000000000000000000000111100000010010111111111
111111111111111111111111111111111111111111111111111111111111111111111111111111111111111111111111111111111111111111111111111111111111111111111000000101
111111111111111111111111111111111111111111111111111111111111111111111111111111111111111111111111111111111111111111111111111111111111111111111000000010
111111111111111111111111111111111111111111111111111111111111111111111111111111111111111111111111111111111111111111111111111111111111111111111000000010
111111111111111111111111111111111111111111111111111111111111111111111111111111111111111111111111111111111111111111111111111111111111111111111000000001
111111111111111111111111111111111111111111111111111111111111111111111111111111111111111111111111111111111111111111111111111111111111111111111000000001
111111111111111111111111111111111111111111111111111111111111111111111111111111111111111111111111111111111111111111111111111111111111111111111000000000
111111111111111111111111111111111111111111111111111111111111111111111111111111111111111111111111111111111111111111111111111111111111111111111100000001
111111111111111111111111111111111111111111111111111111111111111111111111111111111111111111111111111111111111111111111111111111111111111111111011000000
111111111111111111111111111111111111111111111111111111111111111111111111111111111111111111111111111111111111111111111111111111111111111111111100110100
