0110100111111111111111111111111111111111
1011010111111111111111111111111111111111
1101110111111111111111111111111111111111
0110101111111111111111111111111111111111
1011011000000000000000000111111111111111
0110101000000000000000001111111111111111
0001110000000000000000001111111111111111
1111000011101101111111111111111111111111
1111000101110101111111111111111111111111
1111000110111001111111111111111111111111
1111000111011011111111111111111111111111
1111000011101101111111111111111111111111
1111000101110101111111111111111111111111
1111000110011000000000001111111111111111
1111000000100000000000001111111111111111
1111000111111000111010001111111111111111
1111000111111001011100000011111000000000
1111000111111001101110001111111111111111
1111000111111001110110101111111111111111
1111000111111000111011001111111111111111
1111000111111001011101001111111111111111
1111000111111000000110011111111111111111
1111000111111000001000001011111111111111
1111000111111000000001001111111100000000
1111011111111111011111110011111100000000
1111111111111111011111010011111100000000
1111111111111111111111111101000011111111
1111111111111111111111111110000011111111
1111111111111111111111111100010011111111
1111111111111111111111111100100011111111
1111111111111111111111111100000011111111
1111111111111111011111111100000011111111
1111111111111111011111100011111101110101
1111111111111111011111100011111110111010
1111111111111111011111100011111111011100
1111111111111111011111100011111111101100
1111111111111111011111100011111101110111
1111111111111111011111100011111110111011
1111111111111111011111100011111101001101
1111111111111111011111100011111110001110
