0111010111111111111010011111000000000000
1011101011111110000010011111101011111010
1101101111111110000010011111000000000000
1110110100000001110000000000000000000000
0111011011111110000010011111000000000000
1001101011111111100010011111000000000000
0110110000000000000000000000000000000000
1011000000000000000000000000000000000000
1110110000001100000010011111000000000000
1110110000001110000000000000000000000000
1110110000001100000000000000000000000000
1110110000000010000010011111000000000000
1110110011100010000000000000000000000000
1110110011100010000000000000000000000000
1110110001011100000010011111000000000000
1001010000000000000100000000000000000000
1001010000000000000100000000000000000000
1001000000000000000000000000000000000000
1000000000000000000000000000000000000000
0000000000000001100000000000000000000000
1110110010010010000000010111000000000000
0000000000000000000000001101000000000000
0000000000000000000000001001000000000000
1110110010010010000010000010000000000000
1110110010010010000001100111000000000000
1110110010010010000011001011000000000000
1110110010010010000010011101000000000000
1110110010010010000011101110000000000000
0100000000000000000000000000000101010011
0000000000000000000000000000000011000000
0100000000000000000000000000000010100000
0000000000000000000000000000100000100000
0100000000000000000000000000011001100000
0100000000000000000000000000110010111100
0100000000000000000000000000001111000000
0100000000000000000000000000100001000000
0100000000000000000000000000000001000000
0000000000000000000000000000000001000000
0100000000000000000000000000100000000000
0000000000000000000000000000100000000000
