001111100000000011111110000000000000000000000110100000000000000010111001111111111111110000000000000000000000000000000000000000000000000000000111111111
000111100000000011111110000000000000000000000110100000000000000010111001111111111111110000000000000000000000000000000000000000000000000000000111111111
100011100000000011111110000000000000000000000110100000000000000010111001111111111111110000000000000000000000000000000000000000000000000000111111111111
110000100000000011111110000000000000000000000110100000000000000010111001111111111111110000000000000000000000000000000000000000000000000000000111111111
111001000000000011111110000000000000000000000110100000000000000010111001111111111111110000000000000000000000000000000000000000000000000000000111111111
111010100000000011111110000000000000000000000110100000000000000010111001111111111111110000000000000000000000000000000000000000000000000000000111111111
111101000000000011111110000000000000000000000110100000000000000010111001111111111111110000000000000000000000000000000000000000000000000000000111111111
000000000001011111111110000000000000000000000110100000000000000010111001111111111111110000000000000000000000000000000000000000000000000000000111111111
000000000000111011111110000000000000000000000110100000000000000010111001111111111111110000000000000000000000000000000000000000000000000000000111111111
000000000000111011111110000000000000000000000110100000000000000010111001111111111111110000000000000000000000000000000000000000000000000000000111111111
000000000000100111111110000000000000000000000110100000000000000010111001111111111111110000000000000000000000000000000000000000000000000000000111111111
000000010000011111111110000000000000000000000110100000000000000010111001111111111111110000000000000000000000000000000000000000000000000000000111111111
000000001110011111111110000000000000000000000110100000000011010010111001111111111111110000000000000000000000000000000000000000000000000000000111111111
000000011101100111111111000000000000000000000110100000000000000010111001111111111111110000000000000000000000000000000000000000000000000000000111111111
000000011101100111111110000000000000000000000110100000000000000010111001111111111111110000000000000000000000000000000000000000000000000000000111111111
000000010011111011111111100100000000000000000110100000000000000010111001111111111111110000000000000000000000000000000000000000000000000000000111111111
111111111111111100001110000100000000000000000110100000000000000010111001111111111111110000000000000000000000000000000000000000000000000000000111111111
111111111111111100001110000000000000000000000110100000000000000010111001111111111111110000000000000000000000000000000000000000000000000000000111111111
111111111111111100000100000000000000000000000110100000000000000010111001111111111111110000000000000000000000000000000000000000000000000000000111111111
111111111111111100000010000000000000000000000000000000000000000010111001111111111111110000000000000000000000000000000000000000000000000000000111111111
111111111111111111000100000000000000000000000110100000000000000010111001111111111111110000000000000000000000000000000000000000000000000000000111111111
111111111111111111101010000100000000000000000110100000000000000010111001111111111111110000000000000000000000000000000000000000000000000000000111111111
111111111111111111010100000000000000000000000110100000000000000010111001111111111111110000000000000000000000000000000000000000000000000110001111111111
000000000000010100000000000000000000000000000000000000000000000010111001111111111111110000000000000000000000000000000000000000000000000000000111111111
000000000000000100000000000100000000000000000000000000000000000010111001111111111111110000000000000000000000000000000000000000000000000000000111111111
000000000000000000000000000000000000000000000000000000000000000010111001111111111111110000000000000000000000000000000000000000000000000000000111111111
000000000000000000000000000000000000000000000000000000000000000010111001111111111111110000000000000000000000000000000000000000000000000000000111111111
000000000000000110000100100000000000000000000000000000000000000010111001111111111111110000000000000000000000000000000000000000000000000000000111111111
000000000000000000000000000000001100000000000000000000000000000010111001011101111111110000000000000000000000000000000000000000000000000000000111111111
000000000000000000000000000000001100000000000000000000000000000010111001111111111111110000000000000000000000000000000000000000000000000000000111111111
000000000000000000000000000000000000000000000000000000000000000011111111111111111111110000000000000000000000000000000000000000000000000000000111111111
000000000000000000000000000000000000000000000000000000000000000011111111111111111111110000000000000000000000000000000000000000000000000000000111111111
000000000000000000000000000011000000000000000000000000000000000011111111111111111111110000000000000000000000000000000000000000000000000000000111111111
000000000000000000000000000011000000000000000000000000000000000010111001111111111111110000000000000000000000000000000000000000000000000000000111111111
000000000000000000000000000000000000001010100000000000000000000010111001111111111111110000000000000000000000000000000000000000000000000000000111111111
000000000000000000000000000000000000000101100000000000000000000010111001111111111111110000000000000000000000000000000000000000000000000000000111111111
000000000000000000000000000000000000000001000000000000000000000010111001111111111111110000000000000000000000000000000000000000000000000000000111111111
000000000000000000000000000000000000000000100000000000000000000010111001111111111111110000000000000000000000000000000000000000000000000000000111111111
000000000000000000000000000000000010000010100000000000000000000010111001111111111111110000000000000000000000000000000000000000000000000000000111111111
000000000000000000000000000000000001000000100000000000000000000010111001111111111111110000000000000000000000000000000000000000000000000000000111111111
000000000000000000000000000000000010001000000000000000000000000010111001111111111111110000000000000000000000000000000000000000000000000000000111111111
000000000000000000000000000000000001100000000000000000000000000010111001111111111111110000000000000000000000000000000000000000000000000000000111111111
000000000000000000000000000000000011011100000000000000000000000010111001111111111111110000000000000000000000000000000000000000000000000000000111111111
000000000000000000000000000000000000000000000111110000000000000010111001111111111111110000000000000000000000000000000000000000000000000000000111111111
000000000000000000000000000000000000000000000111110000000000000010111001111111111111110000000000000000000000000000000000000000000000000000000111111111
111111111111111111101110000000000000000000011000110000000000000010111001111111111111110000000000000000000000000000000000000000000000000000000111111111
111111111111111111101110000000000000000000011000010000000000000010111001111111111111110000000000000000000000000000000000000000000000000000000111111111
000000000000000000000000000000000000000000011000110000000000000010111001111111111111110000000000000000000000000000000000000000000000000000000111111111
111111111111111111101110000000000000000000011101010000000000001110111001111111111111110000000000000000000000000000000000000000000000000000000111111111
000000000000000000000000000000000000000000011111100000000000000010111001111111111111110000000000000000000000000000000000000000000000000000000111111111
000000000000000000000000000000000000000000000000000010011100000010111001111111111111110000000000000000000000000000000000000000000000000000000111111111
000000000000000000000000000000000000000000000000000001011100000010111001111111111111110000000000000000000000000000000000000000000000000000000111111111
000000000000000000000000000000000000000000000000001000010100000010111001111111111111110000000000000000000000000000000000000000000000000000000111111111
000000000000000000000000000000000000000000000000000100001100000010111001111111111111110000000000000000000000000000000000000000000000000000000111111111
000000000000000000000000000000000000000000000000000000000100000010111001111111111111111111111100000000000000000000000000000000000000000000000111111111
000000000000000000000000000000000000000000000000001110000000000010111001111111111111110000000000000000000000000000000000000000000000000000000111111111
000000000000000000000000000000000000000000000000001101000100000010111001111111111111111111111100000000000000000000000000000000000000000000000111111111
000000000000000000000000000000000000000000000000001111101000000010111001111111111111110000000000000000000000000000000000000000000000000000000111111111
000000000000100000000000000000000000000000000000000000000000011110111001111111111111110000000000000000000000000000000000000000000000000000000111111111
000000000000100000000000000000000000000000000000000000000000010110111001111111111111110000000000000000000000000000000000000000000000000000000111111111
000000000000000000000000000000000000000000000000000000000000001110111001111111111111110000000000000000000000000000000000000000000000000000000111111111
000000000000100000000000000000000000000000000000000000000011001010111001111111111111110000000000000000000000000000000000000000000000000000000111111111
000000000000000000000000000000000000000000000000100000000010110110111001111111111111110000000000000000000000000000000000000000000000000000000111111111
000000000000000000000000000000000000000000000000100000000011101010111001111111111111110000000000000000000000000000000000000000000000000000000111111111
111111111111111111111111111111111111111111111111111111111111111101100001111111111111111111111100000000000000000000000000000000000000000000000111111111
000000000000000000000000000000111000000000000000000000000000000010111001111111111111110000000000000000000000000000000000000000000000000000000111111111
111111111111111111111111111111111111111111111111111111111111111111011111111111111111111111111100000000000000000000000000000000000000000000000111111111
111111111111111111111111111111111111111111111111111111111111111101101111111111111111111111111100000000000000000000000000000000000000000000000111111111
111111111111111111111111111111111111111111111111111111111111111101110001111111111111111111111100000000000000000000000000000000000000000000000111111111
000000000000000000000000000000111000000000000000000000000000000000110011111111111111110000000000000000000000000000000000000000000000000000000111111111
000000000000000000000000000000111000000000000000000000000000000000110101111111111111110000000000000000000000000000000000000000000000000000000111111111
111111111111111111111111111111111111111111111111111111111111111111111110110100111111111111111100000000000000000000000000000000000000000000000111111111
111111111111111111111111111101111111111111111111111111111111111111111111011111111111111111111100000000000000000000000000000000000000000000000111111111
111111111111111111111111111111111111111111111111111111111111111111111111101010111111111111111100000000000000000000000000000000000000000000000111111111
111111111111111111111111111111111111111111111111111111111111111111111110110100111111111111111100000000000000000000000000000000000000000000000111111111
111111111111111111111111111111111111111111111111111111111111111111111111101011111111111111111100000000000000000000000000000000000000000000000111111111
111111111111111111111111111101111111111111111111111111111111111111111110110100111111111111111100000000000000000000000000000000000000000000000111111111
111111111111111111111111111111111111111111111111111111111111111111111110100100111111111111111100000000000000000000000000000000000000000000000111111111
111111111111111111111111111111111111111111111111111111111111111111111111111111000011111111111100000000000000000000000000000000000000000000000111111111
111111111111111111111111111111111111111111111111111111111111111111111111111111000001101111111100000000000000000000000000000000000000000000000111111111
111111111111111111111111111111111111111111111111111111111111111111111111111111000000111111111100000000000000000000000000000000000000000000000111111111
111111111111111111111111111111111111111111111111111111111111111111111111111111000000111111111100000000000000000000000000000000000000000000000111111111
111111111111111111111111111111111111111111111111111111111111111111111111111111100001011111111100000000000000000011000000000000000000000000000111111111
111111111111111111111111111111111111111111111111111111111111111111111111111111110010111111111100000000000000000000000000000000000000000000000111111111
111111111111111111111111111111111111111111111111111111111111111111111111111111111101011111111100000000000000000000000000000000000000000000000000000000
111111111111111111111111111111111111111111111111111111111111111111111111111111101111101111111100000000000000000000000000000000000000000000000111111111
000000000000000000000000000000000000000000000000000000101000000010111001111111111111110001011100000000000000000000000000000000000000000000000111111111
000000000000000000000000000000000000000000000000000000101000000010111001111111111111110000110000000000000000000000000000000000000000000000000111111111
000000000000000000000000000000000000000000000000000000101000000010111001111111111111110000101000000000000000000000000000000000000000000000000111111111
000000000000000000000000000000000000000000000000000000101000000010111001111111111111111000001100000000000000000000000000000000000000000000000111111111
000000000000000000000000000000000000000000000000000000101000000010111001111111111111110110000100000000000000000000000000000000000000000000000111111111
000000000000000000000000000000000000000000000000000000101000000010111001111111111111111100000100000000000000000000000000000000000000000000000111111111
000000000000000000000000000000000000000000000000000000101000000010111001111111111111111011000100000000000000000000000000000000000000000000000111111111
000000000000000000000000000000000000000000000000000000101000000010111001111111111111111001111000000000000000000000000000000000000000000000000111111111
000000000000000000000000000000000000000000000000000000000000000000000000000000000000000000000000101111000000000000000000000000000000000000000000000000
000000000000000000000000000000000000000000000000000000000000000000000000000000000000000000000000010111000000000000000000000000000000000000000000000000
000000000000000000000000000000000000000000000000000000000000000000000000000000000000000000000010001110000000000000000000000000000000000000000000000000
000000000000000000000000000000000000000000000000000000000000000000000000000000000000000000000001001111111111111000000000000000000000000000000000000000
000000000000000000000000000000000000000000000000000000000000000000000000000000000000000000000010110010000000000000000000000000000000000000000000000000
000000000000000000000000000000000000000000000000000000000000000000000000000000000000000000000011110001111111111000000000000000000000000000000000000000
000000000000000000000000000000000000000000000000000000000000000000000000000000000000000000000011111001000000000000000000000000000000000000000000000000
000000000000000000000000000000000000000000000000000000000000000000000000000000000000000000000011010110111111111000000000000000000000000000000000000000
000000000000000000000000000000000000000000000000000000000000000000000000000000000000000000000000010101000001010000000000000000000000000000000000000000
000000000000000000000000000000000000000000000000000000000000000000000000000000000000000000000000010101000000111000000000000000000000000000000000000000
000000000000000000000000000000000000000000000000000000000000000000000000000000000000000000000000010101000000111000000000000000000000000000000000000000
000000000000000000000000000000000000000000000000000000000000000000000000000000000000000000000000010101000000101000000000000000000000000000000000000000
000000000000000000000000000000000000000000000000000000000000000000000000000000000000000000000000010101000000010000000000000000000000000000000000000000
000000000000000000000000000000000000000000000000000000000000000000000000000000000000000000000000010101100000001000000000000000000000000000000000000000
000000000000000000000000000000000000000000000000000000000000000000000000000000000000000000000000010101011100011000000000000000000000000000000000000000
000000000000000000000000000000000000000000000000000000000000000000000000000000000000000000000000010101111010101000000000000000000000000000000000000000
000000000000000000000000000000000000000000000000000000000000000000000000000000000000000000000000010101011101110000000000000000000000000000000000000000
000000000000000000000000000000000000000000000000000000000000000000000000000000000000000000000000000000000000000000111000000000000000000000000000000000
000000000000000000000000000000000000000000000000000000000000000000000000000000000010000000000000000000000000000000100000000000000000000000000000000000
000000000000000000000000000000000000000000000000000000000000000000000000000000000010000000000000000000000000000000011000000000000000000000000000000000
000000000000000000000000000000000000000000000000000000000000000000000000000000000000000000000000000000000000000110000000000000000000000000000111111111
000000000000000000000000000000000000000000000000000000000000000000000000000000000000000000000000000000000000000101001000000000111111111000000000000000
000000000000000000000000000000000000000000000000000000000000000000000000000000000000000000000000000000000000000101010000000000111111111000000000000000
000000000000000000000000000000000000000000000000000000000000000000000000000000000000000000000000000000000000000000000000001111000000000000000000000000
000000000000000000000000000000000000000000000000000000000000000000000000000000000000000000000000000000000000000000000000001111000000000000000000000000
000000000000000000000000000000000000000000000000000000000000000000000000000000000000000000000000000000000000000000000000000111000000000000000000000000
000000000000000000000000000000000000000000000000000000000000000000000000000000000000000000000000000000000000000000000000000110000000000000000000000000
000000000000000000000000000000000000000000000000000000000000000000000000000000000000000000000000000000000000000000000000000001000000000000000000000000
000000000000000000000000000000000000000000000000000000000000000000000000000000000000000000000000000000000000000000000110000001000000000000000000000000
000000000000000000000000000000000000000000000000000000000000000000000000000000000000000000000000000000000000000000000111100001000000000000000000000000
000000000000000000000000000000000000000000000000000000000000000000000000000000000000000000000000000000000000000000000111100000000000000000000000000000
000000000000000000000000000000000000000000000000000000000000000000000000000000000000000000000000000000000000000000000111011100000000000000000000000000
000000000000000000000000000000000000000000000000000000000000000000000000000000000000000000000000000000000000000000011000000000000001111000000000000000
000000000000000000000000000000000000000000000000000000000000000000000000000000000000000000000000000000000000000000011000000000000001111000000000000000
000000000000000000000000000000000000000000000000000000000000000000000000000000000000000000000000000000000000000000011000000000000001111000000000000000
000000000000000000000000000000000000000000000000000000000000000000000000000000000000000000000000000000000000000000011000000000000000101000000000000000
000000000000000000000000000000000000000000000000000000000000000000000000000000000000000000000000000000000000000000011000000000000000011000000000000000
000000000000000000000000000000000000000000000000000000000000000000000000000000000000000000000000000000000000000000011000000000111000001000000000000000
000000000000000000000000000000000000000000000000000000000000000000000000000000000000000000000000000000000000000000011000000000111100011000000000000000
000000000000000000000000000000000000000000000000000000000000000000000000000000000000000000000000000000000000000000011000000000111010100000000000000000
000000000000000000000000000000000000000000000000000000000000000000000000000000000000000000000000000000000000000000011000000000111111100000000000000000
000000000000000000000010000000000000000000000000000000000000000000000000000000000000000000000000000000000000000000000000000000000000000000111000000000
000000000000000000000010000000000000000000000000000000000000000000000000000000000000000000000000000000000000000000000000000000000000000000011000000000
000000000000000000000000000000000000000000000000000000000000000000000000000000000000000000000000000000000000000000000000000000000000000000011000000000
001000000000000000000000000000000000000000000000000000000000000000000000000000000000000000000000000000000000000000000000000000000000000100000000000000
001000000000000000000000000000000000000000000000000000000000000000000000000000000000000000000000000000000000000000000000000000000000000111000000000000
001000000000000000000010000000000000000000000000000000000000000000000000000000000000000000000000000000000000000000000000000000000000000111000000000000
111111111111111111111111111111111111111111111111111111111111111111111111111111111111011111111100000000000000000000100000000000000000000000000000001111
111111111111111111111111111111111111111111111111111111111111111111111111111111111111011111111100000000000000000000100000000000000000000000000000001111
111111111111111111111111111111111111111111111111111111111111111111111111111111111111011111111100000000000000000000100000000000000000000000000000001011
111111111111111111111111111111111111111111111111111111111111111111111111111111111111011111111100000000000000000000100000000000000000000000000000000101
111111111111111111111111111111111111111111111111111111111111111111111111111111111111011111111100000000000000000000100000000000000000000000000000000011
111111111111111111111111111111111111111111111111111111111111111111111111111111111111011111111100000000000000000000100000000000000000000000000111000000
111111111111111111111111111111111111111111111111111111111111111111111111111111111111011111111100000000000000000000100000000000000000000000000110100001
111111111111111111111111111111111111111111111111111111111111111111111111111111111111011111111100000000000000000000100000000000000000000000000111010000
111111111111111111111111111111111111111111111111111111111111111111111111111111111111011111111100000000000000000000100000000000000000000000000111110100
