0111000000000000000000111011111111111111
1011111110100001100000111111110011111111
1101100000000000011011111111111111111111
1110111110100000010111111111111111111111
0111011110100000100000011111111111111111
0101100000000001000000111111111111111111
0101100010110000000000111111111111111111
0101100000110000000000111111111111111111
0101101000000000000000111111111111111111
0000000000000000000000111111110011111111
0101101100010000000000111111111111111111
0000001100100000000000110011110011111111
0000000000000111100000111111110011111111
0000000000001011100000111111110011111111
0000000000001100100000111111110011111111
0100010000001100100000111111110011111111
0100100000001111000000111111110011111111
0011000000000000000011111011110011111111
0010000000000000000011111111110011111111
0001000000000000000001111111110011111111
0011000000000000011001111111110011111111
0011000000000000011110111111110011111111
1111011111111111111111010011111111111111
1111111111111111111111101011111111111111
1111111111101111111111010111111111111111
0111111111101111101111001011111111111111
1111111111111111111111111101101001111111
1111111111111111111111111110110101111111
1111111111111111111111111111011101111111
1111111111111111111111111101101111111111
1011111110100000000000111110110011111111
1011111110100000000000111101110001111111
1111111111111111111111111100011001111111
1111111111111111111111111111111110000011
1111111111111111111111111111111110001110
1111111111111111111111111111111110001100
1111111111111111111111111111111110110101
1111111111111111111111111111111110111000
1111111111111111111111111111111111100001
1111111111111111111111111111111111001010
