010001111111110000000000000000000111100100001111111110000000
100101111111110000100000000000000111100100001111111110000000
000011111111110000000000000000000111100100001111111111111111
010001111111110000000000000000000000000000001111111110000000
001001111111110000000000000000000000000000001111111111111111
111110000100110000000000000000000111100100001111111111111111
111110000011110000000000000000000111100100001111111111111111
111110000011010000000000000000000111100100001111111111111111
111110000000010000000000000000000111100100001111111111111111
111111000000101110000000000000000111100100001111111111111111
111110110001110000000000000000000111100100001111111111111111
111110110010010000000000000000000111100100001111111111111111
111111100110001100111111111101110111100100111111111111111111
111111111011000000000000000000000111100100001111111111111111
000000000100100000100000000000000000000000001111111110000000
000000000100100000000000000000000000000000001111111110000000
000000000100000000000000000000000000000000001111111110000000
000000000000000000011111111101110000000000001111111110000000
010000000000101000011111111101110000000011011111111110000000
000000000000100001100011011101110000000000001111111110000000
000000000000100001100000111101110000000000001111111110000000
000000000000100001100000111101110000000011101111111110000000
000000000000100001110000010000000000000000001111111110000000
000000000000100001110000000000000000000000001111111110000000
000000000000100001101100011101110000000011011111111110000000
000000000000100001111110100000000000000011101111111110000000
000000000000100001111100100000011000000000001111111110000000
000000000000100001111100100000011000000000001111111110000000
000000000000000000000000000000010000000000001111111110000000
000000000000100001111100100000001000000000001111111110000000
000000000000100001111100100000000000000000001111111110000000
000000000000100001111100101110000000000000001111111110000000
000000000000000000000000001101000000000000001111111110000000
111001111111110000000000000000000000011000001111111110000000
111001111111110000000000000000000000001100001111111110000000
111001111111110000000000000000000000001100001111111110000000
111001111111110000000000000000000000000100001111111110000000
000000000000000000000000000000000100000100001111111110000000
000000000000000000000000000000000111000100001111111110000000
111001111111110000000000000000000011111000001111111110000000
000000000000000000100100110000000000000000011111111110000000
000000000000000000100100110000000000000000011111111110000000
000000000000100000000100010000000000000000011111111110000000
000000000000100000100000100000000000000011101111111110000000
111111111111111111111111111111111111111111110001001111111111
111111111111111111111111111111111111111111110000111111111111
111111111111111111111111111111111111111111110000111111111111
111111111111111111111111111111111111111111111000001001111111
111111111111111111111111111111111111111111110110001111111111
111111111111111111111111111111111111111111110110000101111111
111111111111111111111111111111111111111111111111100011111111
111111111111111111111111111111111111111111111110110011111111
111111111111111111111111111111111111111111111110101101111111
001011111111110000000000000000000000000000001111111110001011
001011111111110000000000000000000000000000001111111110000111
001011111111110000000000000000000000000000001111111110000001
001011111111110000000000000000000000000000001111111111000011
001011111111110000000000000000000000000000001111111110100011
001011111111110000000000000000000000000000001111111111101100
001011111111110000000000000000000000000000001111111111111100
