011100000000000111111100000000000000011111111000000000000000001010011111111100000000111110000000000000000000000000000000000000000000000000000000000000
101110000000000111010000000000000000011110100000000000000000001010011111111100000000111110000000000000000000000000000000000000000000000000000000000000
110110000000000111111100000000000000011111111000000000000000001010011111111100000000111110000000000000000000000000000000000000000000000000000000000000
111010000000000111111100000000000000011111111000000000000000001010011111111100000000111110000000000000000000000000000000000000000000000000000000000000
011101000000000111111100000000000000011111111000000000000000001010011111111100000000111110000000000000000000000000000000000000000000000000000000000000
000010100000000111111100000000000000011111111000000000000000001010011111111100000000111110000000000000000000000000000000000000000000000000000000000000
000001000000000111010000000000000000011110100000000000000000001010011111111100000000111110000000000000000000000000000000000000000000000000000000000000
000000001101000111010000000000000000011110100000000000000000011111111111111100000000111110000000000001110101100000000000000000000000000000000000000000
000000010111000111010000000000000000011110100000000000000000011111111111111100000000111110000000000001110101100000000000000000000000000000000000000000
000000011011001111010000000000000000011110100000000000000000011111111111111100000000111110000000000001110101100000000000000000000000000000000000000000
000000001101100111010000000000000000011110100000000000000000011111111111111100000000111110000000000001110101100000000000000000000000000000000000000000
000000011110110111010000000000000000011110100000000000000000001010011111111100000000111110000000000000000000000000000000000000000000000000000000000000
000000000011010111010000000000000000011110100000000000000000001010011111111100000000111110000000000000000000000000000000000000000000000000000000000000
000000000001100111010000000000000000011110100000000000000000011111111111111100000000111110000000000001110101100000000000000000000000000000000000000000
000000000100000111010000000000000000011110100000000000000000001010011111111100000000111110000000000000000000000000000000000000000000000000000000000000
111111111111111011101000000000000000011110100000000000000000011111111111111100000000111110000000000001110101100000000000000000000000000000000000000000
111111111111111101101000000000000000011110100000000000000000011111111111111100000000111110000000000001110101100000000000000000000000000000000000000000
111111111111111110110000000000000000011111111000000000000000011111111111111100000000111110000000000001110101100000000000000000000000000000000000000000
101111000000000111010100000000000000011110100000000000000000001010011111111100000000111110000000000000000000000000000000000000000000000000000000000000
111111111111111001101100000000000000011110100000000000000000011111111111111100000000111110000000000001110101100000000000000000000000000000000000000000
101111000000000110010100000000000000011110100000000000000000001010011111111100000000111110000000000000000000000000000000000000000000000000000000000000
101111000000000000111000000000000000011110100000000000000000001010011111111100000000111110000000000000000000000000000000000000000000000000000000000000
000000000000000000000001111000000000011110100000000000000000001010011111111100000000111110000000000000000000000000000000000000000000000000000000000000
000000000000000000000010110101000000011110100000000000000000001010011111111100000000111110000000000000000000000000000000000000111111111000000000000000
000000000000000000000011010110000000011110100000000000000000001010011111111100000000111110000000000000000000000000000000000000111111111000000000000000
000000000000000000000011101000000000011110100000000000000000001010011111111100000000111110000000000000000000000000000000000000111111111000000000000000
000000000000000000000010010001000000011110100000000000000000001010011111111100000000111110000000000000000000000000000000000000111111111000000000000000
000000000000000000000001100010000000011110100000000000000000001010011111111100000000111110000000000000000000000000000000000000111111111000000000000000
000000000000000000000000100100000000011110100000000000000000001010011111111100000000111110000000000000000000000000000000000000111111111000000000000000
000000000000000000000001001000000000011110100000000000000000001010011111111100000000111110000000000000000000000000000000000000000000000000000000000000
000000000000000000000000000000011010111110100111111110000000001010011111111100000000111111111111111110000000000000000000000000000000000000000000000000
000000000000000000000000000000101100011110100111111110000000001010011111111100000000111111110000000000000000000000000000000000000000000000000000000000
000000000000000000000000000000110111011110100111111110000000001010011111111100000000111111111111111110000000000000000000000000000000000000000000000000
000000000000000000000000000000011011011110100111111110000000001010011111111100000000111111111111111110000000000000000000000000000000000000000000000000
000000000000000000000000000000101100011110100000000000000000001010011111111100000000111110001111111110000000000000000000000000000000000000000000000000
000000000000000000000000000000001100011110100000000000000000001010011111111100000000111110001111111110000000000000000000000000000000000000000000000000
000000000000000000000000000000100000011110100000000000000000001010011111111100000000111110000000000000000000000000000000000000000000000000000000000000
111111111111111111111111111111111111101100010111111110000000011111111111111100000000111111111111111111110101100000000000000000111111111000000000000000
111111111111111111111111111111111111110101010111111110000000011111111111111100000000111111111111111111110101100000000000000000111111111000000000000000
111111111111111111111111111111111111111011000111111110000000011111111111111100000000111111111111111111110101100000000000000000111111111000000000000000
111111111111111111111111111111111111100101001111111110000000011111111111111100000000111111111111111111110101100000000000000000111111111000000000000000
101111000000000001000000000000000000001110100000000000000000001010011111111100000000111110000000000000000000000000000000000000000000000000000000000000
111111111111111111111111111111111111100001000111111110000000011111111111111100000000111111111111111111110101100000000000000000111111111000000000000000
101111000000000001000000000000000000011000000000000000000000001010011111111100000000111110000000000000000000000000000000000000000000000000000000000000
101111000000000001000000000000000000000010000000000000000000001010011111111100000000111110000000000000000000000000000000000000000000000000000000000000
000000000000000000000000000000111100011110100011110000000000001010011111111100000000111110000000000000000000000000000000000000000000000000000000000000
000000000000000000000000000000111100011110100101100110000000001010011111111100000000111111110000000000000000000000000000000000000000000000000000000000
000000000000000000000000000000111100011110100110101000000000001010011111111100000000111111110000000000000000000000000000000000000000000000000000000000
000000000000000000000000000000111100011110100111010000000000001010011111111100000000111111110000000000000000000000000000000000000000000000000000000000
000000000000000000000000000000111100011110100100101000000000001010011111111100000000111111110000000000000000000000000000000000000000000000000000000000
000000000000000000000000000000111100011110100001010000000000001010011111111100000000111111110000000000000000000000000000000000000000000000000000000000
000000000000000000000000000000111100011110100010000000000000001010011111111100000000111110000000000000000000000000000000000000000000000000000000000000
000000000000000000000000000000111100011110100010000000000000001010011111111100000000111110000000000000000000000000000000000000000000000000000000000000
000000000000000000000000000000000000000000000000000000110110101010011111111100000000111110000000000000000000000000000011111111000000000000000000000000
000000000000000000000000000000000000000000000000000001011010001010011111111100000000111110000000000000000000000000000011111111000000000000000000000000
000000000000000000000000000000000000000000000000000001101100001010011111111100000000111110000000000000000000000000000011111111000000000000000000000000
000000000000000000000000000000000000000000000000000000110111001010011111111100000000111110000000000000000000000000000011111111000000000000000000000000
000000000000000000000000000000000000000000000000000001011011101010011111111100000000111110000000000000000000000000000000000000000000000000000000000000
000000000000000000000000000000000000000000000000000001101101101010011111111100000000111110000000000000000000000000000000000000000000000000000000000000
000000000000000000000000000000000000000000000000000000001110001010011111111100000000111110000000000000000000000000000000000000000000000000000000000000
000000000000000000000000000000000000000000000000000001000110001010011111111100000000111110000000000000000000000000000000000000000000000000000000000000
000000011110010111010000000000000000011110100000000000000000001100001111111100000000111110000000000001110101100000000000000000000000000000000000000000
111111111111111111111111111111111111111111111111111111111111110110101111111100000000111111111111111111110101100000000011111111111111111000000000000000
000000011110010111010000000000000000011110100000000000000000011011011111111100000000111110000000000001110101100000000000000000000000000000000000000000
111111111111111111111111111111111111111111111111111111111111101101001111111100000000111111111111111111110101100000000011111111111111111000000000000000
000000011110010111010000000000000000011110100000000000000000000110111111111100000000111110000000000000000000000000000000000000000000000000000000000000
000000011110010111010000000000000000011110100000000000000000001001011111111100000000111110000000000000000000000000000000000000000000000000000000000000
111111111111111111111111111111111111111111111111111111111111100101101111111100000000111111111111111110000000000000000011111111111111111000000000000000
111111111111111111111111111111111111111111111111111111111111111111110111011100000000111111111111111111110101100000000011111111111111111000000000000000
111111111111111111111111111111111111111111111111111111111111111111111011101100000000111111111111111111110101100000000011111111111111111000000000000000
111111111111111111111111111111111111111111111111111111111111111111111101110000000000111111111111111111110101100000000011111111111111111000000000000000
111111111111111111111111111111111111111111111111111111111111111111111110110000000000111111111111111111110101100000000011111111111111111000000000000000
111111111111111111111111111111111111111111111111111111111111111111110111011100000000111111111111111111110101100000000011111111111111111000000000000000
111111111111111111111111111111111111111111111111111111111111111111111011101100000000111111111111111111110101100000000011111111111111111000000000000000
111111111111111111111111111111111111111111111111111111111111111111111100110000000000111111111111111111110101100000000011111111111111111000000000000000
111111111111111111111111111111111111111111111111111111111111111111111100110000000000111111111111111111110101100000000011111111111111111000000000000000
000000000000000000000000000000000000000000000000000000000000000000000000000001100000111110000000000000000000000000000000000000000000000111111111000000
000000000000000000000000000000000000000000000000000000000000000000000000000010110101111110000000000000000000000000000000000000000000000111111111000000
000000000000000000000000000000000000000000000000000000000000000000000000000011011100111110000000000000000000000000000000000000000000000000000000000000
000000000000000000000000000000000000000000000000000000000000000000000000000001101000111110000000000000000000000000000000000000000000000000000000110000
000000000000000000000000000000000000000000000000000000000000000000000000000000110010111110000000000000000000000000000000000000000000000000000000000000
000000000000000000000000000000000000000000000000000000000000000000000000000001100000111110000000000000000000000000000000000000000000000000000000000000
000000000000000000000000000000000000000000000000000000000000000000000000000000001000111110000000000000000000000000000000000000000000000000000000000000
000000000000000000000000000000000000000000000000000000000000000000000000000001000000111110000000000000000000000000000000000000000000000000000000000000
111111111111111111111111111111111111111111111111111111111111111111111111111111111111011000001111111111110101100000000011111111111111111111111111000000
111111111111111111111111111111111111111111111111111111111111111111111111111111111111101110001111111111110101100000000011111111111111111111111111000011
111111111111111111111111111111111111111111111111111111111111111111111111111111111111110110001111111111110101100000000011111111111111111111111111011001
111111111111111111111111111111111111111111111111111111111111111111111111111111111111011000001111111111110101100000000011111111111111111111111111000000
111111111111111111111111111111111111111111111111111111111111111111111111111111111111011000001111111111110101100000000011111111111111111111111111000000
000000000000000000000000000000111100011110100011111000000000001010011111111100000000000000000000000000000000000000000000000000000000000000000000000000
000000000000000000000000000000111100011110100011111000000000001010011111111100000000000000000000000000000000000000000000000000000000000000000000000000
000000000000000000000000000000111100011110100011111000000000001010011111111100000000000000000000000000000000000000000000000000000000000000000000000000
000000000000000000000000000000101111011110100000000000000000001010011111111100000000111110000000011110000000000000000000000000000000000000000000000000
000000000000000000000000000000101111011110100000000000000000001010011111111100000000111110000000010110000000000000000000000000000000000000000000000000
000000000000000000000000000000101111011110100000000000000000001010011111111100000000111110000000001110000000000000000000000000000000000000000000000000
000000000000000000000000000000101111011110100000000000000000001010011111111100000000111110000000001110000000000000000000000000000000000000000000000000
000000000000000000000000000000101111011110100000000000000000001010011111111100000000111110000000000010000000000000000000000000000000000000000000000000
000000000000000000000000000000101111011110100000000000000000001010011111111100000000111110001100001010000000000000000000000000000000000000000000000000
000000000000000000000000000000101111011110100000000000000000001010011111111100000000111110001011010110000000000000000000000000000000000000000000000000
000000000000000000000000000000101111011110100000000000000000001010011111111100000000111110001111001000000000000000000000000000000000000000000000000000
000000000000000000000000000000101111011110100000000000000000001010011111111100000000111110001111111000000000000000000000000000000000000000000000000000
000000011110010111010000000000000000011110100000000000000000011110001111111100000000111110000000000000000101100000000000000000000000000000000000000000
000000011110010111010000000000000000011110100000000000000000011110001111111100000000111110000000000000000100100000000000000000000000000000000000000000
000000011110010111010000000000000000011110100000000000000000011110001111111100000000111110000000000000000011100000000000000000000000000000000000000000
000000000000000000000000000000000000000000000000000000000000000000000000000000000000000000000000000000000010100000000000000000000000000000000000000000
000000011110010111010000000000000000011110100000000000000000011110001111111100000000111110000000000001100011000000000000000000000000000000000000000000
000000000000000000000000000000000000000000000000000000000000000000000000000000000000000000000000000000011101100000000000000000000000000000000000000000
000000011110010111010000000000000000011110100000000000000000011110001111111100000000111110000000000001010110100000000000000000000000000000000000000000
000000011110010111010000000000000000011110100000000000000000011110001111111100000000111110000000000001111011000000000000000000000000000000000000000000
000000000000000000000000000000000000000000000000000000000000000000000000000000000000000000000000000000000000000001010100000000000000000000000000000000
000000000000000000000000000000000000000000000000000000000000000000000000000000000000000000000000000000000000000001001100000000000000000000000000000000
000000000000000000000000000000000000000000000000000000000000000000000000000000000000000000000000000000000000000000111000000000000000000000000000000000
000000000000000000000000000000000000000000000000000000000000000000000000000000000000000000000000000000000000000000101100000000000000000000000000000000
000000000000000000000000000000000000000000000000000000000000000000000000000000000000000000000000000000000000011000011000000000000000000000000000000000
000000000000000000000000000000000000000000000000000000000000000000000000000000000000000000000000000000000000000110001100000000000000000000000000000000
000000000000000000000000000000000000000000000000000000000000000000000000000000000000000000000000000000000000010101000100000000000000000000000000000000
000000000000000000000000000000000000000000000000000000000000000000000000000000000000000000000000000000000000001111100100000000000000000000000000000000
000000000000000000000000000000000000000000000000000000000000000000000000000000000000000000000000000000000000011010111000000000000000000000000000000000
000000000000000000000000000000000000000000000000000001111000001010011111111100000000111110000000000000000000000000000000000111000000000000000000000000
000000000000000000000000000000000000000000000000000001111000001010011111111100000000111110000000000000000000000000000000000111000000000000000000000000
000000000000000000000000000000000000000000000000000001111000001010011111111100000000111110000000000000000000000000000000000001000000000000000000000000
000000000000000000000000000000000000000000000000000001111000001010011111111100000000111110000000000000000000000000000000000001000000000000000000000000
000000000000000000000000000000000000000000000000000001111000001010011111111100000000111110000000000000000000000000000000000001000000000000000000000000
000000000000000000000000000000000000000000000000000001111000001010011111111100000000111110000000000000000000000000000011000001000000000000000000000000
000000000000000000000000000000000000000000000000000001111000001010011111111100000000111110000000000000000000000000000011000001000000000000000000000000
000000000000000000000000000000000000000000000000000001111000001010011111111100000000111110000000000000000000000000000011111110000000000000000000000000
000000000000000000000001111110000000011110100000000000000000001010011111111100000000111110000000000000000000000000000000000000000001111000000000000000
000000000000000000000001111110000000011110100000000000000000001010011111111100000000111110000000000000000000000000000000000000000001001000000000000000
000000000000000000000001111110000000011110100000000000000000001010011111111100000000111110000000000000000000000000000000000000000000110000000000000000
000000000000000000000001111110000000011110100000000000000000001010011111111100000000111110000000000000000000000000000000000000000000101000000000000000
000000000000000000000001111110000000011110100000000000000000001010011111111100000000111110000000000000000000000000000000000000000000011000000000000000
000000000000000000000001111110000000011110100000000000000000001010011111111100000000111110000000000000000000000000000000000000110000000000000000000000
000000000000000000000001111110000000011110100000000000000000001010011111111100000000111110000000000000000000000000000000000000101100011000000000000000
000000000000000000000001111110000000011110100000000000000000001010011111111100000000111110000000000000000000000000000000000000101010101000000000000000
000000000000000000000001111110000000011110100000000000000000001010011111111100000000111110000000000000000000000000000000000000110110110000000000000000
000000000000000000000000000000000000000000000000000000000000000000000000000011000000111110000000000000000000000000000000000000000000000000111111000000
000000000000000000000000000000000000000000000000000000000000000000000000000011000000111110000000000000000000000000000000000000000000000000011111000000
000000000000000000000000000000000000000000000000000000000000000000000000000011000000111110000000000000000000000000000000000000000000000000011111000000
000000000000000000000000000000000000000000000000000000000000000000000000000011000000111110000000000000000000000000000000000000000000000100011111000000
000000000000000000000000000000000000000000000000000000000000000000000000000011000000111110000000000000000000000000000000000000000000000111100111000000
000000000000000000000000000000000000000000000000000000000000000000000000000011000000111110000000000000000000000000000000000000000000000111100011000000
000000000000000000000000000000000000000000000000000000000000000000000000000011000000111110000000000000000000000000000000000000000000000111110001000000
000000000000000000000000000000000000000000000000000000000000000000000000000011000000111110000000000000000000000000000000000000000000000111111000000000
000000000000000000000000000000000000000000000000000000000000000000000000000011000000111110000000000000000000000000000000000000000000000111111100000000
000000000000000000000000000000000000000000000000000000000000000000000000000000010000000000000000000000000000000000000000000000000000000000000000000011
000000000000000000000000000000000000000000000000000000000000000000000000000000010000001000000000000000000000000000000000000000000000000000000000000000
000000000000000000000000000000000000000000000000000000000000000000000000000000000000001000000000000000000000000000000000000000000000000000000000000001
000000000000000000000000000000000000000000000000000000000000000000000000000000000000000000000000000000000000000000000000000000000000000000000000000000
000000000000000000000000000000000000000000000000000000000000000000000000000000000000010000000000000000000000000000000000000000000000000000000000100000
000000000000000000000000000000000000000000000000000000000000000000000000000000000000011000000000000000000000000000000000000000000000000000000000101000
