0101111111111111000000001111111111111000
1001111111111101000000001111111111111000
0000000000000000000000001111111111111000
1100111100001111000000001111111111111000
1101011100011111000000001111111111111000
1101101110101111000000001111111111111000
1101110111011111000000001111111111111000
1101111011101111000000001111111111111000
1100011101101111000000001111111111111000
1100001110001111000000001111111111111000
1100010110001111000000001111111111111000
1100101000001111000000001111111111111000
1101111111110101111111110101110011111111
1101111111111011111111111111111111111111
1001111111110100000000001111111111111000
1101111111111100000000000101110011111000
0000000000001100011010001111111111111111
0000000000001100101101001111111111111111
0000000000001100110111101111111111111111
0000000000001100011011101111111111111111
0000000000001100101101001111111111111111
0000000000001100011110101111111111111000
0000000000001100001101001111111111111111
0000000000001100000000001111111111111111
1111111111110110111111110111010011111111
1111111111111111111111111011000011111111
1111111111110110111111111101100011111111
1111111111111111111111111110110011111111
1111111111111111111111110011010011111111
1111111111111111111111111001100011111111
1111111111110110111111110000000111111111
1111111111110110111111110000001011111111
1111111111111111111111111111111101110010
1111111111111111111111111111111110111100
1111111111111111111111111111111111011111
1111111111111111111111111111111111101111
1111111111111111111111111111111101110110
0000000000001100111110111111111101111011
0000000000001100111110111111111110111100
0000000000001100111110111111111100110100
