011101011111111111111111111111
101110000000000111111111111111
110110000000000111111111111111
111011000000000111111111111111
011101100000000111111111111111
100110100000000111111111111111
000011000000000111000011111111
100000001111101111000011111111
100000010111101111000011111111
100000011011010111000011111111
100000011101010111000011111111
100000011110100111000011111111
100000011001011111000011111111
100000000110100111000011111111
100000011000100111000011111111
111111111111111011110011111111
111111111111111101100111111111
111111111111111110101111111111
111111000000000111000011111111
111111000000000100001011111111
111111000000000001010011111111
111111000000000011000011111111
111111111111111111111101000000
111111111111111111111110110000
111111111111111111111101000001
111111111111111111111101001010
111111111111111111111100010110
111111111111111111111100001001
111111111111111111111100011000
111111111111111111111100100100
