0011010011111000111001111111100000000011111111000000000111111110110011111111100000000000000111111111
0000101011111000111001111111100000000011111111000000000111111111111111111111100000000000000111111111
1000111011111111111111111111100000000011111111000000000111111111111111111111100000000000000111111111
1000101111111000111001111111100000000011111111000000000111111111111111111111100000000000000111111111
0111011011111111111111111111100000000011111111000000000111111111111111111111100000000000000111111111
1010101111111111111111111111100000000011111111000000000111111111111111111111100000000000000111111111
0111110111111111111111111111100000000011111111000000000111111111111111111111100000000000000111111111
0001011011110000111001111111100000000011111111000000000111111111101011111111100000000000000000000000
1111111101100111111111111111100000000011111111000000000111111111111111111111100000000000000000000000
1111111110100111111111111111100000000011111111000000000111111111111111111111100000000000000000000000
1111111111001111111111111111100000000011111111000000000111111111111111111111100000000000000111111111
1111111100000111111111111111100000000011111111000000000111111111111111111111100000000000000000000000
1111111000100111111111111111100000000011111111000000000111111111111111111111100000000000000000000000
0010111011111011101001111111100000000011111111000000000111111111111111111111100000000000000111111111
0010111011111101101001111111100000000011111111000000000111111111111111111111100000000000000111111111
0010111011111110110101111111100000000011111111000000000111111111111111111111100000000000000111111111
1111111111111111010101111111100000000011111111000000000111111111111111111111100000000000000111111111
1111111111111001101111111111100000000011111111000000000111111111111111111111110000000000000111111111
1111111111111110010011111111100000000011111111000000000111111111111111111111100000000000000111111111
0010111011111001110001111111100000000011111111000000000111111111111111111111100000000000000111111111
0010111011111000011001111111100000000011111111000000000111111111111111111111100000000000000111111111
1111111111111111111110111011000000000011111111000000000110011101111111111111100000000000000111111111
1111111111111111111111011100000000000011111111000000000110011101111111111111111101000000000111111111
1111111111111111111111101100000000000011111111000000000110011101111111111111100000000000000111111111
1111111111111111111111110110000000000011111111000000000110011101111111111111101101000000000111111111
1111111111111111111110111011000000000011111111000000000111111111111111111111100000000000000111111111
1111111111111111111111001100000000000011111111000000000110011101111111111111100000000000000111111111
1111111111111111111111000100000000000011111111000000000111111111111111111111100000000000000111111111
1111111111111111111110000000000000000011111111000000000110011101111111111111100000000000000111111111
0000000000000000000000000000001110000111111111000000000110011101111111111111100000000000000000000000
0000000000000000000000000000010110100111111111000000000110011101111111111111100000000000000000000000
0000000000000000000000000000011011010011111111000000000110011101111111111111100000000000000000000000
0000000000000000000000000000011101101011111111000000000110011101111111111111100000000000000000000000
0000000000000000000000000000000110010011111111000000000110011100010111111111100000000000000000000000
0000000000000000000000000000001010011011111111000000000110011101111111111111100000000000000000000000
0000000000000000000000000000000101100011111111000000000110011101111111111111100000000000000000000000
0000000000000000000000000000000010100011111111000000000110011101111111111111100000000000000000000000
0000000000000000000000000000011000000011111111000000000110011101111111111111100000000000000000000000
1111111111111111111111111111111111111101101000000000000111111111111111111111100000000000000111111111
1111111111111111111111111111111111111110110100000000000111111111111111111111100000000000000111111111
1111111111111111111111111111111111111111011111000000000111111111111111111111100011000000000111111111
1111111111111111111111111111111111111101101101000000000111111111111111111111100000000000000111111111
1111111111111111111111111111111111111110110110000000000111111111111111111111100000000000000111111111
1111111111111111111111111111111111111101111010000000000111111111111100000000000000000000000111111111
1111111111111111111111111111111111111100101101000000000111111111111111111111100000000000000111111111
1111111111111111111111111111111111111100110010000000000111111111111111111111100000000000000111111111
0000000000000000000000000000000000000000000000011100000110011101111100000000000000000000000000000000
0000000000000000000000000000000000000000000000101100000110011101111100000000000000000000000000000000
0000000000000000000000000000000000000000000000110101010110011101111100000000000000000000000000000000
0000000000000000000000000000000000000000000000111010100110011101111100000000000000000000000000000000
0000000000000000000000000000000000000000000000000101000110011101111100000000000000000000000000000000
0000000000000000000000000000000000000000000000001010000110011101111100000000000000000000000000000000
0000000000000000000000000000000000000000000000000100010110011101111100000000000000000000000000000000
0000000000000000000000000000000000000000000000001000101110011101111100000000000000000000000000000000
0000000000000000000000000000000000000000000000000000010110011100111000000000000000000000000000000000
1111111111111111111111111111111111111111111111111111111011101001111111111111100000000000000111111111
1111111111111111111111111111111111111111111111111111111101110101111111111111100000000000000111111111
1111111111111111111110000101000000000011111111000000000110111001111111111111100000000000000111111111
1111111111111111111110000101000000000011111111000000000111011101111111111111100000000000000111111111
1111111111111111111111111111111111111111111111111111111011101101111111111111100000000000000111111111
1111111111111111111111111111111111111111111111111111111101110101111111111111100000000000000111111111
1111111111111111111111111111111111111111111111111111111010111011111111111111100000000000000111111111
1111111111111111111110000101000000000011111111000000000000000101111111111111100000000000000111111111
0111111111111111111111111111111110111111111111111111110111111110110011111111100000000000000111111111
1111111111111111111111111111111110111111111111111111111111111111010011111111100000000000000111111111
1111111011111111111111111111111111111111111111111111111111111111101011111111100000000000000111111111
0111111111111111111111111111111110111111111111111111111111111110010011111111100000000000000111111111
0111111011111111111111111111111111111111111111111111110111111110000011111111100000000000000111111111
1111111111111111111111111111111111111111111011000000000111111111111101111000000000000000000111111111
1111111111111111111111111111111111111111111011000000000111111111111110111010100000000000000111111111
1111111111111111111111111111111111111111111011000000000111111111111111011100000000000000000111111111
1111111111111111111111111111111111111111111011000000000111111111111111101101000000000000000111111111
1111111111111111111111111111111111111111111011000000000111111111111111110101000000000000000111111111
1111111111111111111111111111111111111111111011000000000111111111111100111010000000000000000111111111
1111111111111111111111111111111111111111111011000000000111111111111101000100000000000000000111111111
1111111111111111111111111111111111111111111011000000000111111111111100011000000000000000000111111111
1111111111111111111111111111111111111111111011000000000111111111111101000000000000000000000111111111
0000000000000000010000100000000000000000000000000000000000000000000000000000000101000000000000000000
0000000000000000000000101000000000000000000000000000000000000000000000000000000110000000000000000000
0000000000000000000000101000000000000000000000000000000000000000000000000000011001000000000000000000
0000000000000000000000000000000000000000100000000000000000000000000000000000001001000000000000000000
0000000000000000000000101000000000000000100000000000000000000000000000000000010110000000000000000000
0000000000000000000000000000000000000000000000000000000000000000000000000000000000000010101000000000
0000000000000000000000000000000000000000000000000000000000000000000000000000000000000001111000000000
0000000000000000000000000000000000000000000000000000000000000000000000000000000000000001111000000000
0000000000000000000000000000000000000000000000000000000000000000000000000000000000000000001000000000
0000000000000000000000000000000000000000000000000000000000000000000000000000000000100000011000000000
0000000000000000000000000000000000000000000000000000000000000000000000000000000000011000000000000000
0000000000000000000000000000000000000000000000000000000000000000000000000000000000111000010000000000
0000000000000000000000000000000000000000000000000000000000000000000000000000000000011010100000000000
0000000000000000000000000000000000000000000000000000000000000000000000000000000000111110000000000000
1111111000100111111111111111100000000011111111000000000111111111111111111111100000000000000000101111
1111111000100111111111111111100000000011111111000000000111111111111111111111100000000000000000010111
1111111000100111111111111111100000000011111111000000000111111111111111111111100000000000000000001011
1111111000100111111111111111100000000011111111000000000111111111111111111111100000000000000100000011
1111111000100111111111111111100000000011111111000000000111111111111111111111100000000000000010000100
1111111000100111111111111111100000000011111111000000000111111111111111111111100000000000000101000011
1111111000100111111111111111100000000011111111000000000111111111111111111111100000000000000110010001
1111111000100111111111111111100000000011111111000000000111111111111111111111100000000000000111101001
1111111000100111111111111111100000000011111111000000000111111111111111111111100000000000000111101110
