00011111000000000000000001111111111111111111111111
00000011000000000000000001111111111111111111111111
00000011000000000000000001111111111111111111111111
10001111000000000000000001111111111111111111111111
10010101000000000000000001111111111111111111111111
10011001000000000000000001111111111111111111111111
11110001111111111000000001111111111111111111111111
11111110111111111000000001111111111111111111111111
00000011000111111000000001111111111111111111111111
00000011000101111000000001111111111111111111111111
00000011000011111000000001111111111111111111111111
00000011110001011000000001111111111111111111111111
00000011101000101000000001111111111111111111111111
00000011111100011000000001111111111111111111111111
00000011111010001000000001111111111111111111111111
00000011111101001000000001111111111111111111111111
00000011111111110000000001111111111111111111111111
00000000000000000000001111111111111111111111111111
00000000000000000000001111111111111111111111111111
00000000000000000000000101111111111111111111111111
00000000000000000000000011111111111111111111111111
00000000000000000000000001111111111111111111111111
00000000000000000110000001111111111111111111111111
00000000000000000111000001111111111111111111111111
00000000000000000110100001111111111111111111111111
11111111111111111111111110010101000000000111111111
11111111111111111111111110001010000000000111111111
11111111111111111111111111001111000000000111111111
11111111111111111111111110110111111111111111111111
11111111111111111111111111011001111111111111111111
11111111111111111111111110111001111111111111111111
11111111111111111111111111011110111111111111111111
11111111111111111111111110001111000100110111111111
11111111111111111111111110001111000011101111111111
11111111111111111111111110001111000011011111111111
11111111111111111111111110001111100000011111111111
11111111111111111111111110001111011001111111111111
11111111111111111111111110001111011010111111111111
11111111111111111111111110001111110011001111111111
11111111111111111111111110001111101111001111111111
11111111111111111111111110001111011111110111111111
11111111111111111111111111111111111111111000011101
11111111111111111111111111111111111111111000010010
11111111111111111111111111111111111111111000001111
11111111111111111111111111111111111111111000001101
11111111111111111111111111111111111111111110000011
11111111111111111111111111111111111111111101100011
11111111111111111111111111111111111111111101100011
11111111111111111111111111111111111111111011011101
11111111111111111111111111111111111111111101111110
