00001000000000001111111110000000001111111100000001111111000000000011111111000000000000000000111111111000000011110110000000000000000111111111111111110000000000000000011111111111111111000000000111111111
00011100000000000000000000000000001111111100000001111111000000000011111111000000000000000000111111111000000011110110000000000000000111111111111111110000000000000000011111111111111111000000000111111111
00010010000000000000000000000000001111111100000001111111000000000011111111000000000000000000111111111000000011110110000000000000000111111111111111110000000000000000011111111111111111000000000111111111
01100110000000000000000000000000001111111100000001111111000000000011111111000000000000000000111111111000000011110110000000000000000111111111111111110000000000000000011111111111111111000000000111111111
11000110000000001111111110000000001111111100000001111111000000000011111111000000000000000000111111111000000011110110000000000000000111111111111111110000000000000000011111111111111111000000000111111111
01011010000000000000000000000000001111111100000001111111000000000011111111000000000000000000111111111000000011110110100101000000000111111111111111110000000000000000011111111111111111000000000111111111
00111100000000001111111110000000001111111100000001111111000000000011111111000000000000000000111111111000000011110110000000000000000111111111111111110000000000000000011111111111111111000000000111111111
00000000001011110000000000000000001111111100000001111111000000000011111111000000000000000000111111111000000011110110000000000000000111111111111111110000000000000000011111111111111111000000000111111111
00000000000101110000000000000000001111111100000001111111000000000011111111000000000000000000111111111000000011110110000000000000000111111111111111110000000000000000011111111111111111000000000111111111
00000000000011010000000000000000001111111100000001111111000000000011111111000000000000000000111111111000000011110110000000000000000111111111111111110000000000000000011111111111111111000000000111111111
00000001000001110000000000000000001111111100000001111111000000000011111111000000000000000000111111111000000011110110000000000000000111111111111111110000000000000000011111111111111111000000000111111111
00000000100000110000000000000000001111111100000001111111000000000011111111000000000000000000111111111000000011110110000000000000000111111111111111110000000000000000011111111111111111000000000111111111
00000001010000010000000000000000001111111100000001111111000000000011111111000000000000000000111111111000000011110110000000000000000111111111111111110000000000000000011111111111111111000000000111111111
00000001111000010000000000000000001111111100000001111111000000000011111111000000000000000000111111111000000011110110000000000000000111111111111111110000000000000000011111111111111111000000000111111111
00000001101100010000000000000000001111111100000001111111000000000011111111000000000000000000111111111000000011110110000000000000000111111111111111110000000000000000011111111111111111000000000111111111
00000001111111100000000000000000001111111100000001111111000000000011111111000000000000000000111111111000000011110110000000000000000111111111111111110000000000000000011111111111111111000000000111111111
10001010000000000111100010000000001111111100000001111111000000000011111111000000000000000000111111111000000011110110100101000000000111111111111111110000000000000000011111111111111111000000000111111111
10001010000000001011100010000000001111111100000001111111000000000011111111000000000000000000111111111000000011110110100101000000000111111111111111110000000000000000011111111111111111000000000111111111
10001010000000001101101100000000001111111100000001111111000100011111111111000000000000000000111111111000000011110110100101000000000111111111111111110000000000000000011111111111111111000000000111111111
10001010000000001110110100000000001111111100000001111111000000000011111111000000000000000000111111111000000011110110100101000000000111111111111111110000000000000000011111111111111111000000000111111111
10001010000000001111011010000000001111111100000001111111001100000011111111000000000000000000111111111000000011110110100101000000000111111111111111110000000000000000011111111111111111000000000111111111
10001010000000000001101100000000001111111100000001111111000000000011111111000000000000000000111111111000000011110110100101000000000111111111111111110000000000000000011111111111111111000000000111111111
10001010000000000010110100000000001111111100000001111111000000000011111111000000000000000000111111111000000011110110100101000000000111111111111111110000000000000000011111111111111111000000000111111111
10001010000000000011011000000000001111111100000001111111000000000011111111000000000000000000111111111000000011110110100101000000000111111111111111110000000000000000011111111111111111000000000111111111
10001010000000001100100000000000001111111100000001111111000000000011111111000000000000000000111111111000000011110110100101000000000111111111111111110000000000000000011111111111111111000000000111111111
00000000000000000000000000000100111111111100000001111111000000000011111111000000000000000000111111111000000011110110000000000000000111111111111111110000000000000000011111111111111111000000000111111111
00000000000000000000000000000011111111111100000001111111000000000011111111000000000000000000111111111000000011110110000000000000000111111111111111110000000000000000011111111111111111000000000111111111
00000000000000000000000000000011111111111100000001111111000000000011111111000000000000000000111111111000000011110110000000000000000111111111111111110000000000000000011111111111111111000000000111111111
00000000000000000000000000000001011111111100000001111111000000000011111111000000000000000000111111111000000011110110000000000000000111111111111111110000000000000000011111111111111111000000000111111111
00000000000000000000000001000000111111111100000001111111000000000011111111000000000000000000111111111000000011110110000000000000000111111111111111110000000000000000011111111111111111000000000111111111
00000000000000000000000000110000011111111100000001111111000000000011111111000000000000000000111111111000000011110110000000000000000111111111111111110000000000000000011111111111111111000000000111111111
00000000000000000000000000111000001111111100000001111111000000000011111111000000000000000000111111111000000011110110000000000000000111111111111111110000000000000000011111111111111111000000000111111111
00000000000000000000000001110100001111111100000001111111000000000011111111000000000000000000111111111000000011110110000000000000000111111111111111110000000000000000011111111111111111000000000111111111
00000000000000000000000001111110001111111100000001111111000000000011111111000000000000000000111111111000000011110110000000000000000111111111111111110000000000000000011111111111111111000000000111111111
11111111111111111111111111111111110001110100000001111111000011000011111111000000000000000000111111111000000011110110100101000000000111111111111111110000000000000000011111111111111111000000000111111111
11111111111111111111111111111111110000011000000001111111000000000011111111000000000000000000111111111000000011110110100101000000000111111111111111110000000000000000011111111111111111000000000111111111
11111111111111111111111111111111110000001000000001111111000000000011111111000000000000000000111111111000000011110110100101000000000111111111111111110000000000000000011111111111111111000000000111111111
11111111111111111111111111111111111000110100000001111111010000000011111111000000000000000000111111111000000011110110100101000000000111111111111111110001111000000000011111111111111111000000000111111111
11111111111111111111111111111111111001000100000001111111000000000011111111000000000000000000111111111000000011110110100101000000000111111111111111110000000000000000011111111111111111000000000111111111
11111111111111111111111111111111111101000000000001111111111000000011111111000000000000000000111111111000000011110110100101000000000111111111111111110001111000000000011111111111111111000000000111111111
11111111111111111111111111111111110110000000000001111111000000000011111111000000000000000000111111111000000011110110100101000000000111111111111111110000000000000000011111111111111111000000000111111111
11111111111111111111111111111111111001100000000001111111000000000011111111000000000000000000111111111000000011110110100101000000000111111111111111110000000000000000011111111111111111000000000111111111
00000000000000000000000000000000000000000000010101111111000000000011111111000000000000000000111111111000000011110110000000000000000111111111111111110000000000000000011111111111111111000000000111111111
00000000000000000000000000000000000000000000001111111111000000000011111111000000000000000000111111111000000011110110000000000000000111111111111111110000000000000000011111111111111111000000000111111111
00000000000000000000000000000000000000000000000001111111000000000011111111000000000000000000111111111000000011110110000000000000000111111111111111110000000000000000011111111111111111000000000111111111
00000000000000000000000000000000000000000010000001111111000000000011111111000000000000000000111111111000000011110110000000000000000111111111111111110000000000000000011111111111111111000000000111111111
00000000000000000000000000000000000000000001000011111111000000000011111111000000000000000000111111111111111111110110000000000000000111111111111111110000000000000000011111111111111111000000000111111111
00000000000000000000000000000000000000000011000001111111000000000011111111000000000000000000111111111111111111110110000000000000000111111111111111110000000000000000011111111111111111000000000111111111
00000000000000000000000000000000000000000001001001111111000000000011111111000000000000000000111111111111111111110110000000000000000111111111111111110000000000000000011111111111111111000000000111111111
11111111111111111111111111111111111111111111111110011111000000000011111111000000000000000000111111111111111100000000100101000000000111111111111111110000000000000000011111111111111111000000000111111111
11111111111111111111111111111111111111111111111110001111000000000011111111000000000000000000111111111111111100000000100101000000000111111111111111110000000000000000011111111111111111000000000111111111
11111111111111111111111111111111111111111111111111000111000000000011111111000000000000000000111111111111111111110110100101000000000111111111111111110000000000000000011111111111111111000000000111111111
11111111111111111111111111111111111111111111111111100111000000000011111111000000000000000000111111111111111100000000100101000000000111111111111111110000000000000000011111111000000000000000000111111111
11111111111111111111111111111111111111111111111111111000000000000011111111000000000000000000111111111111111111110110100101000000000111111111111111110000000000000000011111111000000000000000000111111111
11111111111111111111111111111111111111111111111111111001000000000011111111000000000000000000111111111111111111110110100101000000000111111111111111110000000000000000011111111111111111000000000111111111
11111111111111111111111111111111111111111111111111111010000000000011111111000000000000000000111111111111111111110110100101000000000111111111111111110000000000000000011111111111111111000000000111111111
00000000000000000000000000000000000000010000000000000000011100000011111111000000000000000000111111111000000000000000000000000000000111111111111111110000000000000000011111111000000000000000000111111111
00000000000000000000000000000000000001010000000000000000101100000011111111000000000000000000111111111000000000000000000000000000000111111111111111110001111000000000011111111000000000000000000111111111
00000000000000000000100000000000000000010000000000000000110100000011111111000000000000000000111111111000000000000000000000000000000111111111111111110000000000000000011111111000000000000000000111111111
00000000000000000010100000000000000000000000000000000000111000000011111111000000000000000000111111111000000000000000000000000000000111111111111111110000000000000000011111111000000000000000000111111111
00000000000000000000000000000000001000000000000000000000000000001111111111000000000000000000111111111000000000000000000000000000000111111111111111110000000011111111111111111000000000000000000111111111
00000000000000000000000000000000001000000000000000000000000000001111111111000000000000000000111111111000000000000000000000000000000111111111111111110000000000000000011111111000000000000000000111111111
00000000000000000000000000000000000000000000000000000000000000001011111111000000000000000000111111111000000000000000000000000000000111111111111111110000000000000000011111111000000000000000000111111111
00000000000000000010000000000000000000000000000000000000000000000111111111000000000000000000111111111000000000000000000000000000000111111111111111110000000000000000011111111000000000000000000111111111
00000000000000000010000000000000000000000000000000000000000011100111111111000000000000000000111111111000000000000000000000000000000111111111111111110000000000000000011111111000000000000000000111111111
00000000000000000010000000000000000000000000000000000000000011011011111111000000000000000000111111111000000000000000000000000000000111111111111111110000000000000000011111111000000000000000000111111111
11111111111111111111111111111111111111111111111111111111111111111100011111000000000000000000111111111111111111110110100101000000000111111111111111110001111011111111111111111111111111000000000111111111
11111111111111111111111111111111111111111111111111111111111111111100001111000000000000000000111111111111111111110110100101000000000111111111111111110001111011111111111111111111111111000000000111111111
11111111111111111111111111111111111111111111111111111111111111111100001011000000000000000000111111111111111111110110100101000000000111111111111111110001111011111111111111111111111111000000000111111111
11111111111111111111111111111111111111111111111111111111111111111110000111000000000000000000111111111111111111110110100101000000000111111111111111110001111011111111111111111111111111000000000111111111
11111111111111111111111111111111111111111111111111111111111111111111100011000000000000000000111111111111111111110110100101000000000111111111111111110001111011111111111111111111111111000000000111111111
11111111111111111111111111111111111111111111111111111111111111111111010000000000000000000000111111111111111111110110100101000000000111111111111111110001111011111111111111111111111111000000000111111111
11111111111111111111111111111111111111111111111111111111111111111111111001000000000000000000111111111111111111110110100101000000000111111111111111110001111011111111111111111111111111000000000111111111
11111111111111111111111111111111111111111111111111111111111111111111111010000000000000000000111111111111111111110110100101000000000111111111111111110001111011111111111111111111111111000000000111111111
00000000000000000000000000000000000000000000000000000000000000000000000000000010111000000000111111111000000000000000000000000000000111111111111111110000000000000000011111111000000000000000000111111111
00000000000000000000000000000000000000000000000000000000000000000000000000000010111000000000111111111000000000000000000000000000000111111111111111110000000000000000011111111000000000000000000111111111
00000000000000000000000000000000000000000000000000000000000000000000000000000001110000000000111111111000000000000000000000000000000111111111111111110000000000000000011111111000000000000000000111111111
00000000000000000000000000000000000000000000000000000000000000000000000000000001000000000000111111111000000000000000000000000000000111111111111111110000000000000000011111111000000000000000000111111111
00000000000000000000000000000000000000000000000000000000000000000000000000110000101000000000111111111000000000000000000000000000000111111111111111110000000000000000011111111000000000000000000111111111
00000000000000000000000000000000000000000000000000000000000000000000000000001100011000000000111111111000000000000000000000000000000111111111111111110000000000000000011111111000000000000000000111111111
00000000000000000000000000000000000000000000000000000000000000000000000000111010001000000000111111111000000000000000000000000000000111111111111111110000000000000000011111111000000000000000000111111111
00000000000000000000000000000000000000000000000000000000000000000000000000111001001000000000111111111000000000000000000000000000000111111111111111110000000000000000011111111000000000000000000111111111
00000000000000000000000000000000000000000000000000000000000000000000000000110011110000000000111111111000000000000000000000000000000111111111111111110000000000000000011111111000000000000000000111111111
00000000000000000000000000000000000000000000000000000000000000000000000000000000000000011111111111111000000000000000000000000000000111111111111111110000000000000000011111111000000000000000000111111111
00000000000000000000000000000000000000000000000000000000000000000000000000000000000000011111111111111000000000000000000000000000000111111111111111110000000000000000011111111000000000000000000111111111
00000000000000000000000000000000000000000000000000000000000000000000000000000000000000000101111111111000000000000000000000000000000111111111111111110000000000000000011111111000000000000000000111111111
00000000000000000000000000000000000000000000000000000000000000000000000000000000000000000001111111111000000000000000000000000000000111111111111111110000000000000000011111111000000000000000000111111111
00000000000000000000000000000000000000000000000000000000000000000000000000000000000110001011111111111000000000000000000000000000000111111111111111110000000000000000011111111000000000000000000111111111
00000000000000000000000000000000000000000000000000000000000000000000000000000000000110010010111111111000000000000000000000000000000111111111111111110000000000000000011111111000000000000000000111111111
00000000000000000000000000000000000000000000000000000000000000000000000000000000000111000011111111111000000000000000000000000000000111111111111111110000000000000000011111111000000000000000000111111111
00000000000000000000000000000000000000000000000000000000000000000000000000000000000110011100111111111000000000000000000000000000000111111111111111110000000000000000011111111000000000000000000111111111
00000000000000000000000000000000000000000000000000000000000000000000000000000000000111110100111111111000000000000000000000000000000111111111111111110000000000000000011111111000000000000000000111111111
11111111111111111111111111111111111111111111111111111111111111111111111111111111111111111111000101110111111111110110100101000000000111111111111111110001111011111111111111111111111111000000000111111111
11111111111111111111111111111111111111111111111111111111111111111111111111111111111111111111000010111111111111110110100101000000000111111111111111110001111011111111111111111111111111000000000111111111
11111111111111111111111111111111111111111111111111111111111111111111111111111111111111111111000001111111111111110110100101000000000111111111111111110001111011111111111111111111111111000000000111111111
11111111111111111111111111111111111111111111111111111111111111111111111111111111111111111111100001011111111111110110100101000000000111111111111111110001111011111111111111111111111111000000000111111111
11111111111111111111111111111111111111111111111111111111111111111111111111111111111111111111010000111111111111110110100101000000000111111111111111110001111011111111111111111111111111000000000111111111
11111111111111111111111111111111111111111111111111111111111111111111111111111111111111111111101100111111111111110110100101000000000111111111111111110001111011111111111111111111111111000000000111111111
11111111111111111111111111111111111111111111111111111111111111111111111111111111111111111111111011001111111111110110100101000000000111111111111111110001111011111111111111111111111111000000000111111111
11111111111111111111111111111111111111111111111111111111111111111111111111111111111111111111111111001111111111110110100101000000000111111111111111110001111011111111111111111111111111000000000111111111
11111111111111111111111111111111111111111111111111111111111111111111111111111111111111111111011111110111111111110110100101000000000111111111111111110001111011111111111111111111111111000000000111111111
00000000000000000000000000000000000000000000001111111111000000000011111111000000000000000000111111111001011111110110000000000000000111111111111111110000000000000000011111111111111111000000000111111111
00000000000000000000000000000000000000000000001111111111000000000011111111000000000000000000111111111000111011110110000000000000000111111111111111110000000000000000011111111111111111000000000111111111
00000000000000000000000000000000000000000000001111111111000000000011111111000000000000000000111111111100010011110110000000000000000111111111111111110000000000000000011111111111111111000000000111111111
00000000000000000000000000000000000000000000001111111111000000000011111111000000000000000000111111111010000011110110000000000000000111111111111111110000000000000000011111111111111111000000000111111111
00000000000000000000000000000000000000000000001111111111000000000011111111000000000000000000111111111111001111110110000000000000000111111111111111110000000000000000011111111111111111000000000111111111
00000000000000000000000000000000000000000000001111111111000000000011111111000000000000000000111111111110010111110110000000000000000111111111111111110000000000000000011111111111111111000000000111111111
00000000000000000000000000000000000000000000001111111111000000000011111111000000000000000000111111111100011011110110000000000000000111111111111111110000000000000000011111111111111111000000000111111111
11111111111111111111111111111111111111111111111110010111000000000011111111000000000000000000111111111111111100001111100101000000000111111111111111110000000000000000011111111111111111000000000111111111
11111111111111111111111111111111111111111111111110010111000000000011111111000000000000000000111111111111111100001001100101000000000111111111111111110000000000000000011111111111111111000000000111111111
11111111111111111111111111111111111111111111111110010111000000000011111111000000000000000000111111111111111100000111100101000000000111111111111111110000000000000000011111111111111111000000000111111111
11111111111111111111111111111111111111111111111110010111000000000011111111000000000000000000111111111111111100000110100101000000000111111111111111110000000000000000011111111111111111000000000111111111
00000000000000000000000000000000000000000000000000000000000000000000000000000000000000000000000000000000000011000111000000000000000111111111111111110000000000000000011111111000000000000000000111111111
11111111111111111111111111111111111111111111111110010111000000000011111111000000000000000000111111111111111110111001100101000000000111111111111111110000000000000000011111111111111111000000000111111111
11111111111111111111111111111111111111111111111110010111000000000011111111000000000000000000111111111111111110111001100101000000000111111111111111110000000000000000011111111111111111000000000111111111
00000000000000000000000000000000000000000000000000000000000000000000000000000000000000000000000000000000000011101110000000000000000111111111111111110000000000000000011111111000000000000000000111111111
00000100000000001111111110000000001111111100000001111111000000000011111111000000000000000000111111111000000011110110000111000000000111111111111111110000000000000000011111111111111111000000000111111111
00000000000000000000000000000000000000000000000000000000000000000000000000000000000000000000000000000000000000000000000011111111111111111111111111110000000000000000011111111000000000000000000111111111
00000000000000000000000000000000000000000000000000000000000000000000000000000000000000000000000000000000000000000000000100000000000111111111111111110000000000000000011111111000000000000000000111111111
00000100000000001111111110000000001111111100000001111111000000000011111111000000000000000000111111111000000011110110101011000000000111111111111111110000000000000000011111111111111111000000000111111111
00000000000000000000000000000000000000000000000000000000000000000000000000000000000000000000000000000000000000000000110100111111111111111111111111110000000000000000011111111000000000000000000111111111
00000100000000001111111110000000001111111100000001111111000000000011111111000000000000000000111111111000000011110110110100111111111111111111111111110000000000000000011111111111111111000000000111111111
00000000000000000000000000000000000000000000000000000000000000000000000000000000000000000000000000000000000000000000010011000010111111111111111111110000000000000000011111111000000000000000000111111111
00000000000000000000000000000000000000000000000000000000000000000000000000000000000000000000000000000000000000000000010011000001011111111111111111110000000000000000011111111000000000000000000111111111
00000000000000000000000000000000000000000000000000000000000000000000000000000000000000000000000000000000000000000000010011000000101111111111111111110000000000000000011111111000000000000000000111111111
00000000000000000000000000000000000000000000000000000000000000000000000000000000000000000000000000000000000000000000010011000000000111111111111111110000000000000000011111111000000000000000000111111111
00000000000000000000000000000000000000000000000000000000000000000000000000000000000000000000000000000000000000000000010011100000110111111111111111110000000000000000011111111000000000000000000111111111
00000000000000000000000000000000000000000000000000000000000000000000000000000000000000000000000000000000000000000000010011010000011111111111111111110000000000000000011111111000000000000000000111111111
00000000000000000000000000000000000000000000000000000000000000000000000000000000000000000000000000000000000000000000010011101010011111111111111111110000000000000000011111111000000000000000000111111111
00000000000000000000000000000000000000000000000000000000000000000000000000000000000000000000000000000000000000000000010011110011101111111111111111110000000000000000011111111000000000000000000111111111
00000000000000000000000000000000000000000000000000000000000000000000000000000000000000000000000000000000000000000000010011111001110111111111111111110000000000000000011111111000000000000000000111111111
11111111111111111111111111111111111111111111111111111111111111111111111111111111111111111111111111111111111111111111111111111111111000010111111111110001111011111111111111111111111111000000000111111111
11111111111111111111111111111111111111111111111111111111111111111111111111111111111111111111111111111111111111111111111111111111111000010010111111110001111011111111111111111111111111000000000111111111
11111111111111111111111111111111111111111111111111111111111111111111111111111111111111111111111111111111111111111111111111111111111000001100111111110001111011111111111111111111111111000000000111111111
11111111111111111111111111111111111111111111111111111111111111111111111111111111111111111111111111111111111111111111111111111111111000001011111111110001111011111111111111111111111111000000000111111111
11111111111111111111111111111111111111111111111111111111111111111111111111111111111111111111111111111111111111111111111111111111111110000111111111110001111011111111111111111111111111000000000111111111
11111111111111111111111111111111111111111111111111111111111111111111111111111111111111111111111111111111111111111111111111111111111001100111111111110001111011111111111111111111111111000000000111111111
11111111111111111111111111111111111111111111111111111111111111111111111111111111111111111111111111111111111111111111111111111111111101011001111111110001111011111111111111111111111111000000000111111111
11111111111111111111111111111111111111111111111111111111111111111111111111111111111111111111111111111111111111111111111111111111111110111000111111110001111011111111111111111111111111000000000111111111
11111111111111111111111111111111111111111111111111111111111111111111111111111111111111111111111111111111111111111111111111111111111100111100111111110001111011111111111111111111111111000000000111111111
11111111111111111111111111111111111111111111111111111111111111111111111111111111111111111111111111111111111111111111111111111111111111111111000011110001111011111111111111111111111111000000000111111111
11111111111111111111111111111111111111111111111111111111111111111111111111111111111111111111111111111111111111111111111111111111111111111111000011000001111011111111111111111111111111000000000111111111
11111111111111111111111111111111111111111111111111111111111111111111111111111111111111111111111111111111111111111111111111111111111111111111000000110001111011111111111111111111111111000000000111111111
11111111111111111111111111111111111111111111111111111111111111111111111111111111111111111111111111111111111111111111111111111111111111111111000000100001111011111111111111111111111111000000000111111111
11111111111111111111111111111111111111111111111111111111111111111111111111111111111111111111111111111111111111111111111111111111111111111111110001010001111011111111111111111111111111000000000111111111
11111111111111111111111111111111111111111111111111111111111111111111111111111111111111111111111111111111111111111111111111111111111111111111110010010001111011111111111111111111111111000000000111111111
11111111111111111111111111111111111111111111111111111111111111111111111111111111111111111111111111111111111111111111111111111111111111111111101100000001111011111111111111111111111111000000000111111111
11111111111111111111111111111111111111111111111111111111111111111111111111111111111111111111111111111111111111111111111111111111111111111111101011000001111011111111111111111111111111000000000111111111
00000000000000000000000000000000000000000000000000000000000000000000000000000000000000000000000000000000000000000000000000000000000000000000000000000000101100000000011111111000000000000000000111111111
00000000000000000000000000000000000000000000000000000000000000000000000000000000000000000000000000000000000000000000000000000000000000000000000000000000011100000000011111111000000000000000000111111111
00000000000000000000000000000000000000000000000000000000000000000000000000000000000000000000000000000000000000000000000000000000000000000000000000000000010000000000011111111000000000000000000111111111
00000000000000000000000000000000000001010000000000000000010000000011111111000000000000000000111111111000000000000000000000000000000111111111111111110000011000000000011111111000000000000000000111111111
00000000000000000000000000000000000001010000000000000000010000000011111111000000000000000000111111111000000000000000000000000000000111111111111111111000000100000000011111111000000000000000000111111111
00000000000000000000000000000000000001010000000000000000010000000011111111000000000000000000111111111000000000000000000000000000000111111111111111110111000100000000011111111000000000000000000111111111
00000000000000000000000000000000000001010000000000000000010000000011111111000000000000000000111111111000000000000000000000000000000111111111111111111101000100000000011111111000000000000000000111111111
00000000000000000000000000000000000000000000000000000000000000000000000000000000000000000000000000000000000000000000000000000000000000000000000000001100111000000000011111111000000000000000000111111111
00000000000000000000000000000000000000000000000000000000000010000011111111000000000000000000111111111000000000000000000000000000000111111111111111110000000000011010111111111000000000000000000111111111
00000000000000000000000000000000000000000000000000000000000010000011111111000000000000000000111111111000000000000000000000000000000111111111111111110000000000001111111111111000000000000000000111111111
00000000000000000000000000000000000000000000000000000000000010000011111111000000000000000000111111111000000000000000000000000000000111111111111111110000000000000111111111111000000000000000000111111111
00000000000000000000000000000000000000000000000000000000000010000011111111000000000000000000111111111000000000000000000000000000000111111111111111110000000010000010011111111000000000000000000111111111
00000000000000000000000000000000000000000000000000000000000010000011111111000000000000000000111111111000000000000000000000000000000111111111111111110000000011000001111111111000000000000000000111111111
00000000000000000000000000000000000000000000000000000000000010000011111111000000000000000000111111111000000000000000000000000000000111111111111111110000000001100001111111111000000000000000000111111111
00000000000000000000000000000000000000000000000000000000000010000011111111000000000000000000111111111000000000000000000000000000000111111111111111110000000011110001111111111000000000000000000111111111
00000000000000000000000000000000000000000000000000000000000010000011111111000000000000000000111111111000000000000000000000000000000111111111111111110000000001101110111111111000000000000000000111111111
00000000000000000000000000000000000000000000000000000000000010000011111111000000000000000000111111111000000000000000000000000000000111111111111111110000000011101111011111111000000000000000000111111111
11111111111111111111111111111111111111111111111111111111111111111111111111111111111111111111111111111111111111111111111111111111111111111111111111111111111111111111100001011111111111000000000111111111
11111111111111111111111111111111111111111111111111111111111111111111111111111111111111111111111111111111111111111111111111111111111111111111111111111111111111111111100000111111111111000000000111111111
11111111111111111111111111111111111111111111111111111111111111111111111111111111111111111111111111111111111111111111111111111111111111111111111111111111111111111111100000110111111111000000000111111111
11111111111111111111111111111111111111111111111111111111111111111111111111111111111111111111111111111111111111111111111111111111111111111111111111111111111111111111100000101111111111000000000111111111
11111111111111111111111111111111111111111111111111111111111111111111111111111111111111111111111111111111111111111111111111111111111111111111111111111111111111111111110000010111111111000000000111111111
11111111111111111111111111111111111111111111111111111111111111111111111111111111111111111111111111111111111111111111111111111111111111111111111111111111111111111111101110001111111111000000000111111111
11111111111111111111111111111111111111111111111111111111111111111111111111111111111111111111111111111111111111111111111111111111111111111111111111111111111111111111111101001111111111000000000111111111
11111111111111111111111111111111111111111111111111111111111111111111111111111111111111111111111111111111111111111111111111111111111111111111111111111111111111111111111010110111111111000000000111111111
11111111111111111111111111111111111111111111111111110011000000000011111111000000000000000000111111111111111111110110100101000000000111111111111111110000000000000000011111111000010101000000000111111111
11111111111111111111111111111111111111111111111111110011000000000011111111000000000000000000111111111111111111110110100101000000000111111111111111110000000000000000011111111000001011000000000111111111
11111111111111111111111111111111111111111111111111110011000000000011111111000000000000000000111111111111111111110110100101000000000111111111111111110000000000000000011111111000000101000000000111111111
11111111111111111111111111111111111111111111111111110011000000000011111111000000000000000000111111111111111111110110100101000000000111111111111111110000000000000000011111111000000011000000000111111111
11111111111111111111111111111111111111111111111111110011000000000011111111000000000000000000111111111111111111110110100101000000000111111111111111110000000000000000011111111100000100000000000111111111
11111111111111111111111111111111111111111111111111110011000000000011111111000000000000000000111111111111111111110110100101000000000111111111111111110000000000000000011111111010000010000000000111111111
11111111111111111111111111111111111111111111111111110011000000000011111111000000000000000000111111111111111111110110100101000000000111111111111111110000000000000000011111111101010001000000000111111111
11111111111111111111111111111111111111111111111111110011000000000011111111000000000000000000111111111111111111110110100101000000000111111111111111110000000000000000011111111010101001000000000111111111
11111111111111111111111111111111111111111111111111110011000000000011111111000000000000000000111111111111111111110110100101000000000111111111111111110000000000000000011111111111100110000000000111111111
00000000000000000000000000000000000000000000000000000000000000000000000000000000000000000000000000000000000000000000000000000000000000000000000000000000000000000000000000000000000000000001110111111111
00000000000000000000000000000000000000000000000000000000000000000000000000000000000000000000000000000000000000000000000000000000000000000000000000000000000000000000000000000000000000000001011111111111
00000000000000000000000000000000000000000000000000000000000000000000000000000000000000000000000000000000000000000000000000000000000000000000000000000000000000000000000000000000000000000000100111111111
00000000000000000000000000000000000000000000000000000000000000000000000000000000000000000000000000000000000000000000000000000000000000000000000000000000000000000000000000000000000000000000011111111111
00000000000000000000000000000000000000000000000000000000000000000000000000000000000000000000000000000000000000000000000000000000000000000000000000000000000000000000000000000000000000000000001111111111
00000000000000000000000000000000000000000000000000000000000000000000000000000000000000000000000000000000000000000000000000000000000000000000000000000000000000000000000000000000000000110000100111111111
00000000000000000000000000000000000000000000000000000000000000000000000000000000000000000000000000000000000000000000000000000000000000000000000000000000000000000000000000000000000000101001001111111111
00000000000000000000000000000000000000000000000000000000000000000000000000000000000000000000000000000000000000000000000000000000000000000000000000000000000000000000000000000000000000110100001111111111
00000000000000000000000000000000000000000000000000000000000000000000000000000000000000000000000000000000000000000000000000000000000000000000000000000000000000000000000000000000000000010110110111111111
11111111111111111111111111111111111111111111111111111111111111111111111111111111111111111111111111111111111111111111111111111111111111111111111111111111111111111111111111111111111111111111111000001010
11111111111111111111111111111111111111111111111111111111111111111111111111111111111111111111111111111111111111111111111111111111111111111111111111111111111111111111111111111111111111111111111000000111
11111111111111111111111111111111111111111111111111111111111111111111111111111111111111111111111111111111111111111111111111111111111111111111111111111111111111111111111111111111111111111111111000000101
11111111111111111111111111111111111111111111111111111111111111111111111111111111111111111111111111111111111111111111111111111111111111111111111111111111111111111111111111111111111111111111111000000011
11111111111111111111111111111111111111111111111111111111111111111111111111111111111111111111111111111111111111111111111111111111111111111111111111111111111111111111111111111111111111111111111000000000
11111111111111111111111111111111111111111111111111111111111111111111111111111111111111111111111111111111111111111111111111111111111111111111111111111111111111111111111111111111111111111111111100000001
11111111111111111111111111111111111111111111111111111111111111111111111111111111111111111111111111111111111111111111111111111111111111111111111111111111111111111111111111111111111111111111111011000011
11111111111111111111111111111111111111111111111111111111111111111111111111111111111111111111111111111111111111111111111111111111111111111111111111111111111111111111111111111111111111111111111110100101
11111111111111111111111111111111111111111111111111111111111111111111111111111111111111111111111111111111111111111111111111111111111111111111111111111111111111111111111111111111111111111111111011101110
