01110000000000000000000000000000000000000111111111
10100011110111000000000000000000000000000111111111
11001111110111000000000000000000111111111111111111
10000011110111000000000000000000000000000111111111
00100000000000000000000000000000111111111000000000
00100000000000000000000000000000000000000000000000
01110000001001000000000000000000111111111111111111
01110000000111000000000000000000111111111111111111
01110000000111000000000000000000111111111111111111
01110000000111000000000000000000111111111111111111
00000010000011000000000000000000000000000000000000
01110001110011000000000000000000111111111111111111
01110001111100000000000000000000111111111111111111
01110011111100000000000000000000111111111111111111
00000000000000000101111000000000000000000000000000
00000000000000000011111000000000000000000000000000
00000000000000000010000000000000000000000000000000
00000000000000100001111000000000000000000000000000
00000000000000011000111000000000000000000000000000
00000000000000110100111000000000000000000000000000
00000000000000110111011000000000000000000000000000
00000000000000110111101000000000000000000000000000
00000000000000110111110000000000000000000000000000
00000000000000000000000000011111000000000000000000
00000000000000000000000000001101000000000000000000
00000000000000000000000000000011000000000000000000
00000000000000000000000000000010000000000000000000
00000000000000000000000100000001000000000000000000
00000000000000000000000110000111000000000000000000
00000000000000000000000110001011000000000000000000
00000000000000000000000101101101000000000000000000
00000000000000000000000111011110000000000000000000
00101011110111000000000000000000000001111000000000
00101011110111000000000000000000000001000000000000
00101011110111000000000000000000000000111000000000
00101011110111000000000000000000000000111000000000
00101011110111000000000000000000000000001000000000
00101011110111000000000000000000110000111000000000
00101011110111000000000000000000101101011000000000
00101011110111000000000000000000101101100000000000
00101011110111000000000000000000101111100000000000
11110011110111000000000000000000000000000000010101
11110011110111000000000000000000000000000000001110
11110011110111000000000000000000000000000000000011
11110011110111000000000000000000000000000000000011
11110011110111000000000000000000000000000100000101
11110011110111000000000000000000000000000010000011
11110011110111000000000000000000000000000110010011
11110011110111000000000000000000000000000011101100
11110011110111000000000000000000000000000101111100
