00001110000000000000000000000001110000000000000000
00001100000000000000000000000001110000000000000000
00011110111000111111110000011111111000000000000000
00100010111000111111110001111111111000000000000000
11100010111000111111110000011111111000111000000000
11100010111000111111110000011111111000000000000000
10111100111000111111110110011111111000011000000000
00000000000111000000000000000001110000000000000000
00111110000011000000000000000001110000000000000000
00111110000010000000000000000001110000000000000000
00111110000000000000000000000001110000000000000000
00000001000001111111110000011111111000000000000000
00000001110000000000000000000001110000000000000000
00000001100100111111110000011111111000000000000000
00111110000101000010111000111111111000000000000000
00111110000101000011110000000001110000000000000000
00111110000101000001110000000001110000000000000000
00111110000101000001010000000001110000000000000000
00111110000101110000110000000001110000000000000000
00111110000101011100110000000001110000000000000000
00111110000101111011010000000001110000000000000000
00111110000101111111100000000001110000000000000000
00000000000000100000000000111111111000000000000000
00000010000000000000000001100001110000000000000000
00000010000000000000000000100001110000000000000000
00010000000000000000000100111111111000000000000000
00010000000000100000001111011111111000000000000000
00111110000101100000001001101110000000000000000000
00111110000101100000001001110111100000000000000000
00111110000101100000001001111011100000000000000000
00111110000101100000001001111101101000000000000000
11111111111111111111111111101110000000100000000000
11111111111111111111111111101110010000000000000000
11111111111111111111111111100000100000000000000000
00111110000101100000001001100010000000000000000000
00000000000000000000000000000000000001111000000000
00000000000000000000000000000000000001111000000000
00000000000000000000000000000000000110001000000000
00001000000000000000000000000001000110011000000000
00001010000000000000000000000000000110100000000000
00001010000000000000000000000000000111100000000000
00000000000000000000000000000000000000000000010110
00000000000000000000000000000000000000000000010100
00000000000000000000000000000000000000000000001011
00000000000000000000000000000000000000000000001011
00000000000000000000000000000000000000000110000101
00000000000000000000000000000000000000000001100001
00000000000000000000000000000000000000000110010000
00000000000000000000000000000000000000000101100001
00000000000000000000000000000000000000000001111010
