011011001111111000000000000000
101100001111111000000000000000
110100101111111000000000000000
011011001111111000000000000000
100101111111111000000000000000
100110101111111000000000000000
001011001111111000000000000000
000010001111111000000000000000
111111110110000000000000000000
111111111011000000000000000000
111111111101100000000000000000
111111110110010000000000000000
111111110010010000000000000000
111111110001100000000000000000
111111110000000000000000000000
000000000000000011011000000000
000000000000000101100000000000
000000000000000110101110000000
000000000000000011011000000000
000000000000000100101100000000
000000000000000101110100000000
000000000000000001011010000000
000000000000000001000100000000
000000000000000000000000101000
000000000000000000000001010100
000000000000000000000000101001
000000000000000000000001010110
000000000000000000000000101011
000000000000000000000000001101
000000000000000000000000010110
