0111011011111000000000000000001111111110101011111111111111111100011010
1011100011111000000000000000001111111111111111111111111111111100011010
1101100111111000000000000000001111111111111111111111111111111100011010
1110100111111000000000000000001111111111111111111111111111111100011010
0111011011111111000000000000001111111111111111111111111111111100011010
1000101011111000000000000000001111111111111111111111111111111100011010
1000110111111000000000000000001111111111111111111111111111111100011010
0011001011111000000000000000001111111110101111111111111111111100011010
1111111101100100000000000000001111111111111111101111111111111100011010
1111111110111000000000000000001111111111111111111111111111111100011010
1111111111011001000000000000001111111111111111111111111111111100011010
1111111101100110000000000000001111111111111110110111001011111100011010
1111111101100110000000000000001111111111111111111111111111111100011010
0000100010011011000000000000001111111111111111111111111111111100011010
0000100000011100000000000000001111111111111111111111111111111100011010
0000100000100100000000000000001111111111111111111111111111111100011010
0000000000000000011011100000001111111111111111111111111111111100011010
0000000000000000101100000000001111111111111111111111111111111100011010
0000000000000000110100000000001111111111111111111111111111111100011010
0000000000000000011011000000001111111111111111111111111111111100011010
0000000000000000100100000000001111111111111111111111111111111100011010
0000000000000000100100000000001111111111111111111111111111111100011010
0000000000000000100000000000001111111111111111111111111111111100011010
0000000000000000000000001110001111111111111111111111111111111111111111
0000000000000000000000010111001111111111111111111111111111111111111111
0000000000000000000000011011101111111111111111111111111111111111111111
0000000000000000000000011101101111111111111111111111111111111111111111
0000000000000000000000001110011111111111111111111111111111111111111111
0000000000000000000000000110011111111111111111111111111111111111111111
0000000000000000000000000001101111111111111111111111111111111100011010
1111111111111111111111111111110110110001111111111111111111111111111111
1111111111111111111111111111111011000001111111111111111111111111111111
1111111111111111111111111111111101001101111111111111111111111111111111
1111111111111111111111111111110110110111111111111111111111111111111111
1111111111111111111111111111111001011001111111111111111111111111111111
1111111111111111111111111111111001101001111111111111111111111111111111
1111111111111111111111111111110010110001111111111111111111111111111111
1111111111111111111111111111110011000011111111111111111111111111111111
1111111111111111111111111111110001000101111111111111111111111111111111
0111111011111111111111111111111111111110101011111111111111111111111111
1111111111111111111111111111111111111111010011111111111111111111111111
0111111011111111111111111111111111111110101011111111111111111111111111
1111111111111111111111111111111111111111010011111111111111111111111111
0111111111111111111111111111111111111110000011111111111111111111111111
1111111111111111111111111111111111111111111101000111111111111111111111
1111111111101111111111111111111111111111111110000111111111111111111111
1111111111111111111111111111111111111111111100011111001011111111111111
1111111101111111111111111111111111111111111100100111001011111111111111
1111111111101111111111111111111111111111111100100111001011111111111111
1111111111111111111111111111111111111111111111111010100000111111111111
1111111111111111111111111111111111111111111111111101100011111111111111
1111111111111111111111111111111111111111111111111010110111111111111111
1111111111101111111111111111111111111111111111000111011011111111111111
1111111111101111111111111111111111111111111111000001100111111011111111
1111111111111111111111111111111111111111111111111000100111011011111111
1111111111101111111111111111111111111111111111000001011011111111111111
1111111111111111111111111111111111111111111111111011111101100011111111
1111111111111111111111111111111111111111111111111011111110110011111111
1111111111111111111111111111111111111111111111111111110111011111111111
1111111111111111111111111111111111111111111111111111111101101011111111
1111111111111111111111111111111111111111111111111111111100110011111111
1111111111111111111111111111111111111111111111111111100100100011111111
0000000000000000000000011111101111111111111111111111111111111101110101
0000000000000000000000011111101111111111111111111111111111111110111000
0000000000000000000000011111101111111111111111111111111111111111011001
1111111111111111111111111111111111111111111111111111111111111111101010
1111111111111111111111111111111111111111111111111111111111111101110101
0000000000000000000000011111101111111111111111111111111111111110001010
1111111111111111111111111111111111111111111111111111111111111100010100
0000000000000000000000011111101111111111111111111111111111111110101000
