001011000000000000000000000000001111111100000000000000000000000000000000000001011100000000
000111000000000000000000000000001111111100000000111111110000000000000000000001011100000100
100011000000000000000000000000001111111100000000000000000000000000000000000001011100000000
010001111111111000000000011100011111111100000000000000000000000000000000000001011100000000
111001000000000000000000011100011111111100000000111111110000000000000000000001011100000100
111110111111111000000000000000001111111100000000000000000000000000000000000001011100000000
000101000100011000000000000000001111111100000000111111110000000000000000000001011100000100
000101000011111000000000000000001111111100000000111111110000000000000000000001011100000100
000101000011111000000000000000001111111100000000111111110000000000000000000001011100000100
000101100000011000000000000000001111111100000000111111110000000000000000000001011100000100
000101011000110000000000000000001111111100000000111111110000000000000000000001011100000100
000101011000101000000000000000001111111100000000111111110000000000000000000001011100000100
000101011011001000000000000000001111111100000000111111110000000000000000000001011100000100
000101111110001000000000000000001111111100000000111111110000000000000000000001011100000100
000101111101110000000000000000001111111100000000111111110000000000000000000001011100000100
000000000000000000010111000000001111111100000000000000000000000000000000000001011100000000
000000000000000000001111000000001111111100000000000000000000000000000000000001011100000000
000000000000000000001111000000001111111100000000000000000000000000000000000001011100000000
000000000000000000001011000000001111111100000000000000000000000000000000000001011100000000
000000000000000100000111000000001111111100000000000000000000000000000000000001011100000000
000000000000000011100111000000001111111100000000000000000000000000000000000001011100000000
000000000000000111011000000000001111111100000000000000000000000000000000000001011100000000
000000000000000111111001000000001111111100000000000000000000000000000000000001011100000000
000000000000000111111010000000001111111100000000000000000000000000000000000001011100000000
000000000000000000000000000001111111111100000000000000000000000000000000000001011100000000
000110000000000000000000000000101111111100000000111111110000000000000000000001011100000100
000110000000000000000000000000011111111100000000111111110000000000000000000001011100000100
000110000000000000000000000000001111111100000000111111110000000000000000000001011100000100
000000000000000000000000000000011111111100000000000000000000000000000000000001011100000000
000000000000000000000000100000011111111100000000000000000000000000000000000001011100000000
000000000000000000000000110000011111111100000000000000000000000000000000000001011100000000
000110000000000000000000101011101111111100000000111111110000000000000000000001011100000100
111111111111111111111111111111110000100100000000111111110000000000000000000001011100000100
111111111111111111111111111111110000011100000000111111110000000000000000000001011100000100
111111111111111111111111111111110000011100000000111111110000000000000000000000000000000100
111111111111111111111111111111110000000000000000111111110000000000000000000001011100000100
111111111111111111111111111111111000000000000000111111110000000000000000000000000000000100
111111111111111111111111111111110110001100000000111111110000000000000000000001011100000100
111111111111111111111111111111110110010000000000111111110000000000000000000000000000000100
111111111111111111111111111111111110010000000000111111110000000000000000000001011100000100
000000000000000000000000000000000000000000001111000000000000000000000000000000000000000000
000000000000000000000000000000000000000000000111000000000000000001111111110000000000000000
000000000000000000000000000000000000000000000001000000000000000001111111110000000000000000
000000000000000000000000000000000000000000000001000000000000000001111111110000000000000000
000000000000000000000000000000000000000010000001000000000000000000000000000000000000000000
000000000000000000000000000000000000000011000011000000000000000000000000000000000000000000
000000000000000000000000000000000000000011000101000000000000000000000000000000000000000000
000000000000000000000000000000000000000011111110000000000000000001111111110000000000000000
010010111111111000000000011100011111111100000000000101110000000000000000000001011100000000
010010111111111000000000011100011111111100000000000101110000000000000000000001011100000000
010010111111111000000000011100011111111100000000000010010000000000000000000001011100000100
010010111111111000000000011100011111111100000000110011110000000000000000000001011100000000
010010111111111000000000011100011111111100000000001101110000000000000000000001011100000100
010010111111111000000000011100011111111100000000110110010000000000000000000001011100000100
010010111111111000000000011100011111111100000000110110010000000000000000000001011100000100
010010111111111000000000011100011111111100000000111111100000000000000000000001011100000100
000000000000000000000000000000000000000000000000000000000000011110000000000000000000000000
000000000000000000000000000000000000000000000000000000000000001110000000000000000000000000
000000000000000000000000000000000000000000000000000000000000001000000000000000000000000000
000000000000000000000000000000000000000000000000000000000000000110000000000000000000000000
000000000000000000000000000000000000000000000000000000000000000010000000000000000000000000
000000000000000000000000000000000000000000000000000000001000000110000000000000000000000000
000000000000000000000000000000000000000000000000000000001110000000000000000000000000000000
000000000000000000000000000000000000000000000000000000001101010010000000000000000000000000
000000000000000000000000000000000000000000000000000000001101110100000000000000000000000000
000000000000000000000000000000000000000001110001000000000000000000001011110000000000000000
000000000000000000000000000000000000000001110001000000000000000000000101110000000000000000
000000000000000000000000000000000000000001110001000000000000000000000011110000000000000000
000000000000000000000000000000000000000001110001000000000000000001000001110000000000000000
000000000000000000000000000000000000000001110001000000000000000000100001110000000000000000
000000000000000000000000000000000000000001110001000000000000000001010000110000000000000000
000000000000000000000000000000000000000001110001000000000000000001111100010000000000000000
000000000000000000000000000000000000000001110001000000000000000001111110010000000000000000
000000000000000000000000000000000000000001110001000000000000000001111111100000000000000000
000000000000000000000000000000000000000000000000000000000000000000000000000010111100000000
000000000000000000000000000000000000000000000000000000000000000000000000000001101100000000
000000000000000000000000000000000000000000000000000000000000000000000000001000011100000000
111111111111111111111111111111111101010100000000111111110000000000000000000100100100000100
000000000000000000000000000000000000000000000000000000000000000000000000001101011100000000
111111111111111111111111111111111101010100000000111111110000000000000000001010100100000100
111111111111111111111111111111111101010100000000111111110000000000000000001110100100000100
111111111111111111111111111111111101010100000000111111110000000000000000001111111000000100
000000000000000000000000000000000000000000000000000000000000000000000000000000000000001010
000000000000000000000000000000000000000000000000000000000000000000000000000000000000000111
000000000000000000000000000000000000000000000000000000000000000000000000000000000000000100
000000000000000000000000000000000000000000000000000000000000000000000000000000000000000011
000000000000000000000000000000000000000000000000000000000000000000000000000000000010000001
010010111111111000000000011100011111111100000000001011110000000000000000000001011101100001
000000000000000000000000000000000000000000000000000000000000000000000000000000000011010001
000000000000000000000000000000000000000000000000000000000000000000000000000000000001011110
