011100100111111111111111111111111111111111111000000001111111111111111111111100000000111111111111111111111111111111111111111111111111000000000111111111
101101010111111111111111111111111111111111111000000001111111111111111111111100000000111111111111111111111111111111111111111111111111000000000111111111
110110100111111111111111111111111111111111111000000001111111111111111111111100000000111111111111111111111111111111111111111111111111000000000111111111
111011000111111111111111111111111111111111111000000001111111111111111111111100000000111111111111111111111111111111111111111111111111000000000111111111
001101110111111111111111111111111111111111111000000001111111111111111111111100000000111111111111111111111111111111111111111111111111000000000111111111
010110100111111111111111111111111111111111111000000001111111111111111111111100000000111111111111111111111111111111111111111111111111000000000111111111
101011010111111111111111111111111111111111111000000001111111111111111111111100000000111111111111111111111111111111111111111111111111000000000111111111
010010101111111111111111111111111111111111111000000001111111111111111111111100000000111111111111111111111111111111111111111111111111000000000111111111
000000010111111111111111111111111111111111111000000001111111111111111111111100000000111111111111111111111111111111111111111111111111000000000111111111
111111111011101101111111111111111111111111111000000001111111111111111111111100000000111111111111111111111111111111111111111111111111000000000111111111
111111111101110011111111111111111111111111111000000001111111111111111111111100000000111111111111111111111111111111111111111111111111000000000111111111
111111111110110111111111111111111111111111111000000001111111111111111111111100000000111111111111111111111111111111111111111111111111000000000111111111
111111111111011101111111111111111111111111111000000001111111111111111111111100000000111111111111111111111111111111111111111111111111000000000111111111
111111111011101001111111111111111111111111111000000001111111111111111111111100000000111111111111111111111111111111111111111111111111000000000111111111
111111111100110111111111111111111111111111111000000001111111111111111111111100000000111111111111111111111111111111111111111111111111000000000111111111
111111111101101001111111111111111111111111111000000001111111111111111111111100000000111111111111111111111111111111111111111111111111000000000111111111
111111111011001001111111111111111111111111111000000001111111111111111111111100000000111111111111111111111111111111111111111111111111000000000111111111
111111111111111110101010000000000111100011101000000001111111111111111111111100000000111111111111111111111111111111111111111111111111000000000111111111
111111111111111111010100000000000001000011101000000001111111111111111111111100000000111111111111111111111111111111111111111111111111000000000000000000
111111111111111110101010000000000111100011101000000001111111111111111111111100000000111111111111111111111111111111111111111111111111000000000111111111
111111111111111111010100000000000101100011101000000001111111111111111111111100000000111111111111111111111111111111111111111111111111000000000000000000
111111111111111110101010000000000111100011101000000001111111111111111111111100000000111111111111111111111111111111111111111111111111000000000111111111
111111111111111111010100000000000101100011101000000001111111111111111111111100000000111111111111111111111111111111111111111111111111000000000000000000
111111111111111110000000111111111111011111111000000001111111111111111111111100000000111111111111111111111111111111111111111111111111000000000111111111
111111111111111110000001011111111111111111111000000001111111111111111111111100000000111111111111111111111111111111111111111111111111000000000111111111
111111111111111110000001101101000111111111111000000001111111111111111111111100000000111111111111111111111111111111111111111111111111000000000111111111
111111111111111110000001110110101111111111111000000001111111111111111111111100000000111111111111111111111111111111111111111111111111000000000111111111
111111111111111110000001111010110111111111111000000001111111111111111111111100000000111111111111111111111111111111111111111111111111000000000111111111
111111111111111110000001101101000111100011101000000001111111111111111111111100000000111111111111111111111111111111111111111111111111000000000111111111
111111111111111110000001110010000111111111111000000001111111111111111111111100000000111111111111111111111111111111111111111111111111000000000111111111
111111111111111110000001101100010111100011101000000001111111111111111111111100000000111111111111111111111111111111111111111111111111000000000111111111
111111111111111110000001100100100111100011101000000001111111111111111111111100000000111111111111111111111111111111111111111111111111000000000111111111
111111111111111110000001101000000111100011101000000001111111111111111111111100000000111111111111111111111111111111111111111111111111000000000111111111
111111111111111111011111111111111010011111111000000001111111111111111111111100000000111111111111111111111111111111111111111111111111000000000111111111
111111111111111111010101111111111101111111111000000001111111111111111111111100000000111111111111111111111111111111111111111111111111000000000111111111
111111111111111111111111111111111010011111111000000001111111111111111111111100000000111111111111111111111111111111111111111111111111000000000111111111
111111111111111111011110111111111010011111111000000001111111111111111111111100000000111111111111111111111111111111111111111111111111000000000000000000
111111111111111110000001111101000111101110000000000001111111111111111111111100000000111111111111111111111111111111111111111111111111000000000111111111
111111111111111110000001111101000111110110100000000001111111111111111111111100000000111111111111111111111111111111111111111111111111000000000111111111
111111111111111110000001111101000111111011010000000001111111111111111111111100000000111111111111111111111111111111111111111111111111000000000111111111
111111111111111111111111111111111111111101010000000001111111111111111111111100000000111111111111111111111111111111111111111111111111000000000111111111
111111111111111111111111111111111111100110101000000001111111111111111111111100000000111111111111111111111111111111111111111111111111000000000111111111
111111111111111111111111111111111111101001010000000001111111111111111111111100000000111111111111111111111111111111111111111111111111000000000111111111
111111111111111110000001111101000111100110100000000001111111111111111111111100000000111111111111111111111111111111111111111111111111000000000111111111
111111111111111111111111111111111111100001000000000001111111111111111111111100000000111111111111111111111111111111111111111111111111000000000111111111
000000000000000000000000000000000000000000000011101101111111111111111111111111100011111111111111111111111111111111111111111111111111000000000000000000
000000000000000000000000000000000000000000000101110011111111111111111111111100000000111111111111111111111111111111111111111111111111000000000000000000
000000000000000000000000000000000000000000000110110101111111111111111111111100000000111111111111111111111111111111111111111111111111000000000000000000
000000000000000000000000000000000000000000000111011011111111111111111111111100000000111111111111111111111111111111111111111111111111000000000000000000
000000000000000000000000000000000000000000000011101101111111111111111111111111100011111111111111111111111111111111111111111111111111000000000000000000
000000000000000000000000000000000000000000000100110111111111111111111111111111100011111111111111111111111111111111111111111111111111000000000000000000
000000000000000000000000000000000000000000000101011011111111111111111111111100000000111111111111111111111111111111111111111111111111000000000000000000
000000000000000000000000000000000000000000000010101101111111111111111111111100000000111111111111111111111111111111111111111111111111000000000000000000
111111111111111111111111111111111111111111111111111110111000010000011111111111100011111111111111111111111111111111111111111111111111000000000111111111
111111111111111111111111111111111111111111111111111111011100011111111111111111100011111111111111111111111111111111111111111111111111000000000111111111
111111111111111111111111111111111111111111111111111111101110011111111111111111100011111111111111111111111111111111111111111111111111000000000111111111
111111111111111111111111111111111111111111111111111111110111011111111111111111100011111111111111111111111111111111111111111111111111000000000111111111
111111111111111111111111111111111111111111111111111110111000010000011111111111100011010101111111111111111111111111111111111111111111000000000111111111
111111111111111111111111111111111111111111111111111110011001101001111111111111100011111111111111111111111111111111111111111111111111000000000111111111
111111111111111111111111111111111111111111111111111110001010111111111111111111100011111111111111111111111111111111111111111111111111000000000111111111
111111111111111111111111111111111111111111111111111110000011011111111111111111100011111111111111111111111111111111111111111111111111000000000111111111
111111111111111111111111111111111111111111111111111111111101101101011111111111100011111111111111111111111111111111111111111111111111000000000111111111
111111111111111111111111111111111111111111111111111110111011110110011111111111100011111111111111111111111111111111111111111111111111000000000111111111
111111111111111111111111111111111111111111111111111110111001111011011111111111100011111111111111111111111111111111111111111111111111000000000111111111
111111111111111111111111111111111111111111111111111110111001101101111111111111100011111111111111111111111111111111111111111111111111000000000111111111
111111111111111111111111111111111111111111111111111110111011110110111111111111100011111111111111111111111111111111111111111111111111000000000111111111
111111111111111111111111111111111111111111111111111110111011100011011111111111100011111111111111111111111111111111111111111111111111000000000111111111
111111111111111111111111111111111111111111111111111111111111111111101110100111100011111111111111111111111111111111111111111111111111000000000111111111
111111111111111111111111111111111111111111111111111111111111111111110111010011100011111111111111111111111111111111111111111111111111000000000111111111
111111111111111111111111111111111111111111111111111111111111111111111011110011100011111111111111111111111111111111111111111111111111000000000111111111
111111111111111111111111111111111111111111111111111111111111111111111101110011100011111110111011111111111111111001100111111111111111000000000111111111
111111111111111111111111111111111111111111111111111111111111111111101110100111100011111111111111111111111111111111111111111111111111000000000111111111
111111111111111111111111111111111111111111111111111111111111111111110111011011100011111111111111111111111111111111111111111111111111000000000111111111
111111111111111111111111111111111111111111111111111111111111111111101110101011100011111111111111111111111111111111111111111111111111000000000111111111
111111111111111111111111111111111111111111111111111111111111111111100000110011100011111110110011111111111111111001100111111111111111000000000111111111
111111111111111111111111111111111111111111111111111111111111111111110001000011100011111111111111111111111111111111111111111111111111000000000111111111
000000000000000000000000000000000000000000000100011001111111111111111111111100001111111111111111111111111111111111111111111111111111000000000000000000
000000000000000000000000000000000000000000000100011001111111111111111111111100001101111111111111111111111111111111111111111111111111000000000000000000
000000000000000000000000000000000000000000000100011001111111111111111111111100001011111111111111111111111111111111111111111111111111000000000000000000
000000000000000000000000000000000000000000000000000000000000000000000000000000000101111111111111111111111111111111111111111111111111000000000000000000
000000000000000000000000000000000000000000000000000000000000000000000000000011100011111101111111111111111111111111111111111111111111000000000000000000
000000000000000000000000000000000000000000000000000000000000000000000000000011010011111111111111111111111111111111111111111111111111000000000000000000
000000000000000000000000000000000000000000000100011001111111111111111111111110101100111111111111111111111111111111111111111111111111000000000000000000
000000000000000000000000000000000000000000000100011001111111111111111111111111111100111111111111111111111111111111111111111111111111000000000000000000
111111111111111111111111111111111111111111111111111111111011111111111111111111111111010101111111111111111111111111111111111111111111000000000111111111
111111111111111111111111111111111111111111111111111111111111111111111111111111111111101011111111111111111111111111111111111111111111000000000111111111
111111111111111111111111111111111111111111111111111111111011111111111111111111111111010101111111111111111111111111111111111111111111000000000111111111
111111111111111111111111111111111111111111111111111111111111111111111111111111111111101011111111111111111111111111111111111111111111000000000111111111
111111111111111111111111111111111111111111111111111111111011111111111111111111110111010101111111111111111111111111111111111111111111000000000111111111
111111111111111111111111111111111111111111111111111111111111111111111101110111111111111110111011111111111111111111111111111111111111000000000111111111
111111111111111111111111111111111111111111111111111111111111111111111111111111111111111111010011111111111111111001100111111111111111000000000111111111
111111111111111111111111111111111111111111111111111111111111111111111111111111111111111111100111111111111111111001100111111111111111000000000111111111
111111111111111111111111111111111111111111111111111111111111111111111111110111111111111111000011111111111111111111111111111111111111000000000111111111
111111111111111111111111111111111111111111111111111111111111111111111101110111111111111110010011111111111111111001100111111111111111000000000111111111
111111111111111111111111111111111111111111111111111111111111111111111111111111111111111111111101110000111111111111111111111111111111000000000111111111
111111111111111111111111111111111111111111111111111111111111111111111111111111111111111111111110111000111111111111111111111111111111000000000111111111
111111111111111111111111111111111111111111111111111111111111111111111111111111111111111111111111011000111111111111111111111111111111000000000111111111
111111111111111111111111111111111111111111111111111111111111111111111111111111111111111111111111101110111111111111111111111111111111000000000111111111
111111111111111111111111111111111111111111111111111111111111111111111111111111111111111111111101110100111111111111111111111111111111000000000111111111
111111111111111111111111111111111111111111111111111111111111111111111111111111111111111111111100011000111111111111111111111111111111000000000111111111
111111111111111111111111111111111111111111111111111111111111111111111111111111111111111111111100010001111111111111111111111111111111000000000111111111
111111111111111111111111111111111111111111111111111111111111111111111111111111111111111111111100000010111111111111111111111111111111000000000111111111
111111111111111111111111111111111111111111111111111111111111111111111111111111111111111111111111111111011101001111111111111100010011000000000111111111
111111111111111111111111111111111111111111111111111111111111111111111111111111111111111111111111111111101110101111111111111100010011000000000111111111
111111111111111111111111111111111111111111111111111111111111111111111111111111111111111111111111111111110110111111111111111111111111000000000111111111
111111111111111111111111111111111111111111111111111111111111111111111111111111111111111111111111111111111011111111111111111111111111000000000111111111
111111111111111111111111111111111111111111111111111111111111111111111111111111111111111111111111111111011101001111111111111100010011000000000111111111
111111111111111111111111111111111111111111111111111111111111111111111111111111111111111111111111111111100110001111111111111100010011000000000111111111
111111111111111111111111111111111111111111111111111111111111111111111111111111111111111111111111111111011100011111111111111111111111000000000111111111
111111111111111111111111111111111111111111111111111111111111111111111111111111111111111111111111111111001100101111111111111100010011000000000111111111
111111111111111111111111111111111111111111111111111111111111111111111111111111111111111111111111111111111111110111000000000111111111000000000111111111
111111111111111111111111111111111111111111111111111111111111111111111101110111111111111111001011111111111111111011100111111111111111000000000111111111
111111111111111111111111111111111111111111111111111111111111111111111101110111111111111111001011111111111111111101111011111111111111000000000111111111
111111111111111111111111111111111111111111111111111111111111111111111111111111111111111111111111111111111111111110101011111111111111000000000111111111
111111111111111111111111111111111111111111111111111111111111111111111111111111111111111111111111111111111111110111010111111111111111000000000111111111
111111111111111111111111111111111111111111111111111111111111111111111101110111111111111111001011111111111111110010101011100011111111000000000111111111
111111111111111111111111111111111111111111111111111111111111111111111101110111111111111111001011111111111111110011010011111111111111000000000111111111
111111111111111111111111111111111111111111111111111111111111111111111111111111111111111111111111111111111111110100100011101111111111000000000111111111
111111111111111111111111111111111111111111111111111111111111111111111111111111111111111111111111111111111111110111111101000011111111000000000111111111
111111111111111111111111111111111111111111111111111111111111111111111111111111111111111111111111111111111111110111111110111011111111000000000111111111
111111111111111111111111111111111111111111111111111111111111111111111111111111111111111111111111111111111111110111111101010111111111000000000111111111
111111111111111111111111111111111111111111111111111111111111111111111111111111111111111111111111111111111111110111101001101011111111000000000111111111
111111111111111111111111111111111111111111111111111111111111111111111111111111111111111111111111111111111111110111101101010011111111000000000111111111
111111111111111111111111111111111111111111111111111111111111111111111111111111111111111111111111111111111111111111101100100011111111000000000111111111
111111111111111111111111111111111111111111111111111111111111111111111111111111111111111111111111111111001100101111111111111101110000000000000111111111
111111111111111111111111111111111111111111111111111111111111111111111111111111111111111111111111111111001100101111111111111110111011000000000111111111
111111111111111111111111111111111111111111111111111111111111111111111111111111111111111111111111111111001100101111111111111111011100000000000111111111
111111111111111111111111111111111111111111111111111111111111111111111111111111111111111111111111111111111111111111111111111111101100000000000111111111
111111111111111111111111111111111111111111111111111111111111111111111111111111111111111111111111111111001100101111111111111101110000000000000111111111
111111111111111111111111111111111111111111111111111111111111111111111111111111111111111111111111111111001100101111111111111100110000000000000111111111
111111111111111111111111111111111111111111111111111111111111111111111111111111111111111111111111111111111111111111111111111101000000000000000111111111
111111111111111111111111111111111111111111111111111111111111111111111111111111111111111111111111111111111111111111111111111101000000000000000111111111
000000000000000000000000000000000000000000000000000000000000000000000000000000000000000000000000000000000000000000000000000000000000011110110000000000
000000000000000000000000000000000000000000000000000000000000000000000000000000000000000000000000000000000000000000000000000000000000101110111000000000
000000000000000000000000000000000000000000000000000000000000000000000000000000000000000000000000000000000000000000000000000000000000110111000000000000
000000000000000000000000000000000000000000000000000000000000000000000000000000000000000000000000000000000000000000000000000000000000111011000000000000
000000000000000000000000000000000000000000000000000000000000000000000000000000000000000000000000000000000000000000000000000000000000111101000000000000
000000000000000000000000000000000000000000000000000000000000000000000000000000000000000000000000000000000000000000000000000000000000001110101000000000
000000000000000000000000000000000000000000000000000000000000000000000000000000000000000000000000000000000000000000000000000000000000110001011000000000
000000000000000000000000000000000000000000000000000000000000000000000000000000000000000000000000000000000000000000000000000000000000110000100000000000
000000000000000000000000000000000000000000000000000000000000000000000000000000000000000000000000000000000000000000000000000000000000010001100000000000
111111111111111111010101111111111111011111111000000001111111111111111111111100000000111111111111111111111111111111111111111111111111000000000000110010
111111111111111111010101111111111111011111111000000001111111111111111111111100000000111111111111111111111111111111111111111111111111000000000000001111
111111111111111111010101111111111111011111111000000001111111111111111111111100000000111111111111111111111111111111111111111111111111000000000000001111
111111111111111111010101111111111111011111111000000001111111111111111111111100000000111111111111111111111111111111111111111111111111000000000100010010
111111111111111111010101111111111111011111111000000001111111111111111111111100000000111111111111111111111111111111111111111111111111000000000100100000
111111111111111111010101111111111111011111111000000001111111111111111111111100000000111111111111111111111111111111111111111111111111000000000011000101
111111111111111111010101111111111111011111111000000001111111111111111111111100000000111111111111111111111111111111111111111111111111000000000011001001
111111111111111111010101111111111111011111111000000001111111111111111111111100000000111111111111111111111111111111111111111111111111000000000111100001
111111111111111111010101111111111111011111111000000001111111111111111111111100000000111111111111111111111111111111111111111111111111000000000011001110
