011001000000001100000111111110000000011111111111100000000000
101100000000001100000111111111111111111111111111111000000000
110110000000001100000111111110000000011111111111100000000000
011000000000001100000111111110000000011111111111100000000000
001001111111111111111111111110000000011111111111100000000000
100010000000001100000111111110000000011111111111100000000000
000010011111001100000111111110000000011111111111100000000000
000010101100001111111111111110000000011111111111100000000000
000010110100001111111111111110000000011111111111100000000000
000010111000001111111111111110000000011111111111100000000000
000010100001101111111111111110000000011111111111100000000000
000010100010111111111111111110000000011111111111100000000000
000010000011001111111111111110000000011111111111100000000000
000010000001001111111111111110000000011111111111100000000000
111111111111110111000111111111111111111111111111111000000000
111111111111111000010111111111111111111111111111111000000000
000010011111111000100111111110000000011111111111100000000000
000010011111111000100111111110000000011111111111100000000000
000010011111110011000111111110000000011111111111100000000000
000010011111110100001111111110000000011111111111100000000000
000010011111110000010111111110000000011111111111100000000000
111111111111111111111011010001111111111111111111111000000000
111111111111111111111101101001111111111111111111111000000000
111111111111111111111110101111111111111111111111111000000000
111111111111111111111011010001111111111111111111111000000000
111111111111111111111100101111111111111111111111111000000000
111111111111111111111011010011111111100000000111111000000000
111111111111111111111001010001111111111111111111111000000000
111111111111111111111001011001111111100000000111111000000000
010000000000001100000111111110110000011111111111111000000000
010000000000001100000111111111011000111111111111111000000000
010000000000001100000111111111101100111111111111111000000000
010000000000001100000111111110110110011111111111111000000000
010000000000001100000111111110011011011111111111100000000000
010000000000001100000111111110001101011111111111111000000000
010000000000001100000111111110000110011111111111100000000000
010000000000001100000111111110110000011111111111100000000000
111111111111111111111111110101111111101101000111111000000000
111111111111111111111111110101111111110110000111111000000000
111111111111111111111111110101111111111011011111111000000000
111111111111111111111111110101111111101101101111111000000000
111111111111111111111111110101111111110110110111111000000000
111111111111111111111111110101111111100011000111111000000000
111111111111111111111111110101111111100101000111111000000000
111111111111111111111111110101111111100110000111111000000000
111111111111111111111111111111111111111111111010100000000000
111111111111111111111111111111111111111111111101010000000000
111111111111111111111111111111111111111111111010101000000000
111111111111111111111111111111111111111111111101000000000000
010000000000001100000111111111111010011111111010001000000000
010000000000001100000111111111111010011111111001010000000000
000000000000000000000000000000000000000000000000000000100111
000000000000000000000000000000000000000000000000000000011101
000000000000000000000000000000000000000000000000000000011011
000000000000000000000000000000000000000000000000000100000100
000000000000000000000000000000000000000000000000000011000011
000000000000000000000000000000000000000000000000000011000011
000000000000000000000000000000000000000000000000000110100011
000000000000000000000000000000000000000000000000000101011101
000000000000000000000000000000000000000000000000000111011110
