0001011000000011111111111100000000000000101111000000000000000111111111
0000111000000011111111111100000000000000101111000000000000000111111111
0000100111111110110101110011111111000010101111111111111000000111111111
1000001111111111110011111111111111000000101111111111111000000111111111
0110001111111111111111111111111111000000101111111111111000000111111111
1100001111111101110011111111111111000000101111111111111000000111111111
1101110000000011111111111111111111000000101111000000000000000111111111
0011110000111111111111111100000000000000101111111111111000000111111111
0011110000011111111111111100000000000000101111111111111000000111111111
0011110000001111111111111100000000000000101111111111111000000111111111
0011110100011111111111111100000000000000101111111111111000000111111111
0011110110101111111111111100000000000000101111111111111000000111111111
0011110111110011111111111100000000000000101111000000000000000111111111
0011110111110011111111111100000000000000101111111111111000000111111111
1111101111111101110111111111111111010010101111111111111000000111111111
1101111111111110111011000011111111000000101111111111111000000111111111
1111111111111111011011111111111111000000101111111111111000000111111111
1111111111111111101011111111111111000000101111111111111000000111111111
1100101111111101110011111111111111000000101111111111111000000111111111
1110101111111110000011111111111111000000101111111111111000000111111111
1101111111111111111101000011111111000000101111111111111000000111111111
1111111111111111111110101011111111100000101111111111111000000111111111
1111111111111110111101010011111111000000101111111111111000000111111111
1111111111111110111100100011111111000000000000111111111000000000000000
1101111111111110111101000111111111000000000000111111111000000000000000
1101111111111110111100001011111111000000000000111111111000000000000000
0011111000000011111111111101101000000000101111000000000000000111111111
0011111000000011111111111110110000000000101111000000000000000111111111
0011111000000011111111111111011110000000101111000000000000000111111111
0011111000000011111111111101101010000000101111000000000000000111111111
0011111000000011111111111110110110000000101111000000000000000111111111
0011111000000011111111111100101011000000101111000000000000000111111111
0011111000000011111111111100111100000000101111000000000000000111111111
0011111000000011111111111100000100000000101111000000000000000111111111
0000000000000000000001000000000000001110000000000000000000000000000000
0000000000000010000000000000000000000000000000000000000000000000000000
0000000000000000000000000000000000100110000000000000000000000000000000
0000000000000000000000000000000000101000000000000000000000000000000000
0010000000000010000000000000000000101000000000000000000000000000000000
0000000000000000000000000000000000000000000100000000000000000111111111
1111111111111111111111100011111111000000000011111111111000000111111111
0000000000000000000000000000000000000000000011000000000000000111111111
1111111111111111111111100011111111000000000000111111111000000000000000
1111111111111111111111100011111111000001000000111111111000000000000000
1111111111111111111111100011111111000000110000111111111000000111111111
1111111111111111111111100011111111000000110000111111111000000000000000
0011110111110111111111111100000000000000101111000010111000000111111111
0011110111110111111111111100000000000000101111000001111000000111111111
0011110111110111111111111100000000000000101111000001111000000111111111
0011110111110111111111111100000000000000101111000000000000000111111111
0011110111110111111111111100000000000000101111100000111000000111111111
0011110111110111111111111100000000000000101111011000010000000111111111
0011110111110111111111111100000000000000101111111010001000000111111111
0011110111110111111111111100000000000000101111111011000000000111111111
0011110111110111111111111100000000000000101111111010100000000111111111
0000000000000000000000000000000000000000000000000000000000101000000000
0000000000000000000000000000000000000000000000000000000000011000000000
0000000000000000000000000000000000000000000000000000000000011000000000
0000000000000000000000000000000000000000000000000000000100001000000000
0000000000000000000000000000000000000000000000000000000011000000000000
0000000000000000000000000000000000000000000000000000000111100000000000
1111111111111111111111100011111111000001110010111111111000000000011111
1111111111111111111111100011111111000001110010111111111000000000001101
1111111111111111111111100011111111000001110010111111111000000000001100
1111111111111111111111100011111111000001110010111111111000000000000011
1111111111111111111111100011111111000001110010111111111000000100000010
1111111111111111111111100011111111000001110010111111111000000111000011
1111111111111111111111100011111111000001110010111111111000000111000011
1111111111111111111111100011111111000001110010111111111000000100111101
1111111111111111111111100011111111000001110010111111111000000110101110
