0000100011111100000111111111111111111001
0000011111111100000111111111111111111001
0000010111111100000111111111111111111001
0000001111111100000111111111111111111001
1000001111111110001111111111111111111001
0110000011111100000111111111111111111001
0101100011111100000111111111111111111001
0111100011111100000111111111111111111001
1111111100001011011111111111111111111001
1111111100001100000111111111111111100000
1111111100010100000000000000000000000000
1111111100100100000000000000000000000000
1111111111000000000111111111111111100000
1111111101110000000111111111111111100000
0000100010000000011000000000000000011001
0000000010000000011000000000000000011001
0000000000000000001000000000000000011001
0000000010000011000000000000000000000000
0000100010000011100000000000000000000000
1111111111001100000000111110000000000000
1111111111001100000000011111111111100000
1111111111001100000000001111111111100000
1111111111001100000100000110000000000000
1111111111001100000110000010000000000000
1111111111001100000111000011111111100000
1111111111001100000111100011111111100000
1111111111001100000111111100000000000000
1111111111001100000011001100001011100000
1111111111001100000011001100000111100000
1111111111001100000011001100000001100000
1111111111001100000011001101000010100000
1111111111001100000011001100100000000000
1111111111001100000011001101101000100000
1111111111001100000011001101110000000000
1111111111001100000011001101111010000000
1111111110000011100000000000000000000011
1111111110000011100000000000000000000001
0000000000000000000000000000000000000000
0000000000000000000000000000000000010001
1111111110000011100000000000000000011010
