01101000000000000000000000000000000000000000000000000000000000000000000011111111100000000000111111110001110011111111100000000000110000000000000000000000000000000000000000000000000000000000000000000000
10110100000000000000000000000000000000000000000000000000000000000000000011111111100000000000111111110001110011111111100000000000110000000000000000000000000000000000000000000000000000000000000000000000
11010000001000000000000000000000000000000000000000000000000000000000000011111111111110000000111111111111111111111111100000000011111100000000000000000000000000000000000000000000000000000000000000000000
01101000000111111100101111000000000000000000000000000000000000000000000011111111100000000000111111111111111111111111100000000000110000000000000000000000011111111111110100000000000000000000000000000000
10010111000000000000000000000000000000000000000000000000000000000000000011111111100000000000111111111111111111111111100000000000110000000000000000000000000000000000000000000000000000000000000000000000
01001010000000000000000000000000000000000000000000000000000000000000000011111111100000000000111111111111111111111111100000000000110000000000000000000000000000000000000000000000000000000000000000000000
00001101000000000000000000000000000000000000000000000000000000000000000011111111100000000000111111111111111111111111100000000000110000000000000000000000000000000000000000000000000000000000000000000000
00001010000000000000000000000000000000000000000000000000000000000000000011111011100000000000111111110001110011111111100000000000110000000000000000000000000000000000000000000000000000000000000000000000
00000000010000000000000000000000000000000000000000000000000000000000000011111111100000000000111111110001110011111111100000000000110000000000000000000000000000000000000000000000000000000000000000000000
00000000101111111100101111000000000000000000000111111110000000000000000011111111100000000000111111110001110011111111100000000000110000000000000000000000011111111111110100000000000000000000000000000000
00100000010111111100101111000000000000000000000111111110000000000000000011111111111110000000111111110001110011111111100000000011111100000000000000000000011111111111110100000000000000000000000000000000
00010000011000111100000000000000000000000000000000000000000000000000000011111111100000000000111111110001110011111111100000000000110000000000000000000000011111111111110100000000000000000000000000000000
00010000011000111000000000000000000000000000000000000000000000000000000011111111100000000000111111110001110011111111100000000000110000000000000000000000011111111111110100000000000000000000000000000000
00010000011000000100101111000000000000000000000000000000000000000000000011111111100000000000111111110001110011111111100000000000110000000000000000000000000000000000000000000000000000000000000000000000
00010000011110011100101111001000000000000000000000000000000000000000000011111111100000000000111111110001110011111111100000000000110000000000000000000000000000000000000000000000000000000000000000000000
00010000011110101100101111001111111111101000010000000000000000000000000011111111100000000000111111110001110011111111100000000000110000000000000000000000000000000000000000000000000000000000000000000000
00010000011110110100101111000100000000000000000000000000000000000000000011111111100000000000111111110001110011111111100000000000110000000000000000000000000000000000000000000000000000000000000000000000
00010000011101111000000000000000000000000000000000000000000000000000000011111111100000000000111111110001110011111111100000000000110000000000000000000000011111111111110100000000000000000000000000000000
00000000000000000001011111000000000000000000000000000000000000000000000011111111100000000000111111110001110011111111100000000000110000000000000000000000000000000000000000000000000000000000000000000000
00000000000000000010010111000000000000000000000000000000000000000000000011111111100000000000111111110001110011111111100000000000110000000000000000000000000000000000000000000000000000000000000000000000
00010000011001111000001011000000000000000000000000000000000000000000000011111111100000000000111111110001110011111111100000000000110000000000000000000000011111111111110100000000000000000000000000000000
00000000000000000011000001000000000000000000000000000000000000000000000011111111100000000000111111110001110011111111100000000000110000000000000000000000000000000000000000000000000000000000000000000000
00010000011001111010100101000000000000000000000000000000000000000000000011111111100000000000111111110001110011111111100000000000110000000000000000000000011111111111110100000000000000000000000000000000
00010000011001111011001010000000000000000000000000000000000000000000000011111111100000000000111111110001110011111111100000000000110000000000000000000000011111111111110100000000000000000000000000000000
00010000011001111011100101000000000000000000000000000000000000000000000011111111100000000000111111110001110011111111100000000000110000000000000000000000011111111111110100000000000000000000000000000000
00010000011001111011111010000000000000000000000000000000000000000000000011111111100000000000111111110001110011111111100000000000110011000000000000000000011111111111110100000000000000000000000000000000
00000000000000000000000000001100000000001000010000000000000000000000000011111111100000000000111111110001110011111111100000000000110000000000000000000000000000000000000000000000000000000000000000000000
00000000000000000000000000000000000000000000000000000000000000000000000011111111100000000000111111110001110011111111100000000000110000000000000000000000000000000000000000000000000000000000000000000000
00000000000000110000000000100111111111100000000000000000000000000000000011111111100000000000111111110001110011111111100000000000110000000000000000000000000000000000000000000000000000000000000000000000
00000000000000011000000000101011111111101000010000000000000000000000000011111111100000000000111111110001110011111111100000000000110000000000000000000000000000000000000000000000000000000000000000000000
00000000000000010000000000001100000110100000000000000000000000000000000011111111100000000000111111110001110011111111100000000000110000000000000000000000000000000000000000000000000000000000000000000000
00000000000000010000000000001100000001100000000000000000000000000000000011111111100000000000111111110001110011111111100000000000110000000000000000000000000000000000000000000000000000000000000000000000
00000000000000010000000000001100000001100000000000000000000000000000000011111111100000000000111111110001110011111111100000000000110000000000000000000000000000000000000000000000000000000000000000000000
00000000000000010000000000001100000000100000000000000000000000000000000011111111100000000000111111110001110011111111100000000000110000000000000000000000000000000000000000000000000000000000000000000000
00000000000000010000000000001100000000100000000000000000000000000000000011111111100000000000111111110001110011111111100000000000110000000000000000000000000000000000000000000000000000000000000000000000
00000000000000010000000000001110000010100000000000000000000000000000000011111111100000000000111111110001110011111111100000000000110000000000000000000000000000000000000000000000000000000000000000000000
00000000000000010000000000001110000100000000000000000000000000000000000011111111100000000000111111110001110011111111100000000000110000000000000000000000000000000000000000000000000000000000000000000000
00000000000000010000000000001101100000000000000000000000000000000000000011111111100000000000111111110001110011111111100000000000110000000000000000000000000000000000000000000000000000000000000000000000
00000000000000010000000000001111111100000000000000000000000000000000000011111111100000000000111111110001110011111111100000000000110000000000000000000000000000000000000000000000000000000000000000000000
00000000000000000000000000000000000000000001111000000000000000000000000011111111100000000000111111110001110011111111100000000000110000000000000000000000000000000000000000000000000000000000000000000000
00000000000000010000000000100100000000000000110000000000000000000000000011111111100000000000111111110001110011111111100000000000110000000000000000000000000000000000000000000000000000000000000000000000
00000000000000000000000000000000000000000000001000000000000000000000000011111111100000000000111111110001110011111111100000000000110000000000000000000000000000000000000000000000000000000000000000000000
00000000000000000000000000000000000000000000001000000000000000000000000010110011100000000000111111110001110011111111100000000000110000000000000000000000000000000000000000000000000000000000000000000000
00000000000000000000000000000000000000010000101000000000000000000000000011111111100000000000111111110001110011111111100000000000110000000000000000000000000000000000000000000000000000000000000000000000
00000000000000000000000000000000000000011001011000000000000000000000000011111111100000000000111111110001110011111111100000000000110000000000000000000000000000000000000000000000000000000000000000000000
00000000000000010000000000100100000000011000101000000000000000000000000011111111100000000000111111110001110011111111100000000000110000000000000000000000000000000000000000000000000000000000000000000000
00000000000000000000000000000000000000010111110000000000000000000000000011111111100000000000111111110001110011111111100000000000110000000000000000000000000000000000000000000000000000000000000000000000
00000000011000000000000000000000000000000000000011100000000000000000000011111111100000000000111111110001110011111111100000000000110000000000000000000000000000000000000000000000000000000000000000000000
00000000011000000000000000000000000000000000000101110100000000000000000011111111100000000000111111110001110011111111100000000000110000000000000000000000000000000000000000000000000000000000000000000000
00000000011000000000000000000000000000000000000110111000000000000000000011111111100000000000111111110001110011111111100000000000110000000000000000000000000000000000000000000000000000000000000000000000
00000000011000000000000000000000000000000000000111011010000000000000000011111111100000000000111111110001110011111111100000000000110000000000000000000000000000000000000000000000000000000000000000000000
00000000011000000000000000000000000000000000000011100010000000000000000011111111100000000000111111110001110011111111100000000000110000000000000000000000000000000000000000000000000000000000000000000000
00000000011000000000000000000000000000000000000001100100000000000000000011111111100000000000111111110001110011111111100000000000110000000000000000000000000000000000000000000000000000000000000000000000
00000000011000000000000000000000000000000000000010001000000000000000000011111111100000000000111111110001110011111111100000000000110000000000000000000000000000000000000000000000000000000000000000000000
00000000011000000000000000000000000000000000000000110000000000000000000011111111100000000000111111110001110011111111100000000000110000000000000000000000000000000000000000000000000000000000000000000000
00000000000000000000000000000000000000000000000000000000111000000000000011111111100000000000111111110001110011111111100000000000110000000000000000000000000000000000000000000000000000000000000000000000
00000000000000000000000000000000000000000000000000000001011010100000000011111111100000000000111111110001110011111111100000000000110000000000000000000000000000000000000000000000000000000000000000000000
00000000000000000000000000000000000000000000000000000001101101010000000011111111100000000000111111110001110011111111100000000000110000000000000000000000000000000000000000000000000000000000000000000000
00000000000000000000000000000000000000000000000000000001110110010000000011111111100000000000111111110001110011111111100000000000110000000000000000000000000000000000000000000000000000000000000000000000
00000000000000000000000000000000000000000000000000000000011010000000000011111111100000000000111111110001110011111111100000000000110000000000000000000000000000000000000000000000000000000000000000000000
00000000000000000000000000000000000000000000000000000000101101000000000011111111100000000000111111110001110011111111100000000000110000000000000000000000000000000000000000000000000000000000000000000000
00000000000000000000000000000000000000000000000000000000010010100000000011111111100000000000111111110001110011111111100000000000110000000000000000000000000000000000000000000000000000000000000000000000
00000000000000000000000000000000000000000000000000000000100001000000000011111111100000000000111111110001110011111111100000000000110000000000000000000000000000000000000000000000000000000000000000000000
00000000000000000000000000000000000000000000000000000000011000000000000011111111100000000000111111110001110011111111100000000000110000000000000000000000000000000000000000000000000000000000000000000000
00000000000000000000000000000000000000000000000000000000000000000110000011111111100000000000111111110001110011111111100000000000110000000000000000000001100000000000000000000000000000000000000000000000
00000000000000000000000000000000000000000000000000000000000000001011101111111111100000000000111111110001110011111111100000000000110000000000000000000000000000000000000000000000000000000000000000000000
00000000000000000000000000000000000000000000000000000000000000001101010011111111100000000000111111110001110011111111100000000000110000000000000000000001100000000000000000000000000000000000000000000000
00000000000000000000000000000000000000000000000000000000000000000110110011111111100000000000111111110001110011111111100000000000110000000000000000000001100000000000000000000000000000000000000000000000
00000000000000000000000000000000000000000000000000000000000000000101001011111111100000000000111111110001110011111111100000000000110000000000000000000001100000000000000000000000000000000000000000000000
00000000000000000000000000000000000000000000000000000000000000000011000011111111100000000000111111110001110011111111100000000000110000000000000000000001100000000000000000000000000000000000000000000000
00000000000000000000000000000000000000000000000000000000000000000100100101100111100000000000111111110001110011111111100000000000110000000000000000000000000000000000000000000000000000000000000000000000
00000000000000000000000000000000000000000000000000000000000000000100001011111111100000000000111111110001110011111111100000000000110000000000000000000000000000000000000000000000000000000000000000000000
11111111111111111111111111111111111111111111111111111111111111111111110101100011111111111111111111111111111111111111100000000011111100001111111110000001111111111111110100000000000010100000000000000000
11111111111111111111111111111111111111111101111111111111111111111111111110110111111111111111111111111111111111111111100000000011111100001111111110000001111111111111110100000000000010100000000000000000
11111111111111111111111111111111111111111111111111111111111111111111111111010011111111111111111111111111111111111111100000000011111100001111111110000001111111111111110100000000000010100000000000000000
11111111111111111111111111111111111111111111111111111111111111111111110101101011111111111111111111111111111111111111100000000011111100001111111110000001111111111111110100000000000010100000000000000000
11111111111111111111111111111111111111111101111111111111111111111111110100010011111111111111111111111111111111111111100000000011111100001111111110000001111111111111110100000000000010100000000000000000
11111110111111111111111111111111111111111101111111111111111111111111111101000011111111111111111111111111111111111111100000000011111100001111111110000001111111111111110100000000000010100000000000000000
11111111111111111111111111111111111111111111111111111111111111111111111111111101100001111111111111111111111111111111100000000000110000001111111110000001111111111111110100000000000010100000000000000000
11111111111111111111111111111111111111111111111111111111111111111111111111111110100001111111111111111111111111111111100000000000110000111111111110000001111111111111110100000000000010100000000000000000
11111111111111111111111111111111111111111111111111111111111111111111111111111111000001111111111111111111111111111111100000000000110000001111111110000001111111111111110100000000000010100000000000000000
00100000001000000000000000000000000000000000000000000000000000000000000011111100001010000000111111110001110011111111100000000000110000000000000000000000000000000000000000000000000000000000000000000000
00100000001000000000000000000000000000000000000000000000000000000000000011111100010100000000111111110001110011111111100000000011111100000000000000000000000000000000000000000000000000000000000000000000
00100000001000000000000000000000000000000000000000000000000000000000000011111100001010000000111111110001110011111111100000000000110000000000000000000000000000000000000000000000000000000000000000000000
00100000001000000000000000000000000000000000000000000000000000000000000011111100010100000000111111110001110011111111100000000011111100000000000000000000000000000000000000000000000000000000000000000000
00000000000000000000000000000000000000000000000000000000000000000000000011111111100000110101111111110001110011111111100000000000110000001111111110000000000000000000000000000000000010100000000000000000
00000000000000000000000000000000000000000000000000000000000000000000000011111111100001011011111111110001110011111111100000000000110000000000000000000000000000000000000000000000000010100000000000000000
00000000000000000000000000000000000000000000000000000000000000000000000011111111100001101110111111110001110011111111100000000000110000000000000000000000000000000000000000000000000010100000000000000000
00000000000000000000000000000000000000000000000000000000000000000000000011111111100000110110111111110001110011111111100000000000110000000000000000000000000000000000000000000000000010100000000000000000
00000000000000000000000000000000000000000000000000000000000000000000000011111111100001011000111111110001110011111111100000000000110000000000000000000000000000000000000000000000000000000000000000000000
00000000000000000000000000000000000000000000000000000000000000000000000011111111100000111000111111110001110011111111100000000000110000000000000000000000000000000000000000000000000000000000000000000000
00000000000000000000000000000000000000000000000000000000000000000000000011111111100001100000111111110001110011111111100000000000110000001111111110000000000000000000000000000000000000000000000000000000
11111111111111111111111111111111111111111111111111111111111111111111111111111111111111111111011110001111111111111111100000000011111100001111111110000001111111111111110100000000000010100000000000000000
11111111111111111111111111111111111111111111111111111111111111111111111111111111111111111111101110001111111111111111100000000011111100001111111110000001111111111111110100000000000010100000000000000000
11111111111111111111111111111111111111111111111111111111111111111111111111111111111111111111110111101111111111111111100000000011111100001111111110000001111111111111110100000000000010100000000000000000
11111111111111111111111111111111111111111111111111111111111111111111111111111111111111111111111011111111111111111111100000000011111100001111111110000001111111111111110100000000000010100000000000000000
11111111111111111111111111111111111111111111111111111111111111111111111111111111111111111111111101111111111111111111100000000011111100001111111110000001111111111111110100000000000010100000000000000000
11111111111111111111111111111111111111111111111111111111111111111111111111111111111111111111001110111111111111111111100000000011111100001111111110000001111111111111110100000000000010100000000000000000
11111111111111111111111111111111111111111111111111111111111111111111111111111111111111111111001111011111111111111111100000000011111100001111111110000001111111111111110100000000000010100000000000000000
11111111111111111111111111111111111111111111111111111111111111111111111111111111111111111111000111101111111111111111100000000011111100001111111110000001111111111111110100000000000010100000000000000000
00111110000000000000000000000000000000000000000000000000000000000000000011111111100000000000111111110111000111111111100000000000110000000000000000000000000000000000000000000000000000000000000000000000
00111110000000000000000000000000000000000000000000000000000000000000000011111111100000000000111111111011010011111111100000000000110000000000000000000000000000000000000000000000000000000000000000000000
00111110000000000000000000000000000000000000000000000000000000000000000011111111100000000000111111111101100011111111100000000000110000000000000000000000000000000000000000000000000000000000000000000000
11111111111111111111111111111111111111111111111111111111111111111111111111111111111111111111111111111110111111111111100000000011111100001111111110000001111111111111110100000000000010100000000000000000
11111111111111111111111111111111111111111111111111111111111111111111111111111111111111111111111111110011010011111111100000000011111100001111111110000001111111111111110100000000000010100000000000000000
11111111111111111111111111111111111111111111111111111111111111111111111111111111111111111111111111110101101011111111100000000011111100001111111110000001111111111111110100000000000010100000000000000000
00111110000000000000000000000000000000000000000000000000000000000000000011111111100000000000111111110001010011111111100000000000110000000000000000000000000000000000000000000000000000000000000000000000
00111110000000000000000000000000000000000000000000000000000000000000000011111111100000000000111111111001000011111111100000000000110000000000000000000000000000000000000000000000000000000000000000000000
11111111111111111111111111111111111111111111111111111111111111111111111111111111111111111111111111111111111101110100000000000011111100001111111110000001111111111111110100000000000010100000000000000000
11111111111111111111111111111111111111111111111111111111111111111111111111111111111111111111111111111111111110111000000000000011111100001111111110000001111111111111110100000000000010100000000000000000
11111111111111111111111111111111111111111111111111111111111111111111111111111111111111111111111111111111111111011011000000000011111100001111111110000001111111111111110100000000000010100000000000000000
11111111111111111111111111111111111111111111111111111111111111111111111111111111111111111111111111111111111111101100000000000011111101101111111110000001111111111111110100000000000010100000000000000000
11111111111111111111111111111111111111111111111111111111111111111111111111111111111111111111111111111111111101110111100000000011111100001111111110000001111111111111110100000000000010100000000000000000
11111111111111111111111111111111111111111111111111111111111111111111111111111111111111111111111111111111111110011010000000000011111100001111111110000001111111111111110100000000000010100000000000000000
11111111111111111111111111111111111111111111111111111111111111111111111111111111111111111111111111111111111100101101100000000011111100001111111110000001111111111111110100000000000010100000000000000000
11111111111111111111111111111111111111111111111111111111111111111111111111111111111111111111111111111111111100101010100000000011111100001111111110000001111111111111110100000000000010100000000000000000
11111111111111111111111111111111111111111111111111111111111111111111111111111111111111111111111111111111111100001011000000000011111100001111111110000001111111111111110100000000000010100000000000000000
00000000000000000000000000000000000000000000000000000000000000000000000000000000000000000000000000000000000000000000001101000000110000000000000000000000000000000000000000000000000000000000000000000000
00000000000000000000000000000000000000000000000000000000000000000000000000000000000000000000000000000000000000000000010110100000110000000000000000000000000000000000000000000000000000000000000000000000
00000000000000000000000000000000000000000000000000000000000000000000000000000000000000000000000000000000000000000000011010111000110000000000000000000000000000000000000000000000000000000000000000000000
00000000000000000000000000000000000000000000000000000000000000000000000000000000000000000000000000000000000000000000001101000100110000000000000000000000000000000000000000000000000000000000000000000000
00000000000000000000000000000000000000000000000000000000000000000000000000000000000000000000000000000000000000000000010010001000110000000000000000000000000000000000000000000000000000000000000000000000
00000000000000000000000000000000000000000000000000000000000000000000000000000000000000000000000000000000000000000000001100010000110000000000000000000000000000000000000000000000000000000000000000000000
00000000000000000000000000000000000000000000000000000000000000000000000000000000000000000000000000000000000000000000000100100000110000000000000000000000000000000000000000000000000000000000000000000000
00000000000000000000000000000000000000000000000000000000000000000000000000000000000000000000000000000000000000000000000101000000110000000000000000000000000000000000000000000000000000000000000000000000
00000000000000000000000000000000000000000000000000000000000000000000000000000000000000000000000000000000000000000000000010000000110000000000000000000000000000000000000000000000000000000000000000000000
00100000001000000000000000000000000000000000000000000000000000000000000011111100001010000000111111110001110011111111100000000001101100000000000000000000000000000000000000000000000000000000000000000000
00100000001000000000000000000000000000000000000000000000000000000000000011111100001010000000111111110001110011111111100000000010110000000000000000000000000000000000000000000000000000000000000000000000
11111111111111111111111111111111111111111111111111111111111111111111111111111111111111111111111111111111111111111111111111111111011000001111111110000001111111111111110100000000000010100000000000000000
11111111111111111111111111111111111111111111111111111111111111111111111111111111111111111111111111111111111111111111111111111101101000001111111110000001111111111111110100000000000010100000000000000000
00100000001000000000000000000000000000000000000000000000000000000000000011111100001010000000111111110001110011111111100000000010110100000000000000000000000000000000000000000000000000000000000000000000
00100000001000000000000000000000000000000000000000000000000000000000000011111100001010000000111111110001110011111111100000000010001000000000000000000000000000000000000000000000000000000000000000000000
00000000000000000000000001000000000000000000000000000000000000000000000000000000000000000000000000000000000000000000000000000000000000110000000000000000000000000000000000000000000000000000000000000000
00000000000000000000000001000000000000000000000000000000000000000000000000000000000000000000000000000000000000010000000000000000000000100000000000000000000000000000000000000000000000000000000000000000
00000000000000000000000000000000000000000000000000000000000000000000000000000001000000000000000000000000000000010000000000000000000011010000000000000000000000000000000000000000000000000000000000000000
00000000000000000000000000000000000000000000000000000000000000000000000000000001000000000000000000000000000000000000000000000000000010100000000000000000000000000000000000000000000000011111111100000000
00000000000000000000000000000000000000000000000000000000000000000000000011111111100001000001111111110001110011111111100000000000110000000001011100000000000000000000000000000000000000000000000000000000
00000000000000000000000000000000000000000000000000000000000000000000000011111111100001000001111111110001110011111111100000000000110000000000110010000000000000000000000000000000000000000000000000000000
00000000000000000000000000000000000000000000000000000000000000000000000011111111100001000001111111110001110011111111100000000000110000000000101010000000000000000000000000000000000000000000000000000000
00000000000000000000000000000000000000000000000000000000000000000000000011111111100001000001111111110001110011111111100000000000110000001000000110000000000000000000000000000000000000000000000000000000
00000000000000000000000000000000000000000000000000000000000000000000000011111111100001000001111111110001110011111111100000000000110000000110011110000000000000000000000000000000000000000000000000000000
00000000000000000000000000000000000000000000000000000000000000000000000011111111100001000001111111110001110011111111100000000000110000001100101110000000000000000000000000000000000000000000000000000000
00000000000000000000000000000000000000000000000000000000000000000000000011111111100001000001111111110001110011111111100000000000110000001010110110000000000000000000000000000000000000000000000000000000
00000000000000000000000000000000000000000000000000000000000000000000000011111111100001000001111111110001110011111111100000000000110000001001111010000000000000000000000000000000000000000000000000000000
00000000000000000000000000000000000000000000000000000000000000000000000011111111100001000001111111110001110011111111100000000000110000000111111100000000000000000000000000000000000000000000000000000000
00000000000000000000000000000000000000000000000000000000000000000000000000000000000000000000000000000000000000000000000000000000000000000000000000000111100000000000000000000000000000000000000000000000
00000000000000000000000000000000000000000000000000000000000000000000000000000000000000000000000000000000000000000000000000000000000000000000000000000010100000000000000000000000000000000000000000000000
00000000000000000000000000000000000000000000000000000000000000000000000000000000000000000000000000000000000000000000000000000000000000000000000000000000000000000000000000000000000000000000000000000000
00000000000000000000000000000000000000000000000000000000000000000000000000000000000000000000000000000000000000000000000000000000000000000000000000000000000000000000000000000000000000000000000000000000
00000000000000000000000000000000000000000000000000000000000000000000000000000000000000000000000000000000000000000000000000000000000000000000000001000011100000000000000000000000000000000000000000000000
00000000000000000000000000000000000000000000000000000000000000000000000000000000000000000000000000000000000000000000000000000000000000000000000001100101100000000000000000000000000000000000000000000000
00000000000000000000000000000000000000000000000000000000000000001011110011111111100000000000111111110001110011111111100000000000110000000000000001000110100000000000000000000000000000000000000000000000
00000000000000000000000000000000000000000000000000000000000000001011110011111111100000000000111111110001110011111111100000000000110000000000000001100111000000000000000000000000000000000000000000000000
00010000011110000100101111000000000000000000000000000000000000000000000011111111100000000000111111110001110011111111100000000000110000000000000000000000000010111111110100000000000000000000000000000000
00010000011110000100101111000000000000000000000000000000000000000000000011111111100000000000111111110001110011111111100000000000110000000000000000000000000000111111110100000000000000000000000000000000
00010000011110000100101111000000000000000000000000000000000000000000000011111111100000000000111111110001110011111111100000000000110000000000000000000000000001011111110100000000000000000000000000000000
00010000011110000100101111000000000000000000000000000000000000000000000011111111100000000000111111110001110011111111100000000000110000000000000000000000010000110000000000000000000000000000000000000000
00010000011110000100101111000000000000000000000000000000000000000000000011111111100000000000111111110001110011111111100000000000110000000000000000000000000100000000000000000000000000000000000000000000
00010000011110000100101111000000000000000000000000000000000000000000000011111111100000000000111111110001110011111111100000000000110000000000000000000000011010001111110100000000000000000000000000000000
00010000011110000100101111000000000000000000000000000000000000000000000011111111100000000000111111110001110011111111100000000000110000000000000000000000011110001111110100000000000000000000000000000000
00010000011110000100101111000000000000000000000000000000000000000000000011111111100000000000111111110001110011111111100000000000110000000000000000000000011100110000010100000000000000000000000000000000
00010000011110000100101111000000000000000000000000000000000000000000000011111111100000000000111111110001110011111111100000000000110000000000000000000000011100110000010100000000000000000000000000000000
00010000011110000100101111000000000000000000000000000000000000000000000011111111100000000000111111110001110011111111100000000000110000000000000000000000011100110000001100000000000000000000000000000000
00010000011110000100101111000000000000000000000000000000000000000000000011111111100000000000111111110001110011111111100000000000110000000000000000000000011100110000001100000000000000000000000000000000
00010000011110000100101111000000000000000000000000000000000000000000000011111111100000000000111111110001110011111111100000000000110000000000000000000000011100110000001000000000000000000000000000000000
00010000011110000100101111000000000000000000000000000000000000000000000011111111100000000000111111110001110011111111100000000000110000000000000000000000011100111100001100000000000000000000000000000000
00000000000000000000000000000000000000000000000000000000000000000000000000000000000000000000000000000000000000000000000000000000000000000000000000000000000000000011110100000000000000000000000000000000
00010000011110000100101111000000000000000000000000000000000000000000000011111111100000000000111111110001110011111111100000000000110000000000000000000000011100111111011000000000000000000000000000000000
00000000000000000000000000000000000000000000000000000000000000000000000000000000000000000000000000000000000000000000000000000000000000000000000000000000000000000000000000001011000000000000000000000000
00000000000000000000000000000000000000000000000000000000000000000000000000000000000000000000000000000000000000000000000000000000000000000000000000000000000000000000000000000111000000000000000000000000
00000000000000000000000000000000000000000000000000000000000000000000000000000000000000000000000000000000000000000000000000000000000000000000000000000000000000000000000000000100000000000000000000000000
00000000000000000000000000000000000000000000000000000000000000000000000000000000000000000000000000000000000000000000000000000000000000000000000000000000000000000000000000000000000000000000000000000000
00000000000000000000000000000000000000000000000000000000000000000000000000000000000000000000000000000000000000000000000000000000000000000000000000000000000000000000000010000011000000000000000000000000
00000000000000000000000000000000000000000000000000000000000000000000000000000000000000000000000000000000000000000000000000000000000000000000000000000000000000000000000001100001000000000000000000000000
00000000000000000000000000000000000000000000000000000000000000000000000000000000000000000000000000000000000000000000000000000000000000000000000000000000000000000000000011001000000000000000000000000000
00000000000000000000000000000000000000000000000000000000000000000000000000000000000000000000000000000000000000000000000000000000000000000000000000000000000000000000000011001100000000000000000000000000
00000000000000000000000000000000000000000000000000000000000000000000000000000000000000000000000000000000000000000000000000000000000000000000000000000000000000000000000000000000001111100000000000000000
00000000000000000000000000000000000000000000000000000000000000000000000000000000000000000000000000000000000000000000000000000000000000000000000000000000000000000000000000000000000001100000000000000000
00000000000000000000000000000000000000000000000000000000000000000000000000000000000000000000000000000000000000000000000000000000000000000000000000000000000000000000000000000000100111100000000000000000
00000000000000000000000000000000000000000000000000000000000000000000000000000000000000000000000000000000000000000000000000000000000000000000000000000000000000000000000000000000101011100000000000000000
00000000000000000000000000000000000000000000000000000000000000000000000011111111100001111000111111110001110011111111100000000000110000000000000000000000000000000000000000000000101101100000000000000000
00000000000000000000000000000000000000000000000000000000000000000000000000000000000000000000000000000000000000000000000000000000000000000000000000000000000000000000000000000000111110000000000000000000
00000000000000000000000000000000000000000000000000000000000000000000000011111111100001111000111111110001110011111111100000000000110000000000000000000000000000000000000000000000111110000000000000000000
00000000000000000000000000000000000000000000000000000000000000000000000000000000000000000000000000000000000000000000000000000000000000010000000000000000000000000000000000000000000000000010111100000000
00000000000000000000000000000000000000000000000000000000000000000000000000000000000000000000000000000000000000000000000000000000000000010000000000000000000000000000000000000000000000000001011000000000
00000000000000000000000000000000000000000000000000000000000000000000000000000000000000000000000000000000000000000000000000000000000000010000000000000000000000000000000000000000000000000000011000000000
00000000000000000000000000000000000000000000000000000000000000000000000000000000000000000000000000000000000000000000000000000000000000010000000000000000000000000000000000000000000000010000111100000000
00000000000000000000000000000000000000000000000000000000000000000000000000000000000000000000000000000000000000000000000000000000000000010000000000000000000000000000000000000000000000001000001100000000
00000000000000000000000000000000000000000000000000000000000000000000000000000000000000000000000000000000000000000000000000000000000000010000000000000000000000000000000000000000000000010010010100000000
00000000000000000000000000000000000000000000000000000000000000000000000000000000000000000000000000000000000000000000000000000000000000010000000000000000000000000000000000000000000000011110100100000000
00000000000000000000000000000000000000000000000000000000000000000000000000000000000000000000000000000000000000000000000000000000000000010000000000000000000000000000000000000000000000011111000100000000
00000000000000000000000000000000000000000000000000000000000000000000000000000000000000000000000000000000000000000000000000000000000000010000000000000000000000000000000000000000000000010011111000000000
00000000000000000000000000000000000000000000000000000000000000000000000000000000000000000000000000000000000000000000000000000000000000000000000000000000000000000000000000000000000000000000000000010011
00000000000000000000000000000000000000000000000000000000000000000000000000000000000000000000000000000000000000000000000000000000000000000000000000000000000000000000000000000000000000000000000000001111
00000000000000000000000000000000000000000000000000000000000000000000000000000000000000000000000000000000000000000000000000000000000000000000000000000000000000000000000000000000000000000000000000000111
00000000000000000000000000000000000000000000000000000000000000000000000000000000000000000000000000000000000000000000000000000000000000000000000000000000000000000000000000000000000000000000000010000010
00000000000000000000000000000000000000000000000000000000000000000000000000000000000000000000000000000000000000000000000000000000000000000000000000000000000000000000000000000000000000000000000001000001
00000000000000000000000000000000000000000000000000000000000000000000000000000000000000000000000000000000000000000000000000000000000000000000000000000000000000000000000000000000000000000000000001100001
00000000000000000000000000000000000000000000000000000000000000000000000000000000000000000000000000000000000000000000000000000000000000000000000000000000000000000000000000000000000000000000000011110001
00000000000000000000000000000000000000000000000000000000000000000000000000000000000000000000000000000000000000000000000000000000000000000000000000000000000000000000000000000000000000000000000011101110
