00000011011001111111111110000000000000000000000000000001111111100000000000000000
00000011011001111111111110000000000000000000000000000001111111100000000000000000
00000111000000001111111110000000000000000000000000000001111111100000000000000000
00000101000000001111111110000000000000000000000000000001111111100000000000000000
00000100000000001111111110000000000000000000000000000001111111100000000000000000
00111001000000001111111110000000000000000000000000000001111111100000000000000000
11100001011001111111111110000000000000000000000000000001111111100000000000000000
11110110000000001111111110000000000000000000000000000001111111100000000000000000
00000000000011111111111110000000000000000000000000000001111111100000000000000000
11000010000000111111111110000000000000000000000000000001111111100000000000000000
11000010000000101111111110000000000000000000000000000001111111100000000000000000
00000000000001001111111110000000000000000000000000000001111111100000000000000000
00000000100000011111111110000000000000000000000000000001111111100000000000000000
11000010100100001111111110000000000000000000000000000001111111100000000000000000
11000010111000011111111110000000000000000000000000000001111111100000000000000000
11000010110010101111111110000000000000000000000000000001111111100000000000000000
11111111111111110000101110000000000000000000000000000001111111100000000000000000
11111111111111110000011110000000000000000000000000000001111111100000000000000000
11111111111111110000010010000000000000000000000000000001111111100000000000000000
11111111111111110000000000000000000000000000000000000001111111100000000000000000
11111111111111111000001100000000000000000000000000000001111111100000000000000000
11111111111111110110000010000000000000000000000000000001111111100000000000000000
11111111111111111100100110000000000000000000000000000001111111100000000000000000
11111111111111111100101010000000000000000000000000000001111111100000000000000000
11111111111111111110011100000000000000000000000000000001111111100000000000000000
00000000000000000000000000001010111111111110000101101111111111100000000000011110
00000000000000000000000000000111100000000000000000000001111111100000000000000000
00000000000000000000000000000000111111111110000101101111111111100000000000011110
00000000000000000000000001000001111111111110000101101111111111100000000000011110
00000000000000000000000000100011000000000000000000000001111111100000000000000000
00000000000000000000000001100101100000000000000000000001111111100000000000000000
00000000000000000000000000101110000000000000000000000001111111100000000000000000
00000000000000000000000001111010011111111110000101101111111111100000000000011110
00000000000000000000000001011000100001011110000101101111111111100000000000011110
00000000000000000000000001011000100000001110000101101111111111100000000000011110
00000000000000000000000001011000100000110000000000000001111111100000000000000000
00000000000000000000000001011000100000101000000000000001111111100000000000000000
00000000000000000000000001011000110000000000000000000001111111100000000000000000
00000000000000000000000001011000100110011000000000000001111111100000000000000000
00000000000000000000000001011000110100101110000101101111111111100000000000011110
00000000000000000000000001011000111010110110000101101111111111100000000000011110
00000000000000000000000001011000111000011000001000000001111111100000000000000000
00000000000000000000000001011000111000011000000000000001111111100000000000000000
00000000000000000000000000000000000000000000001000000001111111100000000000000000
00000000000000000000000000000000000000000000000000000001111111100000000000000000
00000000000000000000000000000000000000000000000101101111111111100000000000011110
00000000000000000000000000000000000000000101000101101111111111100000000000011110
00000000000000000000000001011000111000011000011000011111111111100000000000000000
00000000000000000000000000000000000000000000000000011111111111100000000000000000
00000000000000000000000001011000111000011000011000001101111111100000000000000000
00000000000000000000000001011000111000011000011000000011111111100000000000000000
00000000000000000000000000000000000000000000000110001111111111100000000000000000
00000000000000000000000001011000111000011000011111010011111111100000000000000000
00000000000000000000000001011000111000011000011111010001111111100000000000000000
00000000000000000000000001011000111000011000011110111001111111100000000000000000
11111111111111111111111111111111111111111111111111111110000011100000000000011110
11111111111111111111111111111111111111111111111111111110000011100000000000011110
11111111111111111111111111111111111111111111111111111110000001100000000000011110
11111111111111111111111111111111111111111111111111111110000000100000000000011110
11111111111111111111111111111111111111111111111111111110000000100000000000011110
11111111111111111111111111111111111111111111111111111111100000000000000000011110
11111111111111111111111111111111111111111111111111111111110000000000000000011110
11111111111111111111111111111111111111111111111111111111111100000000000000011110
00000000000000000000000000000000000000000000000000000000000000000001101100000000
00000000000000000000000000000000000000000000000000000000000000000000111100000000
00000000000000000000000000000000000000000000000000000000000000000000011100000000
00000000000000000000000000000000000000000000000000000000000000000000011100000000
00000000000000000000000000000000000000000000000000000000000000010000000000000000
00000000000000000000000000000000000000000000000000000000000000011000000100000000
00000000000000000000000000000000000000000000000000000000000000001110000100000000
00000000000000000000000000000000000000000000000000000000000000011110000000000000
00000000000000000000000000000000000000000000000000000000000000011110110000000000
00000000000000000000000000000000000000000000000000000000000000000000000000001110
00000000000000000000000000000000000000000000000000000000000000000000000000000111
00000000000000000000000000000000000000000000000000000000000000000000000000000111
00000000000000000000000001011000111000011000011000000001111111100000000000000001
00000000000000000000000001011000111000011000011000000001111111100000000010000001
00000000000000000000000001011000111000011000011000000001111111100000000011100011
00000000000000000000000001011000111000011000011000000001111111100000000011100101
00000000000000000000000000000000000000000000000000000000000000000000000001111110
