011101101111111110010100000000111101000000000000111000000000111111110000000001111111100000
101110001111111111111110000000111101000000000001111100000000111111110000000001111111100000
110110011111111111111110000000111101000000000001111111111111111111110000000001111111100000
111011011111111111111110000000111101000000000001111111111111111111110000000001111111100000
011101101111111110111100000000111101000000000001111100000000111111110000000001111111100000
100110001111111111111110000000111101000000000001111100000000111111110000000001111111100000
100010011111111111111110000000111101000000000001111100000000111111110000000001111111100000
001100101111111111111110000000111101000000000001111111111111111111110000000001111111100000
111111110111100001111110000000111101000000000001111111111111111111110000000001111111100000
111111111011101101111110000000111101000000000001111111111111111111110000000001111111100111
111111111101110011111110000000111101000000000001111111111111111111110000000001111111100000
111111111110110011111110000000111101000000000001111111111111111111110000000001111111100000
111111111111011001111110000000111101000000000001111111111111111111110000000001111111100000
111111110011100101111110000000111101000000000001111111111111111111110000000001111111100000
111111110100100101111110000000111101000000000001111111111111111111110000000001111111100000
111111110100011001111110000000111101000000000001111111111111111111110000000001111111100000
111111110011000001111110000000111101000000000001111111111111111111110000000001111111100000
011101111111111110110000000000111101000000000001111111111111111111110000000001111111111110
011111111111111111010000000000111101000000000001111111111111111111110000000001111111100000
111111111111111111100000000000111101000000000001111111111111111111110000000001111111100000
011111111111111110000010000000111101000000000001111111111111111111110000000001111111100000
111111111111111110000000000000111101000000000001111111111111111111110000000001111111100000
011101111111111110001000000000111101000000000001111111111111111111110000000001111111100000
000000000000000000000000101000111111111111111111111100000000111111110000000001111111100000
000000000000000000000001010100111101001111111111111100000000111111110000000001111111100000
000000000000000000000000101011111101001111111111111100000000111111110000000001111111100000
000000000000000000000001010110111101001111111111111100000000111111110000000001111111100000
000000000000000000000000101011111101000000000000000100000000111111110000000001111111100000
000000000000000000000000011100111101000000000001111100000000111111110000000001111111100000
000000000000000000000000010100111101001111111111111100000000111111110000000001111111100000
111111111111111111111111111111011010001111111111111111111111111111110000000001111111100000
111111111111111111111111111111101100101111111111111111111111111111110000000001111111100000
111111111111111111111111111111110101001111111111111111111111111111110000000001111111100000
111111111111111111111111111111011010001111111111111111111111111111110000000001111111100000
000000000000000000000001000000100101100000000001111100000000111111110000000001111111100000
111111111111111111111111111111001010111111111111111111111111111111110000000001111111100000
000000000000000000000001000000010011010000000001111100000000111111110000000001111111100000
000000000000000000000001000000000001100000000001111100000000111111110000000001111111100000
000000000000000000000001111001111101000110000001111100000000111111110000000001111111100000
000000000000000000000001111001111101001010000001111100000000111111110000000001111111100000
000000000000000000000001111001111101001100000001111100000000111111110000000001111111100000
000000000000000000000001111001111101000000110001111100000000111111110000000001111111100000
000000000000000000000001111001111101000001010001111100000000111111110000000001111111100000
000000000000000000000001111001111101000001100001111100000000111111110000000001111111100000
000000000000000000000001111001111101000000000000111000000000111111110000000001111111100000
000000000000000000000001111001111101000000000001111100000000111111110000000001111111100000
000000000000000000000001111001111101000000000001111100000000111111110000000001111111100000
011111111111111111111111111011111111111111110110111111111111111111110000000001111111100000
111111111111111111111111111011111111111111111111011011111111111111110000000001111111100000
111111111111111111111111111011111111111111111111101011111111111111110000000001111111100000
111111111111111111111111111011111111111111111111110111111111111111110000000001111111100000
011111111111111111111111111111111111111111110111001011111111111111110000000001111111100000
001100011111111111111110000000111101000000000001111100010011111111110000000001111111100000
001100011111111111111110000000111101000000000001111100001001111111110000000001111111100000
001100011111111111111110000000111101000000000001111100000111111111110000000001111111100000
001100011111111111111110000000111101000000000001111110000010111111110000000001111111100000
001100011111111111111110000000111101000000000001111101000001111111110000000001111111100000
001100011111111111111110000000111101000000000001111100100010111111110000000001111111100000
001100011111111111111110000000111101000000000001111110110101111111110000000001111111100000
001100011111111111111110000000111101000000000001111111101010111111110000000001111111100000
111111111111111111111111111111111111111111111111111111111111000011110000000001111111100000
111111111111111111111111111111111111111111111111111111111111000011110000000001111111100000
111111111111111111111111111111111111111111111111111111111111000000110000000001111111100000
111111111111111111111111111111111111111111111111111111111111000000100000000001111111100000
111111111111111111111111111111111111111111111111111111111111110000010000000001111111100000
111111111111111111111111111111111111111111111111111111111111110000010000000001111111100000
111111111111111111111111111111111111111111111111111111111111111100010000000001111111100000
111111111111111111111111111111111111111111111111111111111111111011100000000001111111100000
000000000000000000000000000000000000000000000000000000000000000000000000101111111111100000
000000000000000000000000000000000000000000000000000000000000000000000000011101111111100000
000000000000000000000000000000000000000000000000000000000000000000000000010011111111100000
000000000000000000000000000000000000000000000000000000000000000000000000001001111111100000
000000000000000000000000000000000000000000000000000000000000000000001000000111111111100000
000000000000000000000000000000000000000000000000000000000000000000000110001101111111100000
000000000000000000000000000000000000000000000000000000000000000000001101010011111111100000
000000000000000000000000000000000000000000000000000000000000000000001100110011111111100000
000000000000000000000000000000000000000000000000000000000000000000001010101101111111100000
111111111111111111111111111111111111111111111111111111111111111111111111111110001001100000
111111111111111111111111111111111111111111111111111111111111111111111111111110000111100000
111111111111111111111111111111111111111111111111111111111111111111111111111110000111100000
111111111111111111111111111111111111111111111111111111111111111111111111111111000000100000
111111111111111111111111111111111111111111111111111111111111111111111111111110110001100000
111111111111111111111111111111111111111111111111111111111111111111111111111110110001100000
111111111111111111111111111111111111111111111111111111111111111111111111111111110110100000
111111111111111111111111111111111111111111111111111111111111111111111111111111111111000000
000000000000000001000000000000000000000000000000000000000000000000000000000000000000000111
000000000000000001000000000000000000000000000000000000000000000000000000000000000000000010
000000000100000001000000000000000000000000000000000000000000000000000000000000000000010001
000000000100000001000000000000000000000000000000000000000000000000000000000000000000011001
000000000100000000000000000000000000000000000000000000000000000000000000000000000000010110
