00011111000000000000000000000111111110000000001100000000000111111110000000001110100100000000000000000111111111000000000000000000000000111111110000000011000001000000000000000000000000000000000000000000
00001111000000000000000000000111111110000000000000000000000111111110000000000000000000000000000000000111111111000000000000000000000000111111110000000011000001000000000000000000000000000000000000000000
00000101101000000000000000000111111110000000000000000000000111111110000000000000000000000000000000000111111111000000000000000000000000111111110000000011000001000000000000000000000000000000000000000000
10000011000000000000000000000111111110000000000000100000000111111110000000000000000000000000000000000111111111000000000000000000000000111111110000000011000001000000000000000000000000000000000000000000
11000111000000000000000000000111111110000000000000000000000111111110000000000000000000000000000000000111111111111111111000000000000000111111110000000011000001000000000000000000000000000000000000000000
11101001001111111111000000000111111110000000000000000000000111111110000000000000000000000000000000000111111111111111111000000001111111111111111000000111000001000000000000000000000000000000000000000000
11011001000000000000000000000111111110000000000000000000000111111110000000000000000000000000000000000111111111111111111000000000000000111111110000000011000001000000000000000000000000000000000000000000
11111110110111111111000000000111111110000000000000000000000111111110000000000000000000000000000000000111111111111111111000000001111111111111111000000111000001000000000000000000000000000000000000000000
00100001001111111111000000000111111110000000000000000000000111111110000000000000000000000000000000000111111111000000000000000001111111111111111000000111000001000000000000000000000000000000000000000000
00000001000111111111000000000111111110000000000000000000000111111110000000000000000000000000000000000111111111000000000000000001111111111111111000000111000001000000000000000000000000000000000000000000
00100100100111111111000000000111111110000000000000000000000111111110000000000000000000000000000000000111111111000000000000000001111111111111111000000111000001000000000000000000000000000000000000000000
00000101111000101111000000000111111110000000000000000000000111111110000000000000000000000000000000000111111111000000000000000001111111111111111000000111000001000000000000000000000000000000000000000000
00000101111000010111000000000111111110000000000000000000000111111110000000000000000000000000000000000111111111000000000000000001111111111111111000000111000001000000000000000000000000000000000000000000
00000101111000000000000000000111111110000000000000000000000111111110000000000000000000000000000000000111111111000000000000000001111111111111111000000111000001000000000000000000000000000000000000000000
00000101111100001111000000000111111110000000000000000000000111111110000000000000000000000000000000000111111111000000000000000001111111111111111000000111000001000000000000000000000000000000000000000000
00000101111010000010000000000111111110000000000000000000000111111110000000000000000000000000000000000111111111000000000000000001111111111111111000000111000001000000000000000000000000000000000000000000
00000101111100100011000000000111111110000000000000000000000111111110000000000000000000000000000000000111111111000000000000000001111111111111111000000111000001000000000000000000000000000000000000000000
00000101111110100001000000000111111110000000000000000000000111111110000000000000000000000000000000000111111111000000000000000001111111111111111000000111000001000000000000000000000000000000000000000000
00000101111110111001000000000111111110000000000000000000000111111110000000000000000000000000000000000111111111000000000000000001111111111111111000000111000001000000000000000000000000000000000000000000
00000101111110101110000000000111111110000000000000000000000111111110000000000000000000000000000000000111111111000000000000000001111111111111111000000111000001000000000000000000000000000000000000000000
00000000000000000000000111111111111110000000000000000000000111111110000000000000000000000000000000000111111111000000000000000000000000111111110000000011000001000000000000000000000000000000000000000000
00000000000000000000000011100111111110000000000000000000000111111110000000000000000000000000000000000111111111000000000000000000000000111111110000000011000001000000000000000000000000000000000000000000
00000000000000000000000010111111111110000000000000000000000111111110000000000000000000000000000000000111111111000000000000000000000000111111110000000011000001000000000000000000000000000000000000000000
00000000000000000000100001111111111110000000000000000000000111111110000000000000000000000000000000000111111111000000000000000000000000111111110000000011000001000000000000000000000000000000000000000000
00000000000000000000111001111111111110000000000000000000000111111110000000000000000000000000000000000111111111000000000000000000000000111111110000000011000001000000000000000000000000000000000000000000
00000000000000000000110110011111111110000000000000000000000111111110000000000000000000000000000000000111111111000000000000000000000000111111110000000011000001000000000000000000000000000000000000000000
00000000000000000000111110011111111110000000000000000000000111111110000000000000000000000000000000000111111111000000000000000000000000111111110000000011000001000000000000000000000000000000000000000000
00000000000000000000101111101111111110000000000000000000000111111110000000000000000000000000000000000111111111000000000000000000000000111111110000000011000001000000000000000000000000000000000000000000
00000000000000000000101111110111111110000000000000000000000111111110000000000000000000000000000000000111111111000000000000000000000000111111110000000011000001000000000000000000000000000000000000000000
11111111111111111111111111111000010010000000000000000000000111111110000000000000000000000000000000000111111111111111111000000001111111111111111000000111000001000000000000000000000000000000000000000000
11111111111111111111111111111000001110000000000000000000000111111110000000000000000000000000000000000111111111111111111000000001111111111111111000000111000001000000000000000000000000000000000000000000
11111111111111111111111111111000001110000000000000000000000111111110000000000000000000000000000000000111111111111111111000000001111111111111111000000111000001000000000000000000000000000000000000000000
11111111111111111111111111111000000100000000000000000000000111111110000000000000000000000000000000000111111111111111111000000001111111111111111000000111000001000000000000000000000000000000000000000000
11111111111111111111111111111100000000000000000000000000000111111110000000000000000000000000000000000111111111111111111000000001111111111111111000000111000001000000000000000000000000000000000000000000
11111111111111111111111111111011000000000000000100000000000111111110000000000000000000000000000000000111111111111111111000000001111111111111111000000111000001000000000000000000000000000000000000000000
11111111111111111111111111111011100000000000000000000000000111111110000000000000000000000000000000000111111111111111111000000001111111111111111000000111000001000000000000000000000000000000000000000000
11111111111111111111111111111111000000000000000000000000000111111110000000000000000000000000000000000111111111111111111000000001111111111111111000000111000001000000000000000000000000000000000000000000
00000000000000000000000000000000000000000111110000000000000111111110000000000000000000000000000000000111111111000000000000000000000000111111110000000011000001000000000000000000000000000000000000000000
00000000000000000000000000000000000000000101100000000000000111111110000000000000000000000000000000000111111111000000000000000000000000111111110000000011000001000000000000000000000000000000000000000000
00000000000000000000000000000000000000000011110000000000000111111110000000000000000000000000000000000111111111000000000000000000000000111111110000000011000001000000000000000000000000000000000000000000
00000000000000000000000000000000000000000000010000000000000111111110000000000000000000000000000000000111111111000000000000000000000000111111110000000011000001000000000000000000000000000000000000000000
00000000000000000000000000000000000001100011110000000000000111111110000000000000000000000000000000000111111111000000000000000000000000111111110000000011000001000000000000000000000000000000000000000000
00000000000000000000000000000000000001010100110000000000000111111110000000000000000000000000000000000111111111000000000000000000000000111111110000000011000001000000000000000000000000000000000000000000
00000000000000000000000000000000000001110100010000000000000111111110000000000000000000000000000000000111111111000000000000000000000000111111110000000011000001000000000000000000000000000000000000000000
00000000000000000000000000000000000001110110010000000000000111111110000000000000000000000000000000000111111111000000000000000000000000111111110000000011000001000000000000000000000000000000000000000000
00000000000000000000000000000000000001011111100000000000000111111110000000000000000000000000000000000111111111000000000000000000000000111111110000000011000001000000000000000000000000000000000000000000
10000000000000000000000000000000000000000000000001100000000111111110000000001110100100000000000000000111111111000000000000000000000000111111110000000011000001000000000000000000000000000000000000000000
10000000000000000000000000000000001000000000000001100000000111111110000000000000000000000000000000000111111111000000000000000000000000111111110000000011000001000000000000000000000000000000000000000000
00000000000000000000000000000000000000000000000001000000000111111110000000000000000000000000000000000111111111000000000000000000000000111111110000000011000001000000000000000000000000000000000000000000
00000000000000000000000000000000000000000000001110100000000111111110000000000000000000000000000000000111111111000000000000000000000000111111110000000011000001000000000000000000000000000000000000000000
00010000000000000000000000000000000000000000001101000000000111111110000000001110100100000000000000000111111111000000000000000000000000111111110000000011000001000000000000000000000000000000000000000000
00000000000000000000000000000000000000000000000000000000111111111110000000000000000000000000000000000111111111000000000111111110000000111111110000000011000001000000000000000001111111110000000000000000
00000000000000000000000000000000000000000000000000000001011111111110000000000000000000000000000000000111111111000000000000000000000000111111110000000011000001000000000000000000000000000000000000000000
00000000000000000000000000000000000000000000000000000000111111111110000000000000000000000000000000000111111111000000000000000000000000111111110000000011000001000000000000000000000000000000000000000000
00000000000000000000000000000000000000000000000000000000111111111110000000000000000000000000000000000111111111000000000000000000000000111111110000000011000001000000000000000000000000000000000000000000
00000000000000000000000000000000000000000000000000001000010111111110000000000000000000000000000000000111111111000000000000000000000000111111110000000011000001000000000000000000000000000000000000000000
00000000000000000000000000000000000000000000000000010110001111111110000000000000000000000000000000000111111111000000000000000000000000111111110000000011000001000000000000000000000000000000000000000000
00000000000000000000000000000000000000000000000000011111000111111110000000000000000000000000000000000111111111000000000000000000000000111111110000000011000001000000000000000000000000000000000000000000
00000000000000000000000000000000000000000000000000011110100111111110000000000000000000000000000000000111111111000000000111111110000000111111110000000011000001000000000000000001111111110000000000000000
11111111111111111111111111111111111111111111111111111111111000111110000000001110100100000000000000000111111111111111111111111111111111111111111000000111000001000000000000000001111111110000000000000000
11111111111111111111111111111111111111111111111111111111111000011110000000001110100100000000000000000111111111111111111111111111111111111111111000000111000001000000000000000001111111110000000000000000
11111111111111111111111111111111111111111111111111111111111000000110000000001110100100000000000000000111111111111111111111111111111111111111111000000111000001000000000000000001111111110000000000000000
11111111111111111111111111111111111111111111111111111111111100001110000000001110100100000000000000000111111111111111111111111111111111111111111000000111000001000000000000000001111111110000000000000000
11111111111111111111111111111111111111111111111111111111111110001110000000001110100100000000000000000111111111111111111111111111111111111111111000000111000001000000000000000001111111110000000000000000
11111111111111111111111111111111111111111111111111111111111110110110000000001110100100000000000000000111111111111111111111111111111111111111111000000111000001000000000000000001111111110000000000000000
11111111111111111111111111111111111111111111111111111111111111111010000000001110100100000000000000000111111111111111111111111111111111111111111000000111000001000000000000000001111111110000000000000000
11111111111111111111111111111111111111111111111111111111111111111100000000001110100100000000000000000111111111111111111111111111111111111111111000000111000001000000000000000001111111110000000000000000
00000000000000000000000000000000000000000000000000000000000000000000000101110000000000000000000000000111111111000000000000000000000000111111110000000011000001000000000000000000000000000000000000000000
00000000000000000000000000000000000000000000000000000000000000000000000011000000000000000000000000000111111111000000000000000000000000111111110000000011000001000000000000000000000000000000000000000000
00000000000000000000000000000000000000000000000000000000000000000000000010100000000000000000000000000111111111000000000000000000000000111111110000000011000001000000000000000000000000000000000000000000
00000000000000000000000000000000000000000000000000000000000000000000000001110000000000000000000000000111111111000000000000000000000000111111110000000011000001000000000000000000000000000000000000000000
00000000000000000000000000000000000000000000000000000000000000000001000000010000000000000000000000000111111111000000000000000000000000111111110000000011000001000000000000000000000000000000000000000000
00000000000000000000000000000000000000000000000000000000000000000000110001110000000000000000000000000111111111000000000000000000000000111111110000000011000001000000000000000000000000000000000000000000
00000000000000000000000000000000000000000000000000000000000000000001101010110000000000000000000000000111111111000000000000000000000000111111110000000011000001000000000000000000000000000000000000000000
00000000000000000000000000000000000000000000000000000000000000000001011011010000000000000000000000000111111111000000000000000000000000111111110000000011000001000000000000000000000000000000000000000000
00000000000000000000000000000000000000000000000000000000000000000001001111100000000000000000000000000111111111000000000000000000000000111111110000000011000001000000000000000000000000000000000000000000
10000000000000000000000000000000000000000000001000100000000111111110000000000001011100000000000000000111111111000000000000000000000000111111110000000011000001000000000000000000000000000000000000000000
10000000000000000000000000000000000000000000001000100000000111111110000000000000111100000000000000000111111111000000000000000000000000111111110000000011000001000000000000000000000000000000000000000000
10000000000000000000000000000000000000000000001000100000000111111110000000000000101000000000000000000111111111000000000000000000000000111111110000000011000001000000000000000000000000000000000000000000
00000000000000000000000000000000000000000000000000000000000000000000000000001000011100000000000000000111111111000000000000000000000000111111110000000011000001000000000000000000000000000000000000000000
10000000000000000000000000000000000000000000001000100000000111111110000000000110011100000000000000000111111111000000000000000000000000111111110000000011000001000000000000000000000000000000000000000000
00000000000000000000000000000000000000000000000000000000000000000000000000001101100000000000000000000111111111000000000000000000000000111111110000000011000001000000000000000000000000000000000000000000
00000000000000000000000000000000000000000000000000000000000000000000000000001111100100000000000000000111111111000000000000000000000000111111110000000011000001000000000000000000000000000000000000000000
10000000000000000000000000000000000000000000001000100000000111111110000000001101101000000000000000000111111111000000000000000000000000111111110000000011000001000000000000000000000000000000000000000000
00000000000000000000000000000000000000000000000000000000000000000000000000000000000000000110000000000111111111000000000000000000000000111111110000000011000001011101010000000000000000000000000000000000
00000000000000000000000000000000000000000000000000000000000000000000000000000000000000000101000000000111111111000000000000000000000000111111110000000011000001000000000000000000000000000000000000000000
00000000000000000000000000000000000000000000000000000000000000000000000000000000000000000011000000000111111111000000000000000000000000111111110000000011000001000000000000000000000000000000000000000000
00000000000000000000000000000000000000000000000000000000000000000000000000000000000000000011000000000111111111000000000000000000000000111111110000000011000001000000000000000000000000000000000000000000
00000000000000000000000000000000000000000000000000000000000000000000000000000000000000000000000000000111111111000000000000000000000000111111110000000011000001011101010000000000000000000000000000000000
00000000000000000000000000000000000000000000000000000000000000000000000000000000000011000000000000000111111111000000000000000000000000111111110000000011000001011101010000000000000000000000000000000000
00000000000000000000000000000000000000000000000000000000000000000000000000000000000010110000000000000111111111000000000000000000000000111111110000000011000001011101010000000000000000000000000000000000
00000000000000000000000000000000000000000000000000000000000000000000000000000000000001110000000000000111111111000000000000000000000000111111110000000011000001011101010000000000000000000000000000000000
00000000000000000000000000000000000000000000000000000000000000000000000000000000000000000000000011010111111111000000000000000000000000111111110000000011000001000000000000000000000000000000000000000000
00000000000000000000000000000000000000000000000000000000000000000000000000000000000000000000000010110111111111000000000000000000000000111111110000000011000001000000000000000000000000000000000000000000
00000000000000000000000000000000000000000000000000000000000000000000000000000000000000000000000001111111111111000000000000000000000000111111110000000011000001000000000000000000000000000000000000000000
00000000000000000000000000000000000000000000000000000000000000000000000000000000000000000000000001111111111111000000000000000000000000111111110000000011000001000000000000000000000000000000000000000000
00000000000000000000000000000000000000000000000000000000000000000000000000000000000000000000110000000111111111000000000000000000000000111111110000000011000001000000000000000000000000000000000000000000
00000000000000000000000000000000000000000000000000000000000000000000000000000000000000000000101100001111111111000000000000000000000000111111110000000011000001000000000000000000000000000000000000000000
00000000000000000000000000000000000000000000000000000000000000000000000000000000000000000000011100001111111111000000000000000000000000111111110000000011000001000000000000000000000000000000000000000000
00000000000000000000000000000000000000000000000000000000000000000000000000000000000000000000111100000111111111000000000000000000000000111111110000000011000001000000000000000000000000000000000000000000
00000000000000000000000000000000000000000000000000000000000000000000000000000000000000000000001101100111111111000000000000000000000000111111110000000011000001000000000000000000000000000000000000000000
11111111111111111111111111111111111111111111111111111111111111111111111111111111111111111111111111111000101111111111111111111111111111111111111000000111000001011101010000000001111111110000000000000000
11111111111111111111111111111111111111111111111111111111111111111111111111111111111111111111111111111000010101111111111111111111111111111111111000000111000001011101010000000001111111110000000000000000
11111111111111111111111111111111111111111111111111111111111111111111111111111111111111111111111111111000000001111111111111111111111111111111111000000111000001011101010000000001111111110000000000000000
11111111111111111111111111111111111111111111111111111111111111111111111111111111111111111111111111111100001110111111111111111111111111111111111000000111000001011101010000000001111111110000000000000000
11111111111111111111111111111111111111111111111111111111111111111111111111111111111111111111111111111010000011111111111111111111111111111111111000000111000001011101010000000001111111110000000000000000
11111111111111111111111111111111111111111111111111111111111111111111111111111111111111111111111111111100100000111111111111111111111111111111111000000111000001011101010000000001111111110000000000000000
11111111111111111111111111111111111111111111111111111111111111111111111111111111111111111111111111111110100011111111111111111111111111111111111000000111000001011101010000000001111111110000000000000000
11111111111111111111111111111111111111111111111111111111111111111111111111111111111111111111111111111100110100111111111111111111111111111111111000000111000001011101010000000001111111110000000000000000
11111111111111111111111111111111111111111111111111111111111111111111111111111111111111111111111111111111010100111111111111111111111111111111111000000111000001011101010000000001111111110000000000000000
00001111000000000000000000000111111110000000000000000000000111111110000000000000000000000000000000000111111111000001011000000000000000111111110000000011000001000000000000000000000000000000000000000000
00001111000000000000000000000111111110000000000000000000000111111110000000000000000000000000000000000111111111000001001000000000000000111111110000000011000001000000000000000000000000000000000000000000
00001111000000000000000000000111111110000000000000000000000111111110000000000000000000000000000000000111111111000000111000000000000000111111110000000011000001000000000000000000000000000000000000000000
00001111000000000000000000000111111110000000000000000000000111111110000000000000000000000000000000000111111111000000111000000000000000111111110000000011000001000000000000000000000000000000000000000000
00001111000000000000000000000111111110000000000000000000000111111110000000000000000000000000000000000111111111000000000000000000000000111111110000000011000001000000000000000000000000000000000000000000
00001111000000000000000000000111111110000000000000000000000111111110000000000000000000000000000000000111111111110000111000000000000000111111110000000011000001000000000000000000000000000000000000000000
00001111000000000000000000000111111110000000000000000000000111111110000000000000000000000000000000000111111111001101001000000000000000111111110000000011000001000000000000000000000000000000000000000000
00001111000000000000000000000111111110000000000000000000000111111110000000000000000000000000000000000111111111101101001000000000000000111111110000000011000001000000000000000000000000000000000000000000
00001111000000000000000000000111111110000000000000000000000111111110000000000000000000000000000000000111111111111101110000000000000000111111110000000011000001000000000000000000000000000000000000000000
00000000000000000000000000000000000000000000000000010000001111111110000000000000000000000000000000000111111111000000000000011110000000111111110000000011000001000000000000000001111111110000000000000000
00000000000000000000000000000000000000000000000000010000001111111110000000000000000000000000000000000111111111000000000000011110000000111111110000000011000001000000000000000000000000000000000000000000
00000000000000000000000000000000000000000000000000010000001111111110000000000000000000000000000000000111111111000000000000001110000000111111110000000011000001000000000000000001111111110000000000000000
00000000000000000000000000000000000000000000000000010000001111111110000000000000000000000000000000000111111111000000000000000010000000111111110000000011000001000000000000000001111111110000000000000000
00000000000000000000000000000000000000000000000000010000001111111110000000000000000000000000000000000111111111000000000110000110000000111111110000000011000001000000000000000000000000000000000000000000
00000000000000000000000000000000000000000000000000010000001111111110000000000000000000000000000000000111111111000000000111000010000000111111110000000011000001000000000000000000000000000000000000000000
00000000000000000000000000000000000000000000000000010000001111111110000000000000000000000000000000000111111111000000000111010000000000111111110000000011000001000000000000000000000000000000000000000000
00000000000000000000000000000000000000000000000000010000001111111110000000000000000000000000000000000111111111000000000111111000000000111111110000000011000001000000000000000001111111110000000000000000
00000101111111111111000000000111111110000000000000000000000111111110000000000000000000000000000000000111111111000000000000000000001111111111110000000011000001000000000000000000000000000000000000000000
00000101111111111111000000000111111110000000000000000000000111111110000000000000000000000000000000000111111111000000000000000000000111111111110000000011000001000000000000000000000000000000000000000000
00000101111111111111000000000111111110000000000000000000000111111110000000000000000000000000000000000111111111000000000000000000000011111111111000000111000001000000000000000000000000000000000000000000
00000101111111111111000000000111111110000000000000000000000111111110000000000000000000000000000000000111111111000000000000000001000000111111111000000111000001000000000000000000000000000000000000000000
00000101111111111111000000000111111110000000000000000000000111111110000000000000000000000000000000000111111111000000000000000001100001111111111000000111000001000000000000000000000000000000000000000000
00000101111111111111000000000111111110000000000000000000000111111110000000000000000000000000000000000111111111000000000000000001110000111111111000000111000001000000000000000000000000000000000000000000
00000101111111111111000000000111111110000000000000000000000111111110000000000000000000000000000000000111111111000000000000000001110100111111111000000111000001000000000000000000000000000000000000000000
11111111111111111111111111111111111111111111111111111111111111111111111111111111111111111111111111111111111111111111111111111111111111000111101000000100000000011101010000000001111111110000000000000000
11111111111111111111111111111111111111111111111111111111111111111111111111111111111111111111111111111111111111111111111111111111111111000011111000000100000000011101010000000001111111110000000000000000
11111111111111111111111111111111111111111111111111111111111111111111111111111111111111111111111111111111111111111111111111111111111111000000111000000100000000011101010000000001111111110000000000000000
11111111111111111111111111111111111111111111111111111111111111111111111111111111111111111111111111111111111111111111111111111111111111100011111000000111000001011101010000000001111111110000000000000000
11111111111111111111111111111111111111111111111111111111111111111111111111111111111111111111111111111111111111111111111111111111111111110100011000000100000000011101010000000001111111110000000000000000
11111111111111111111111111111111111111111111111111111111111111111111111111111111111111111111111111111111111111111111111111111111111111110100111000000111000001011101010000000001111111110000000000000000
11111111111111111111111111111111111111111111111111111111111111111111111111111111111111111111111111111111111111111111111111111111111111111101011000000111000001011101010000000001111111110000000000000000
11111111111111111111111111111111111111111111111111111111111111111111111111111111111111111111111111111111111111111111111111111111111111011111101000000111000001011101010000000001111111110000000000000000
00000101111111111111000000000111111110000000000000000000000111111110000000000000000000000000000000000111111111000000000000000000011111111111110000100011000001000000000000000000000000000000000000000000
00000000000000000000000000000000000000000000000000000000000000000000000000000000000000000000000000000000000000000000000000000000000000000000000000101100000000000000000000000000000000000000000000000000
00000000000000000000000000000000000000000000000000000000000000000000000000000000000000000000000000000000000000000000000000000000000000000000000000011100000000000000000000000000000000000000000000000000
00000000000000000000000000000000000000000000000000000000000000000000000000000000000000000000000000000000000000000000000000000000000000000000000000010000000000000000000000000000000000000000000000001111
00000000000000000000000000000000000000000000000000000000000000000000000000000000000000000000000000000000000000000000000000000000000000000000001100000100000000000000000000000000000000000000000000000000
00000000000000000000000000000000000000000000000000000000000000000000000000000000000000000000000000000000000000000000000000000000000000000000000011001100000000000000000000000000000000000000000000000000
00000000000000000000000000000000000000000000000000000000000000000000000000000000000000000000000000000000000000000000000000000000000000000000000110010100000000000000000000000000000000000000000000000000
00000101111111111111000000000111111110000000000000000000000111111110000000000000000000000000000000000111111111000000000000000000011111111111110110111011000001000000000000000000000000000000000000000000
11111111111111111111111111111111111111111111111111111111111111111111111111111111111111111111111111111111111111111111111111111111111111000101111000000100001011011101010000000001111111110000000000000000
11111111111111111111111111111111111111111111111111111111111111111111111111111111111111111111111111111111111111111111111111111111111111000101111000000100001000011101010000000001111111110000000000000000
00000000000000000000000000000000000000000000000000000000000000000000000000000000000000000000000000000000000000000000000000000000000000000000000000000000000111000000000000000000000000000000000000000000
00000000000000000000000000000000000000000000000000000000000000000000000000000000000000000000000000000000000000000000000000000000000000000000000000000000000111000000000000000000000000000000000000000000
00000000000000000000000000000000000000000000000000000000000000000000000000000000000000000000000000000000000000000000000000000000000000000000000000000011000000000000000000000000000000000000000000000000
00000000000000000000000000000000000000000000000000000000000000000000000000000000000000000000000000000000000000000000000000000000000000000000000000000000110001000000000000000000000000000000000000000000
00000000000000000000000000000000000000000000000000000000000000000000000000000000000000000000000000000000000000000000000000000000000000000000000000000010110000000000000000000000000000000000000000000000
11111111111111111111111111111111111111111111111111111111111111111111111111111111111111111111111111111111111111111111111111111111111111000101111000000110110100011101010000000001111111110000000000000000
00000000000000000000000000000000000000000000000000000000000000000000000000000000000000000000000000000000000000000000000000000000000000000000000000000000000000000010110000000000000000000000000000000000
00000000000000000000000000000000000000000000000000000000000000000000000000000000000010001111000000000111111111000000000000000000000000111111110000000011000001000001000000000000000000000000000000000000
00000000000000000000000000000000000000000000000000000000000000000000000000000000000010001111000000000111111111000000000000000000000000111111110000000011000001000001000000000000000000000000000000000000
00000000000000000000000000000000000000000000000000000000000000000000000000000000000010001111000000000111111111000000000000000000000000111111110000000011000001000000010000000000000000000000000000000000
00000000000000000000000000000000000000000000000000000000000000000000000000000000000000000000000000000000000000000000000000000000000000000000000000000000000000100000110000000000000000000000000000000000
00000000000000000000000000000000000000000000000000000000000000000000000000000000000010001111000000000111111111000000000000000000000000111111110000000011000001011000100000000000000000000000000000000000
00000000000000000000000000000000000000000000000000000000000000000000000000000000000000000000000000000000000000000000000000000000000000000000000000000000000000100011010000000000000000000000000000000000
00000000000000000000000000000000000000000000000000000000000000000000000000000000000010001111000000000111111111000000000000000000000000111111110000000011000001100110100000000000000000000000000000000000
00000000000000000000000000000000000000000000000000000000000000000000000000000000000000000000000000000000000000000000000000000000000000000000000000000000000000000000000110010100000000000000000000000000
00000000000000000000000000000000000000000000000000000000000000000000000000000000000000000000000000000000000000000000000000000000000000000000000000000000000000000000001011100000000000000000000000000000
00000000000000000000000000000000000000000000000000000000000000000000000000000000000000000000000000000000000000000000000000000000000000000000000000000000000000000000001101101010000000000000000000000000
00000000000000000000000000000000000000000000000000000000000000000000000000000000000000000000000000000000000000000000000000000000000000000000000000000000000000000000000110010100000000000000000000000000
00000000000000000000000000000000000000000000000000000000000000000000000000000000000000000000000000000000000000000000000000000000000000000000000000000000000000000000000110011100000000000000000000000000
00000000000000000000000000000000000000000000000000000000000000000000000000000000000000000000000000000000000000000000000000000000000000000000000000000000000000000000001001101010000000000000000000000000
00000000000000000000000000000000000000000000000000000000000000000000000000000000000000000000000000000000000000000000000000000000000000000000000000000000000000000000000010110100000000000000000000000000
00000000000000000000000000000000000000000000000000000000000000000000000000000000000000000000000000000000000000000000000000000000000000000000000000000000000000000000001001101010000000000000000000000000
00000000000000000000000000000000000000000000000000000000000000000000000000000000000000000000000000000000000000000000000000000000000000000000000000000000000000000000000010010100000000000000000000000000
00000000000000000000000000000000000000000000000000010000001111111110000000000000000000000000000000000111111111000000000101100010000000111111110000000011000001000000000000000000111000000000000000000000
00000000000000000000000000000000000000000000000000010000001111111110000000000000000000000000000000000111111111000000000101100010000000111111110000000011000001000000000000000001011010010000000000000000
00000000000000000000000000000000000000000000000000010000001111111110000000000000000000000000000000000111111111000000000101100010000000111111110000000011000001000000000000000001101100000000000000000000
00000000000000000000000000000000000000000000000000010000001111111110000000000000000000000000000000000111111111000000000101100010000000111111110000000011000001000000000000000001110101100000000000000000
00000000000000000000000000000000000000000000000000010000001111111110000000000000000000000000000000000111111111000000000101100010000000111111110000000011000001000000000000000000011011010000000000000000
00000000000000000000000000000000000000000000000000010000001111111110000000000000000000000000000000000111111111000000000101100010000000111111110000000011000001000000000000000000100100100000000000000000
00000000000000000000000000000000000000000000000000010000001111111110000000000000000000000000000000000111111111000000000101100010000000111111110000000011000001000000000000000000001100100000000000000000
00000000000000000000000000000000000000000000000000010000001111111110000000000000000000000000000000000111111111000000000101100010000000111111110000000011000001000000000000000000001011000000000000000000
00000000000000000000000000000000000000000000000000010000001111111110000000000000000000000000000000000111111111000000000101100010000000111111110000000011000001000000000000000000100100000000000000000000
00000000000000000000000000000000000000000000000000000000000000000000000000000000000000000000000000000000000000000000000000000000000000000000000000000000000000000000000000000000000000000000111110000000
00000000000000000000000000000000000000000000000000000000000000000000000000000000000000000000000000000000000000000000000000000000000000000000000000000000000000000000000000000000000000000000111100000000
00000000000000000000000000000000000000000000000000000000000000000000000000000000000000000000000000000000000000000000000000000000000000000000000000000000000000000000000000000000000000000000011110000000
00000000000000000000000000000000000000000000000000000000000000000000000000000000000000000000000000000000000000000000000000000000000000000000000000000000000000000000000000000000000000000000000100000000
00000000000000000000000000000000000000000000000000000000000000000000000000000000000000000000000000000000000000000000000000000000000000000000000000000000000000000000000000000000000000001100011010000000
00000000000000000000000000000000000000000000000000000000000000000000000000000000000000000000000000000000000000000000000000000000000000000000000000000000000000000000000000000000000000001110100010000000
00000000000000000000000000000000000000000000000000000000000000000000000000000000000000000000000000000000000000000000000000000000000000000000000000000000000000000000000000000000000000001110100000000000
00000000000000000000000000000000000000000000000000000000000000000000000000000000000000000000000000000000000000000000000000000000000000000000000000000000000000000000000000000000000000001111000010000000
00000000000000000000000000000000000000000000000000000000000000000000000000000000000000000000000000000000000000000000000000000000000000000000000000000000000000000000000000000000000000001010110100000000
00000000000000000000000000000000000000000000000000000000000000000000000000000000000000000000000000000000000000000000000000000000000000000000000000000000000000000000000000000000000000000000000000001111
00000000000000000000000000000000000000000000000000000000000000000000000000000000000000000000000000000000000000000000000000000000000000000000000000000000000000000000000000000000000000000000000000000011
00000000000000000000000000000000000000000000000000000000000000000000000000000000000000000000000000000000000000000000000000000000000000000000000000000000000000000000000000000000000000000000000000000011
00000000000000000000000000000000000000000000000000000000000000000000000000000000000000000000000000000000000000000000000000000000000000000000000001000000000000000000000000000000000000000000000001000111
00000000000000000000000000000000000000000000000000000000000000000000000000000000000000000000000000000000000000000000000000000000000000000000000001000000000000000000000000000000000000000000000001001011
00000000000000000000000000000000000000000000000000000000000000000000000000000000000000000000000000000000000000000000000000000000000000000000000001000000000000000000000000000000000000000000000001111101
00000000000000000000000000000000000000000000000000000000000000000000000000000000000000000000000000000000000000000000000000000000000000000000000001000000000000000000000000000000000000000000000001111110
