000001110000000000000000000000000111111111000000000000000000
000001000000000000000000000000000111111111000000000000000000
000001000000000000000000000000000111111111000000000000000000
000000001110101000000000000000000111111111000000000000000000
000000110000000000000000010111011111111111000000000000000000
111000010000000000000000000000000111111111000000000000000000
100010010000000000000000010111011111111111000000000000000000
100011100000000000000000010111011111111111000000000000000000
000100000001011100000000000000000111111111000000000000000000
000100000000110100000000000000000111111111000000000000000000
000100000000001100000000000000000111111111000000000000000000
000000001000011100000000000000000111111111000000000000000000
000100000100000100000000000000000111111111000000000000000000
000000001101001100000000000000000111111111000000000000000000
000100001011010100000000000000000111111111000000000000000000
000000001111111000000000000000000111111111000000000000000000
000000000000000000000111100000000111111111000000000000000000
000000000000000000000111100000000111111111000000000000000000
000000000000000000000111100000000111111111000000000000000000
000000000000000000000111100000000111111111000000000000000000
000000000000000000000011100000000111111111000000000000000000
000000000000000011110000000000000111111111000000000000000000
000000000000000011111000100000000111111111000000000000000000
000000000000000011111000000000000111111111000000000000000000
000000000000000011111010000000000111111111000000000000000000
000010110000000000000000000001011111111111000000000000000000
000000000000000000000000000001011111111111000000000000000000
000010110000000000000000000000111111111111000000000000000000
000010110000000000000000000000101111111111000000000000000000
000010110000000000000000011000011111111111000000000000000000
000000000000000000000000000110000111111111000000000000000000
000010110000000000000000011101000111111111000000000000000000
000010110000000000000000011111000111111111000000000000000000
111111111111111111111111111111111000101011000000000000000000
111111111111111111111111111111111000010111000000000000000000
111111111111111111111111111111111000000001000000000000000000
111111111111111111111111111111111100001011000000000000010000
111111111111111111111111111111111010000111000000000000000000
111111111111111111111111111111111100100001000000000000000001
111111111111111111111111111111111010010001000000000000000000
111111111111111111111111111111111110110001000000000000000000
111111111111111111111111111111111111111110000000000000011000
000000000000000000000000000000000000000000000111110001100000
000000000000000000000000000000000000000000000011110001100000
000000000000000000000000000000000000000000000001000000000000
000000000000000000000000000000000000000000100000110001100000
000000000000000000000000000000000000000000110000000000000000
000000000000000000000000000000000000000000111000110001100000
000000000000000000000000000000000000000000110101000010100000
000000000000000000000000000000000000000000110101000001000000
000000000000000000000000000000000000000000000000000001000000
000000000000000000000000000000000000000000000000000000100000
000000000000000000000000000000000000000000000000100000000000
000000000000000000000000000000000000000000110101011000100000
000000000000000000000000000000000000000000110101100101000000
000000000000000000000000000000000000100001000000000000000001
000000000000000000000000000000000000000001000000000000000001
000000000000000000000000000000000000000000000000000000000001
000000000000000000000000000000000000000000000000000000000001
000000000000000000000000000000000000001000000000000000011110
