00011110001111111111111111111111110010110111111111
00001000000011111111111111111111110010110111111111
00000110000011111111111111111111110010110111111111
10001110000011111111111111111111110010110111111111
11010010000011111111111111111111110010110111111111
10110000000011111111111111111111110010110111111111
10111000001011111111111111111111110000000011111111
00000000011111111111000000000000000000000011111111
00000000000111111111111111111111110000000011111111
00000001000011111111000000000000000000000011111111
10000011000111111111000000000000000000000011111111
10000001101011111111111111111111110000000011111111
11111111111100011111111111111111110010110111111111
11111111111100001111111111111111110010110111111111
11111111111100001101111111111111110010110111111111
11111111111110000001111111111111110010110111111111
11111111111111100011111111111111110010110111111111
11111111111111100000111111111111110010110111111111
11111111111111001000111111111111110010110111111111
11111111111111111000111111111111110010110111111111
11111110100111111111001111111111110010110111111111
11111110100111111111000111111111110010110111111111
11111110100111111111100111100000000010110111111111
11111110100111111111111001100000000010110111111111
11111110100111111111111000011111110010110111111111
11111110100111111111111100111111110010110111111111
11111110100111111111111101011111110010110111111111
11111110100111111111110011100010110010110111111111
11111110100111111111110011100001110010110111111111
11111110100111111111110011100001010010110111111111
11111110100111111111110011110000000010110111111111
11111110100111111111110011101100010010110111111111
11111110100111111111110011111000010010110111111111
11111110100111111111110011111101100010110111111111
00000000000000000000000000000000000001101111111111
00000000000000000000000000000000000001011111111111
11111100000011111111111111111111110000001111111111
00000000000000000000000000000000001100110111111111
11111100000011111111111111111111111001011111111111
11111100000011111111111111111111110101101111111111
00000000000000000000000000000000001110110111111111
11111100000011111111111111111111111111111011111111
11111111111111111111111111111111111111111100000111
11111111111111111111111111111111111111111100001111
11111111111111111111111111111111111111111100001011
11111111111111111111111111111111111111111100000101
11111111111111111111111111111111111111111101100010
11111111111111111111111111111111111111111111010001
11111111111111111111111111111111111111111111101001
11111111111111111111111111111111111111111111110110
