011000000011000000000000000000000000011111111000000011111111
101100000011000000000000000000000000011111111000000011111111
110110000011000000000001001100000000011111111000000011111111
011011000011000000000000000000000000011111111000000011111111
001100000000000000000001001100000000011111111000000011111111
000100000000000000000000000000000000011111111000000011111111
000000000011000000000000000000000000011111111000000011111111
000000000001111110010000000000000000011111111000000011111111
000000000000111110010000000000000000011111111000000011111111
000000000000111110010000000000000000011111111000000011111111
111100100001111110010000000000000000011111111000000011111111
111100110010011110010000000000000000011111111000000011111111
000000011110011110010000000000000000011111111000000011111111
000000011111100010110000000000000000011111111000000011111111
000000011111100000110000000000000000011111111000000011111111
000000011111100000110000000000000000011111111000000011111111
000000011111110000110000000000000000011111111000000011111111
000000000000000000010000000000000000011111111000000011111111
000000000000011110000000000000000000011111111000000011111111
000000011111111111000000000000000000011111111000000011111111
000000000000000000000001001100000000011111111000000011111111
000000000000000000000000111100000000011111111000000011111111
000000000000000000000000110100000000011111111000000011111111
001010000000000000001000011000000000011111111000000011111111
000000000000000000000110000000000000011111111000000011111111
000000000000000000000111001100000000011111111000000011111111
001010000000000000001101010100000000011111111000000011111111
001010000000000000001110011000000000011111111000000011111111
000000000000000000000000000001110100011111111000000011111111
000000000000000000000000000010111000011111111000000011111111
000000000000000000000000000011011010011111111000000011111111
000000000000000000000000000011101010011111111000000011111111
000000000000000000000000000001110100011111111000000011111111
000000000000000000000000000010001001111111111000000011111111
000000000000000000000000000000110000011111111000000011111111
000000000000000000000000000000000100011111111000000011111111
000000000000000000000000000000000100011111111000000011111111
111111111111111111111111111111111111101100000000000011111111
111111111111111111111111111111111111110101110000000011111111
111111111111111111111111111111111111111011011000000011111111
111111111111111111111111111111111111100101000000000011111111
111111111111111111111111111111111111101110100000000011111111
111111111111111111111111111111111111101001010000000011111111
111111111111111111111111111111111111101100100000000011111111
111111111111111111111111111111111111100100000000000011111111
000000000000000000000000000000000000000000000000011111111111
000000000000000000000000000000000000000000000000010011111111
000000000000000000000000000000000000000000000000001111111111
000000000000000000000000000000000000000000000000001111111111
000000000000000000000000000000000000000000000110001111111111
000000000000000000000000000000000000000000000101110011111111
000000000000000000000000000000000000000000000101110011111111
111111111111111111111111111111111111111111111111111100001111
111111111111111111111111111111111111111111111111111100001110
111111111111111111111111111111111111111111111111111100001100
111111111111111111111111111111111111111111111111111100000011
111111111111111111111111111111111111111111111111111111100101
111111111111111111111111111111111111111111111111111111101000
111111111111111111111111111111111111111111111111111111010001
111111111111111111111111111111111111111111111111111110011010
