01100011111111111111111000000000000000011111111111111111000000000000000001110000
10111011111111111111111000000000000000011111111111111111000000000000000001110000
11011011111111111111111000000000000000011111111111111111000000000000000001110000
01100011111111111111111000000000000000011111111111111111000000000000000001110000
01100111111111111111111000000000000000011111111111111111000000000000000001110000
00001000000011111100110000000000000000000000000000000000000000000000000001110000
11111001110011111101111000000000000000000000000000000000000000000000000001110000
11111010100111111111110000000000000000000000000000000000000000000000000001110000
11111011001011111111111000000000000000000000000000000000000000000000000001110000
11111010001011111111110000000000000000011111111111111111000000000000000001110000
11111000110011111101111000000000000000011111111111111111000000000000000001110000
11111001000011111111111000000000000000000000000000000000000000000000000001110000
11111111111101000001111000000000000000011111111111111111000000000000000001110000
11111111111110111001111000000000000000011111111111111111000000000000000001110000
11111111111101000001111000000000000000011111111111111111000000000000000001110000
11111111111101000001111000000000000000011111111111111111000000000000000001110000
11111111111101000011111000000000000000011111111111111111000000000000000001110000
11111111111100000001111000000000000000011111111111111111000000000000000001110000
11111001110100001001111000000000000000000000000000000000000000000000000001110000
11111011111111111110101000000000000000011111111111111111000000000000000001110000
11111111111111111111001000000000000000011111111111111111000000000000000001110000
11111111111111111110000000000000000000011111111111111111000000000000000001110000
11111010101111111111100000000000000000011111111111111111000000000000000001110000
00000000000000000000000010000011111111100000000000000000000000000000000001110000
00000000000000000000000101100011111111100000000000000000000000000000000001110000
00000000000000000000000010100000000000000000000000000000000000000000000001110000
00000000000000000000000011000000000000000000000000000000111111111000000001110000
00000000000000000000000000000000000000000000000000000000000000000000000001110000
00000000000000000000000000000000000000000000000000000000000000000000000001110000
00000000000000000000000000000000000000000000000000000000000000000000000001110000
00000000000000000000000110000001100101100000000000000000000000000000000001110000
00000000000000000000000110000010110000000000000000000000000000000000000001110000
00000000000000000000000110000011011001100000000000000000000000000000000001110000
00000000000000000000000110000001101110000000000000000000000000000000000001110000
00000000000000000000000110000000110110000000000000000000000000000000000001110000
00000000000000000000000110000010011000000000000000000000000000000000000001110000
00000000000000000000000110000000011000000000000000000000000000000000000001110000
00000000000000000000000110000010100000000000000000000000000000000000000001110000
00000000000000000000000110000010100000000000000000000000000000000000000001110000
11111000011011111101111000000000000000001110100000000000000000000000000001110000
11111000011011111101111000000000000000010111000000000000000000000000000001110000
11111000011011111101111000000000000000011011000111111111000000000000000001110000
11111000011011111101111000000000000000011101010000000000000000000000000001110000
11111000011011111101111000000000000000001110100000000000000000000000000001110000
11111000011011111101111000000000000000010001010000000000000000000000000001110000
11111000011011111101111000000000000000000010101000000000000000000000000001110000
11111000011011111101111000000000000000000000010000000000000000000000000001110000
11111000011011111101111000000000000000000100000011010000000000000000000001110000
11111000011011111101111000000000000000000100000101101000000000000000000001110000
11111000011011111101111000000000000000000100000110110010000000000000000001110000
11111000011011111101111000000000000000000100000011011101000000000000000001110000
11111000011011111101111000000000000000000100000101101000000000000000000001110000
11111000011011111101111000000000000000000100000010110000000000000000000001110000
11111000011011111101111000000000000000000100000000100010000000000000000001110000
11111000011011111101111000000000000000000100000001000100000000000000000001110000
11111000011011111101111000000000000000000100000000100000000000000000000001110000
00000000000000000000000000100000000000000000000000000000011110000000000001110000
00000000000000000000000000100000000000000000000000000000101110101000000001110000
00000000000000000000000000100000000000000000000000000000110111000000000001110000
00000000000000000000000000100000000000000000000000000000111011001000000001110000
00000000000000000000000000100000000000000000000000000000111101110000000001110000
00000000000000000000000000100000000000000000000000000000001110110000000001110000
00000000000000000000000000100000000000000000000000000000010011010000000001110000
00000000000000000000000000100000000000000000000000000000000011100000000001110000
00000000000000000000000000100000000000000000000000000000010100000000000001110000
00000000000000000000000000000000000000000000000000000000000000000011000001111111
00000000000000000000000000000000000000000000000000000000000000000101100001111111
00000000000000000000000000000000000000000000000000000000000000000110110001111111
00000000000000000000000000000000000000000000000000000000000000000011011101111111
00000000000000000000000000000000000000000000000000000000000000000001101101111111
00000000000000000000000000000000000000000000000000000000000000000000110101110000
00000000000000000000000000000000000000000000000000000000000000000000111011110000
00000000000000000000000000000000000000000000000000000000000000000000000101110000
11111111111111111111111111111111111111111111111111111111111111111111111110110000
11111111111111111111111111111111111111111111111111111111111111111111111111011001
11111111111111111111111111111111111111111111111111111111111111111111111111101110
00000000000000000000000000000000000000000000000000000000000000000111110000110000
00000000000000000000000000000000000000000000000000000000000000000111110000010000
00000000000000000000000000000000000000000000000000000000000000000111110000010000
00000000000000000000000000000000000000000000000000000000000000000111110000100000
