01110101111111111111111111111111111100000011111111
10111001111111111111111010110111111100000011111111
11011101111111111111111010110111111100000011111111
11101101111111111111111010110111111100000011111111
01110111111111111111111111111111111100000011111111
10111011111111111111111010110111111100000011111111
00001101111111111111111010110111111100000011111111
11111110111010001111111111111111111111001111111111
11111111011011001111111111111111111101001111111111
11111111101100001111111111111111111100000011111111
11111111110101111111111111111111111100000011111111
11111110011010001111111111111111111100000011111111
11111111100101111111111111111111111100000011111111
11111110101010001111111111111111111100000011111111
11111110001010001111111111111111111100000011111111
11111110001010001111111111111111111100000011111111
11111111111111110110010111111111111100000011111111
11111111111111111011100111111111111100000011111111
11111111111111111101101111111111111100000011111111
11111111111111110110010111111111111100000011111111
11111111111111110110011111111111111100000011111111
11111111111111111001100111111111111100000011111111
11111111111111110010100111111111111100000011111111
10001001111111111111111011000111111100000011111111
11111111111111111111111101000111111100000011111111
10001001111111111111111110000111111100000011111111
11111111111111111111111000000111111100000011111111
11111111111111111111111000001111111100000011111111
10001001111111111111111000010111111100000011111111
11111111111111111111111111111011000100000011111111
11111111111111111111111111111101100000000011111111
11111111111111111111111111111110111000010011111111
11111111111111111111111111111011000100000011111111
11111111111111111111111111111001001000000011111111
11111111111111111111111111111001010000000011111111
11111111111111111111111111111100100000000011111111
00000001000000000000000000000000000000011111111111
00000001100000000000000000000000000000000111111111
00000000000000000000000000000000000000001111111111
00000000000000000000000000000001000010001111111111
00000001100000000000000000000000000010110111111111
00000001100000000000000000000000000011111011111111
11111111111111111111111111111111111111111100011111
11111111111111111111111111111111111111111100001110
11111111111111111111111111111111111111111100000000
11111111111111111111111111111111111111111110000001
11111111111111111111111111111111111111111111000011
11111111111111111111111111111111111111111111000001
11111111111111111111111111111111111111111111001001
11111111111111111111111111111111111111111110011110
