00001111100000000000111111110000000000000000111000111000000001111111111111111111100000000000011111111111111111111111111111110000000001111111111111111111111111111111111111000000000111000000000111111111
00000111100000000000111111110000000000000000001000111000000001111111111111111111100000000000011111111111111111111111111111110000000001111111111111111111111111111111111111000000000110000000000111111111
00000111000000000000111111110000000000000000001000111000000001111111111111111111100000000000011111111111111111111111111111110000000001111111111111111111111111111111111111000000000111000000000111111111
00000101100000000000111111110000000000000000001000111000000001111111111111111111100000000000011111111111111111111111111111110000000001111111111111111111111111111111111111000000000111000000000111111111
10000010100000000000111111110000000000000000001000111000000001111111111111111111100000000000011111111111111111111111111111110000000001111111111111111111111111111111111111000000000111000000000111111111
11110000100000000000111111110000000000000000001000111000000001111111111111111111100000000000011111111111111111111111111111110000000001111111111111111111111111111111111111000000000111000000000111111111
11101000100000000000111111110000000000000000001000111000000001111111111111111111100000000000011111111111111111111111111111110000000001111111111111111111111111111111111111000000000111000000000111111111
11110000100000000000111111110000000000000000001000111000000001111111111111111111100000000000011111111111111111111111111111110000000001111111111111111111111111111111111111000000000111000000000111111111
11011111000000000000111111110000000000000000001000111000000001111111111111111111100000000000011111111111111111111111111111110000000001111111111111111111111111111111111111000000000111000000000111111111
00000000000011000000111111110000000000000000001000111000000001111111111111111111111100000000011111111111111111111111111111110000000001111111111111111111111111111111111111000000000111111111111111111111
00000000000010000000111111110000000000000000001000111000000001111111111111111111111100000000011111111111111111111111111111110000000001111111111111111111111111111111111111000000000111000000000111111111
00000000000001000000111111110000000000000000001000111000000001111111111111111111100000000000011111111111111111111111111111110000000001111111111111111111111111111111111111000000000111000000000111111111
00000000011001000000111111110000000000000000001000111000000001111111111111111111111100000000011111111111111111111111111111110000000001111111111111111111111111111111111111000000000111000000000111111111
00000000010110000000111111110000000000000000001111111100000001111111111111111111100000000000011111111111111111111111111111110000000001111111111111111111111111111111111111000000000111000000000111111111
00000000000000010000111111110000000000000000001000111011111111111111111111111111100000000000011111111111111111111111111111111111111111111111111111111111111111111111111111000000000111000000000111111111
00000000000000101000111111111111111110000000001000111011111111111111111111111111100000000000011111111111111111111111111111111111111111111111111111111111111111111111111111000000000111000000000111111111
00000000000000010000111111110000000000000000001000111011111111111111111111111111100000000000011111111111111111111111111111111111111111111111111111111111111111111111111111000000000111000000000111111111
00000000000000000011111111110000000000000000001000111011111111111111111111111111100000000000011111111111111111111111111111111111111111111111111111111111111111111111111111000000000111000000000111111111
00000000000000000101111111111111111110000000001000111000000001111111111111111111100000000000011111111111111111111111111111111111111111111111111111111111111111111111111111000000000111000000000111111111
00000000000000000110111111110000000000000000001000111000000001111111111111111111100000000000011111111111111111111111111111111111111111111111111111111111111111111111111111000000000111000000000111111111
11111111111111111111011101001111111110000000011111111111111111111111111111111111111100000000011111111111111100000000111111111111111111111111111111111111111111111111111111000000000111111111111111111111
11111111111111111111101110001111111110000000001111111111111111111111111111111111111100000000011111111111111100000000111111111111111111111111111111111111111111111111111111000000000111111111111111111111
11111111111111111111110111001111111110000100101111111111111111111111111111111111111100000000011111111111111100000000111111111111111111111111111111111111111111111111111111000000000111111111111111111111
11111111111111111111111011111111111110011000111111111111111111111111111111111111111111111111111111111111111111111111111111111111111111111111111111111111111111111111111111000000000111111111111111111111
11111111111111111111011101101111111110000000001111111111111111111111111111111111111100000000011111111111111100000000111111111111111111111111111111111111111111111111111111000000000111111111111111111111
11111111111111111111101110111111111110000000001111111111111111111111111111111111111100000000011111111111111100000000111111111111111111111111111111111111111111111111111111000000000111111111111111111111
11111111111111111111000111011111111110000000001111111111111111111111111111111111111100000000011111111111111100000000111111111111111111111111111111111111111111111111111111000000000111111111111111111111
11111111111111111111000101101111111110000000001111111111111111111111111111111111111100000000011111111111111111111111111111111111111111111111111111111111111111111111111111000000000111111111111111111111
00000000000000010010111111110110000000000000001000111011111111111111111111111111100000000000011111111111111111111111111111111111111111111111111111111111111111111111111111000000000111000000000111111111
00000000000000010010111111111011011000000000001000111011111111111111111111111111100000000000011111111111111111111111111111111111111111111111111111111111111111111111111111000000000111000000000111111111
00000000000000010010111111111101100000000000001000111011111111111111111111111111100000000000011111111111111111111111111111111111111111111111111111111111111111111111111111000000000111000000000111111111
00000000000000010010111111110110000000000000001000111011111111111111111111111111100000000000011111111111111111111111111111111111111111111111111111111111111111111111111111000000000111000000000111111111
00000000000000010010111111110010010110000000001000111011111111111111111111111111100000000000011111111111111111111111111111111111111111111111111111111111111111111111111111000000000111000000000111111111
00000000000000010010111111110100101000000000001000111011111111111111111111111111100000000000011111111111111111111111111111111111111111111111111111111111111111111111111111000000000111000000000111111111
00000000000000010010111111110100010000000000001000111011111111111111111111111111100000000000011111111111111111111111111111111111111111111111111111111111111111111111111111000000000111000000000111111111
00000000000000010010111111110000100000000000001000111011111111111111111111111111100000000000011111111111111111111111111111111111111111111111111111111111111111111111111111000000000111000000000111111111
00000000000000010010111111110000100001010000001000111011111111111111111111111111100000000000011111111111111111111111111111111111111111111111111111111111111111111111111111000000000111000000000111111111
00000000000000000000000000000000000010011000001000111000000001111111111111111111100000000000011111111111111100000000111111110000000001111111111111111111111111111111111111000000000111000000000111111111
00000000000000000000000000000000000000001000001000111000000001111111111111111111100000000000011111111111111100000000111111110000000001111111111111111111111111111111111111000000000011000000000111111111
00000000000000000000000100000000000011000000001000111000000001111111111111111111100000000000011111111111111100000000111111111111111111111111111111111111111111111111111111000000000111000000000111111111
00000000000000000000000100000000000001100000001000111000000001111111111111111111100011111111111111111111111100000000111111111111111111111111111111111111111111111111111111000000000111000000000111111111
00000000000000000000001000000000000000000001111000111000000001111111111111111111100000000000011111111111111100000000111111110000000001111111111111111111111111111111111111000000000110000000000111111111
00000000000000000000000000000000000000000001111000111000000001111111111111111111100000000000011111111111111100000000111111110000000001111111111111111111111111111111111111000000000111000000000111111111
00000000000000000000000000000000000000000110111000111000000001111111111111111111100000000000011111111111111100000000111111110000000001111111111111111111111111111111111111000000000111000000000111111111
10000000000000000000001100000000000000000111011000111000000001111111111111111111100000000000011111111111111100000000111111110000000001111111111111111111111111111111111111000000000111000000000111111111
10000000000000000000100100000000000000000111101000111000000001111111111111111111100000000000011111111111111100000000111111110000000001111111111111111111111111111111111111000000000111000000000111111111
11111111111111111111111111111111111111111111110111000111111111111111111111111111111111111111111111111111111111111111111111111111111111111111111111111111111111111111111111000000000111111111111111111111
00000000000001000000111111110000000000000000001011101100000001111111111111111111111100000000011111111111111111111111111111110000000001111111111111111111111111111111111111000000000111111111111111111111
00000000000001000000111111110000000000000000001101110000000001111111111111111111111100000000011111111111111111111111111111110000000001111111111111111111111111111111111111000000000111111111111111111111
00000000000001000000111111110000000000000000001110110100000001111111111111111111111100000000011111111111111111111111111111110000000001111111111111111111111111111111111111000000000111111111111111111111
11111111111111111111111111111111111111111111110111001111111111111111111111111111111111111111111111111111111111111111111111111111111111111111111111111111111111111111111111000000000111111111111111111111
11111111111111111111111111111111111111111111110011001011111111111111111111111111111111111111111111111111111111111111111111111111111111111111111111111111111111111111111111000000000111111111111111111111
11111111111111111111111111111111111111111111110100110011111111111111111111111111111111111111111111111111111111111111111111111111111111111111111111111111111111111111111111000000000111111111111111111111
00000000000001000000111111110000000000000000001101100000000001111111111111111111111100000000011111111111111111111111111111110000000001111111111111111111111111111111111111000000000111111111111111111111
00000000000000111100111111111111111110000000001000111001110001111111111111111111100000000000011111111111111111111111111111111111111111111111111111111111111111111111111111000000000111000000000111111111
00000000000000111100111111111111111110000000001000111010100001111111111111111111100000000000011111111111111111111111111111111111111111111111111111111111111111111111111111000000000111000000000111111111
00000000000000111100111111111111111110000000001000111011000001111111111111111111100000000000011111111111111111111111111111111111111111111111111111111111111111111111111111000000000111000000000111111111
00000000000000111100111111111111111110000000001000111010001001111111111111111111100000000000011111111111111111111111111111111111111111111111111111111111111111111111111111000000000111000000000111111111
00000000000000111100111111111111111110000000001000111000010101111111111111111111100000000000011111111111111111111111111111111111111111111111111111111111111111111111111111000000000111000000000111111111
00000000000000111100111111111111111110000000001000111000001001111111111111111111100000000000011111111111111111111111111111111111111111111111111111111111111111111111111111000000000111000000000111111111
00000000000000111100111111111111111110000000001000111000000001111111111111111111100000000000011111111111111111111111111111111111111111111111111111111111111111111111111111000000000111000000000111111111
11111111111111111111111111111111111111111111111111111111111110111101011111111111111111111111111111111111111111111111111111111111111111111111111111111111111111111111111111000000000111111111111111111111
11111111111111111111111111111111111111111111111111111111111111011101011111111111111111111111111111111111111111111111111111111111111111111111111111111111111111111111111111000000000111111111111111111111
11111111111111111111111111111111111111111111111111111111111111101110011111111111111111111111111111111111111111111111111111111111111111111111111111111111111111111111111111000000000111111111111111111111
11111111111111111111111111111111111111111111111111111111111111110110011111111111111111111111111111111111111111111111111111111111111111111111111111111111111111111111111111000000000111111111111111111111
11111111111111111111111111111111111111111111111111111111111111111011011111111111111111111111111111111111111111111111111111111111111111111111111111111111111111111111111111000000000111111111111111111111
11111111111111111111111111111111111111111111111111111111111110011101011111111111111111111111111111111111111111111111111111111111111111111111111111111111111111111111111111000000000111111111111111111111
11111111111111111111111111111111111111111111111111111111111111100110011111111111111111111111111111111111111111111111111111111111111111111111111111111111111111111111111111000000000111111111111111111111
11111111111111111111111111111111111111111111111111111111111110000000011111111111111111111111111111111111111111111111111111111111111111111111111111111111111111111111111111000000000111111111111111111111
11111111111111111111111111111111111111111111111111111111111111111111101001110111111111111111111111111111111111111111111111111111111111111111111111111111111111111111111111000000000111111111111111111111
11111111111111111111111111111111111111111111111111111111111111111111110010000111111111111111111111111111111111111111111111111111111111111111111111111111111111111111111111000000000111111111111111111111
11111111111111111111111111111111111111111111111111111111111111111111100011000111111111111111111111111111111111111111111111111111111111111111111111111111111111111111111111000000000111111111111111111111
11111111111111111111111111111111111111111111111111111111111111111111101101000111111111111111111111111111111111111111111111111111111111111111111111000000001001111011111111000000000111111111111111111111
11111111111111111111111111111111111111111111111111111111111111111111110110110111111111111111111111111111111111111111111111111111111111111111111111000000001001111011111111000000000111111111111111111111
11111111111111111111111111111111111111111111111111111111111111111111110001001111111111111111111111111111111111111111111111111111111111111111111111000000001001111011111111000000000111111111111111111111
11111111111111111111111111111111111111111111111111111111111111111111110001001111111111111111111111111111111111111111111111111111111111111111111111000000001001111011111111000000000111111111111111111111
11111111111111111111111111111111111111111111111111111111111111111111100000110111111111111111111111111111111111111111111111111111111111111111111111000000001001111011111111000000000111111111111111111111
11111111111111111111111111111111111111111111111111111111111111111111111111111011000011111111111111111111111111111111111111111111111111111111111111111111111111111111111111000000000111111111111111111111
11111111111111111111111111111111111111111111111111111111111111111111111111111101110011111111111111111111111111111111111111111111111111111111111111111111111111111111111111000000000111111111111111111111
11111111111111111111111111111111111111111111111111111111111111111111111111111110110011111111111111111111111111111111111111111111111111111111111111111111111111111111111111000000000111111111111111111111
11111111111111111111111111111111111111111111111111111111111111111111111111111011011011111111111111111111111111111111111111111111111111111111111111111111111111111111111111000000000111111111111111111111
00000000011010000000111111110000000000000000001111111100000001111111111111111011100100000000011111111111111111111111111111110000000001111111111111111111111111111111111111000000000111000000000111111111
00000000011010000000111111110000000000000000001111111100000001111111111111111000100000000000011111111111111111111111111111110000000001111111111111111111111111111111111111000000000111000000000111111111
00000000011010000000111111110000000000000000001111111100000001111111111111111000010000000000011111111111111111111111111111110000000001111111111111111111111111111111111111000000000111000000000111111111
00000000000000000000000100000000000000001000001000111000000001111111111111111111100001110100011111111111111100000000111111111111111111111111111111111111111111111111111111000000000111000000000111111111
00000000000000000000000100000000000000001000001000111000000001111111111111111111100010111000011111111111111100000000111111111111111111111111111111111111111111111111111111000000000111000000000111111111
00000000000000000000000100000000000000001000001000111000000001111111111111111111100011011000011111111111111100000000111111111111111111111111111111111111111111111111111111000000000111000000000111111111
00000000000000000000000100000000000000001000001000111000000001111111111111111111100011101111111111111111111100000000111111111111111111111111111111111111111111111111111111000000000111000000000111111111
00000000000000000000000100000000000000001000001000111000000001111111111111111111100001110100011111111111111100000000111111111111111111111111111111111111111111111111111111000000000111000000000111111111
00000000000000000000000100000000000000001000001000111000000001111111111111111111100010011010011111111111111100000000111111111111111111111111111111111111111111111111111111000000000111000000000111111111
00000000000000000000000100000000000000001000001000111000000001111111111111111111100000010101011111111111111100000000111111111111111111101011111111111111111111111111111111000000000111000000000111111111
00000000000000000000000100000000000000001000001000111000000001111111111111111111100000010010011111111111111100000000111111111111111111111111111111111111111111111111111111000000000111000000000111111111
00000000000000000000000100000000000000001000001000111000000001111111111111111111100000010000011111111111111100000000111111111111111111111111111111111111111111111111111111000000000111000000000111111111
11111111111111111111111111111111111111111111111111111111111111111111111111111111111111111111101101000000000011111111011000001111111111111111111111111111111111111111111111000000000111111111111111111111
11111111111111111111111111111111111111111111111111111111111111111111111111111111111111111111110100000000000011111111011000001111111111111111111111111111111111111111111111000000000111111111111111111111
11111111111111111111111111111111111111111111111111111111111111111111111111111111111111111111111010110000000011111111011000001111111111111111111111111111111111111111111111000000000111111111111111111111
11111111111111111111111111111111111111111111111111111111111111111111111111111111111111111111100101001111111111111111111111111111111111111111111111111111111111111111111111000000000111111111111111111111
11111111111111111111111111111111111111111111111111111111111111111111111111111111111111111111110010001111111111111111111111111111111111111111111111111111111111111111111111000000000111111111111111111111
11111111111111111111111111111111111111111111111111111111111111111111111111111111111111111111100100000000000011111111011000001111111111111111111111111111111111111111111111000000000111111111111111111111
11111111111111111111111111111111111111111111111111111111111111111111111111111111111111111111100100000000000011111111011000001111111111111111111111111111111111111111111111000000000111111111111111111111
11111111111111111111111111111111111111111111111111111111111111111111111111111111111111111111100011000111001111111111111111111111111111111111111111111111111111111111111111000000000111111111111111111111
11111111111111111111111111111111111111111111111111111111111111111111111111111111111111111111100011001011100011111111111111111111111111111111111111111111111111111111111111000000000111111111111111111111
11111111111111111111111111111111111111111111111111111111111111111111111111111111111111111111100011001101110011111111111111111111111111111111111111111111111111111111111111000000000111111111111111111111
11111111111111111111111111111111111111111111111111111111111111111111111111111111111111111111100011001110110011111111111111111111111111111111111111111111111111111111111111000000000111111111111111111111
11111111111111111111111111111111111111111111111111111111111111111111111111111111111111111111100011000111011111111111111111111111111111111111111111111111111111111111111111000000000111111111111111111111
11111111111111111111111111111111111111111111111111111111111111111111111111111111111111111111100011000011101111111111011000001111111111111111111111111111111111111111111111000000000111111111111111111111
11111111111111111111111111111111111111111111111111111111111111111111111111111111111111111111100011001000110111111111011000001111111111111111111111111111111111111111111111000000000111111111111111111111
11111111111111111111111111111111111111111111111111111111111111111111111111111111111111111111100011001000111011111111011000001111111111111111111111111111111111111111111111000000000111111111111111111111
11111111111111111111000100011111111110000000001111111111111111111111111111111111111100000000011111111111111101001000111111111111111111111111111111111111111111111111111111000000000111111111111111111111
11111111111111111111000100011111111110000000001111111111111111111111111111111111111100000000011111111111111110110000111111111111111111111111111111111111111111111111111111000000000111111111111111111111
11111111111111111111000100011111111110000000001111111111111111111111111111111111111100000000011111111111111101011011111111111111111111111111111111111111111111111111111111000000000111111111111111111111
11111111111111111111000100011111111110000000001111111111111111111111111111111111111100000000011111111111111101101100111111111111111111111111111111111111111111111111111111000000000111111111111111111111
11111111111111111111000100011111111110000000001111111111111111111111111111111111111100000000011111111111111110110111111111111111111111111111111111111111111111111111111111000000000111111111111111111111
11111111111111111111000100011111111110000000001111111111111111111111111111111111111100000000011111111111111100011010111111111111111111111111111111111111111111111111111111000000000111111111111111111111
11111111111111111111000100011111111110000000001111111111111111111111111111111111111100000000011111111111111100101100111111111111111111111111111111111111111111111111111111000000000111111111111111111111
11111111111111111111000100011111111110000000001111111111111111111111111111111111111100000000011111111111111100101000111111111111111111111111111111111111111111111111111111000000000111111111111111111111
11111111111111111111111111111111111111111111111111111111111111111111111111111111111111111111100011001111100011111111011100101111111111111111111111111111111111111111111111000000000111111111111111111111
11111111111111111111111111111111111111111111111111111111111111111111111111111111111111111111111111111111111111111111101111011111111111111111111111111111111111111111111111000000000111111111111111111111
11111111111111111111111111111111111111111111111111111111111111111111111111111111111111111111111111111111111111111111110111011111111111111111111111111111111111111111111111000000000111111111111111111111
11111111111111111111111111111111111111111111111111111111111111111111111111111111111111111111100011001111100011111111111011111111111111111111111111111111111111111111111111000000000111111111111111111111
11111111111111111111111111111111111111111111111111111111111111111111111111111111111111111111100011001111100011111111011100101111111111111111111111111111111111111111111111000000000111111111111111111111
11111111111111111111111111111111111111111111111111111111111111111111111111111111111111111111100011001111100011111111011100101111111111111111111111111111111111111111111111000000000111111111111111111111
11111111111111111111111111111111111111111111111111111111111111111111111111111111111111111111100011001111100011111111100111011111111111111111111111111111111111111111111111000000000111111111111111111111
11111111111111111111111111111111111111111111111111111111111111111111111111111111111111111111100011001111100011111111011100101111111111111111111111111111111111111111111111000000000111111111111111111111
00000000000000111111111111111111111110011000001000111011111111111111111111111111100011111111111111111111111111111111111111110110000011111111111111111111111111111111111111000000000111000000000111111111
00000000000000111111111111111111111110011000001000111011111111111111111111111111100011111111111111111111111111111111111111111011000001111111111111111111111111111111111111000000000111000000000111111111
00000000000000111111111111111111111110011000001000111011111111111111111111111111100011111111111111111111111111111111111111111101000001111111111111111111111111111111111111000000000111000000000111111111
00000000000000111111111111111111111110011000001000111011111111111111111111111111100011111111111111111111111111111111111111110110110001111111111111111111111111111111111111000000000111000000000111111111
00000000000000111111111111111111111110011000001000111011111111111111111111111111100011111111111111111111111111111111111111110001001001111111111111111111111111111111111111000000000111000000000111111111
00000000000000111111111111111111111110011000001000111011111111111111111111111111100011111111111111111111111111111111111111110001001101111111111111111111111111111111111111000000000111000000000111111111
00000000000000111111111111111111111110011000001000111011111111111111111111111111100011111111111111111111111111111111111111110000110001111111111111111111111111111111111111000000000111000000000111111111
00000000000000111111111111111111111110011000001000111011111111111111111111111111100011111111111111111111111111111111111111110000010001111111111111111111111111111111111111000000000111000000000111111111
00000000000000111111111111111111111110011000001000111011111111111111111111111111100011111111111111111111111111111111111111111000000001111111111111111111111111111111111111000000000111000000000111111111
11111111111111111111111111111111111111111111111111111111111111111111111111111111111111111111111111111111111111111111111111111111111110110011111111111111111111111111111111000000000111111111111111111111
11111111111111111111111111111111111111111111111111111111111111111111111111111111111111111111111111111111111111111111111111111111111111010111111111111111111111111111111111000000000111111111111111111111
11111111111111111111111111111111111111111111111111111111111111111111111111111111111111111101111111111111111111111111111111111111111111101011111111111111111111111111111111000000000111111111111111111111
11111111111111111111111111111111111111111111111111111111111111111111111111111111111111111111111111111111111111111111111111111111111110010011111111111111111111111111111111000000000111111111111111111111
11111111111111111111111111111111111111111111111111111111111111111111111111111111111111111101111111111111111111111111111111111111111110100011111111111111111111111111111111000000000111111111111111111111
11111111111111111111111111111111111111111111111111111111111111111111111111111111111111111111111111111111111111111111111111111111111111111101100100111111111111111111111111000000000111111111111111111111
11111111111111111111111111111111111111111111111111111111111111111111111111111111111111111111111111111111111111111111111111111111111111111110110100111111111111111111111111000000000111111111111111111111
11111111111111111111111111111111111111111111111111111111111111111111111111111111111111111111111111111111111111111111111111111111111111111111011011111111111111111111111111000000000111111111111111111111
11111111111111111111111111111111111111111111111111111111111111111111111111111111111111111111111111111111111111111111111111111111111111111101101100111111111111111111111111000000000111111111111111111111
11111111111111111111111111111111111111111111111111111111111111111111111111111111111111111111111111111111111111111111111111111111111111111100110100111111111111111111111111000000000111111111111111111111
11111111111111111111111111111111111111111111111111111111111111111111111111111111111111111111111111111111111111111111111111111111111111111111011011111111111111111100000000000000000111111111111111111111
11111111111111111111111111111111111111111111111111111111111111111111111111111111111111111111111111111111111111111111111111111111111111111100100101111111111111111100000000000000000111111111111111111111
11111111111111111111111111111111111111111111111111111111111111111111111111111111111111111111111111111111111111111111111111111111111111111100100110111111111111111100000000000000000111111111111111111111
11111111111111111111111111111111111111111111111111111111111111111111111100000111111111111111111111111111111111111111111111111111111111111111111111010010001111111111111111000000000111111111111111111111
11111111111111111111111111111111111111111111111111111111111111111111111100000111111111111111111111111111111111111111111111111111111111111111111111101000001111111111111111000000000111111111111111111111
11111111111111111111111111111111111111111111111111111111111111111111111100000111111111111111111111111111111111111111111111111111111111111111111111010110001111111111111111000000000111111111111111111111
11111111111111111111111111111111111111111111111111111111111111111111111100000111111111111111111111111111111111111111111111111111111111111111111111001011101111111111111111000000000111111111111111111111
11111111111111111111111111111111111111111111111111111111111111111111111100000111111111111111111111111111111111111111111111111111111111111111111111101101011001111011111111000000000111111111111111111111
11111111111111111111111111111111111111111111111111111111111111111111111100000111111111111111111111111111111111111111111111111111111111111111111111000110101001111011111111000000000111111111111111111111
11111111111111111111111111111111111111111111111111111111111111111111111100000111111111111111111111111111111111111111111111111111111111111111111111000101011001111011111111000000000111111111111111111111
11111111111111111111111111111111111111111111111111111111111111111111111100000111111111111111111111111111111111111111111111111111111111111111111111000010101001111011111111000000000111111111111111111111
11111111111111111111111111111111111111111111111111111111111111111111111111111111111111111111111111111111111111111111111111111111111111111111111111111111110111000011111111000000000111111111111111111111
11111111111111111111111111111111111111111111111111111111111111111111111100000111111111111111111111111111111111111111111111111111111111111111111111111100001011100011111111000000000111111111111111111111
11111111111111111111111111111111111111111111111111111111111111111111111100000111111111111111111111111111111111111111111111111111111111111111111111111100001101110011111111000000000111111111111111111111
11111111111111111111111111111111111111111111111111111111111111111111111111111111111111111111111111111111111111111111111111111111111111111111111111111111111110111111111111000000000111111111111111111111
11111111111111111111111111111111111111111111111111111111111111111111111111111111111111111111111111111111111111111111111111111111111111111111111111111111110111010011111111000000000111111111111111111111
11111111111111111111111111111111111111111111111111111111111111111111111111111111111111111111111111111111111111111111111111111111111111111111111111111111110011101111111111000000000111111111111111111111
11111111111111111111111111111111111111111111111111111111111111111111111111111111111111111111111111111111111111111111111111111111111111111111111111111111110001010011111111000000000111111111111111111111
11111111111111111111111111111111111111111111111111111111111111111111111100000111111111111111111111111111111111111111111111111111111111111111111111111100000001010011111111000000000111111111111111111111
11111111111111111111111111111111111111111111111111111111111111111111111111111111111111111111111111111111111111111111111111111111111111111111111000111111111111111101100100000000000111111111111111111111
11111111111111111111111111111111111111111111111111111111111111111111111111111111111111111111111111111111111111111111111111111111111111111111111000111111111111111110111000000000000111111111111111111111
11111111111111111111111111111111111111111111111111111111111111111111111111111111111111111111111111111111111111111111111111111111111111111111111000111111111111111111011010000000000111111111111111111111
11111111111111111111111111111111111111111111111111111111111111111111111111111111111111111111111111111111111111111111111111111111111111111111111000111111111111111101100100000000000111111111111111111111
11111111111111111111111111111111111111111111111111111111111111111111111111111111111111111111111111111111111111111111111111111111111111111111111000111111111111111101100101000000000111111111111111111111
11111111111111111111111111111111111111111111111111111111111111111111111111111111111111111111111111111111111111111111111111111111111111111111111000111111111111111110011010000000000111111111111111111111
11111111111111111111111111111111111111111111111111111111111111111111111111111111111111111111111111111111111111111111111111111111111111111111111000111111111111111100100100000000000111111111111111111111
11111111111111111111111111111111111111111111111111111111111111111111111111111111111111111111111111111111111111111111111111111111111111111111111000111111111111111100001000000000000111111111111111111111
00000000000000000000000000000000000000000000000000000000000000000000000000000000000000000000000000000000000000000000000000000000000000000000000000000000000000000000000000011011000110000000000111111111
00000000000000000000000000000000000000000000000000000000000000000000000000000000000000000000000000000000000000000000000000000000000000000000000000000000000000000000000000101101010111000000000111111111
00000000000000000000000000000000000000000000000000000000000000000000000000000000000000000000000000000000000000000000000000000000000000000000000000000000000000000000000000110110100111000000000111111111
00000000000000000000000000000000000000000000000000000000000000000000000000000000000000000000000000000000000000000000000000000000000000000000000000000000000000000000000000011011011111000000000111111111
00000000000000000000000000000000000000000000000000000000000000000000000000000000000000000000000000000000000000000000000000000000000000000000000000000000000000000000000000101101111111000000000111111111
00000000000000000000000000000000000000000000000000000000000000000000000000000000000000000000000000000000000000000000000000000000000000000000000000000000000000000000000000110110100111000000000111111111
00000000000000000000000000000000000000000000000000000000000000000000000000000000000000000000000000000000000000000000000000000000000000000000000000000000000000000000000000001011001111000000000111111111
00000000000000000000000000000000000000000000000000000000000000000000000000000000000000000000000000000000000000000000000000000000000000000000000000000000000000000000000000010110000111000000000111111111
00000000000000000000000000000000000000000000000000000000000000000000000000000000000000000000000000000000000000000000000000000000000000000000000000000000000000000000000000000110100111000000000111111111
11111111111111111111111111111111111111011111111111111111111111111111111111111111111111111111111111111111111111111111111111111111111111111111111111111111111111111111111111111111111000111111111111111111
11111111111111111111111111111111111111111111111111111111111111111111111111111111111111111111111111111111111111111111111111111111111111111111111111111111111111111111111111111111111000111111111111111111
10111111111111111111111111111111111111111011111111111111111111111111111111111111111111111111111111111111111111111111111111111111111111111111111111111111111111111111111111011111111000111111111111111111
00000000010000000000111111110000000000000000001111111100000001111111111111111111100000000000011111111111111111111111111111110000000001111111111111111111111111111111111111000000000111011010100111111111
00000000010000000000111111110000000000000000001111111100000001111111111111111111100000000000011111111111111111111111111111110000000001111111111111111111111111111111111111000000000111101100000111111111
00000000010000000000111111110000000000000000001111111100000001111111111111111111100000000000011111111111111111111111111111110000000001111111111111111111111111111111111111000000000111110100000111111111
00000000010000000000111111110000000000000000001111111100000001111111111111111111100000000000011111111111111111111111111111110000000001111111111111111111111111111111111111000000000111011011000111111111
00000000010000000000111111110000000000000000001111111100000001111111111111111111100000000000011111111111111111111111111111110000000001111111111111111111111111111111111111000000000111100101011111111111
00000000010000000000111111110000000000000000001111111100000001111111111111111111100000000000011111111111111111111111111111110000000001111111111111111111111111111111111111000000000111000110000111111111
00000000010000000000111111110000000000000000001111111100000001111111111111111111100000000000011111111111111111111111111111110000000001111111111111111111111111111111111111000000000111100000011111111111
00000000010000000000111111110000000000000000001111111100000001111111111111111111100000000000011111111111111111111111111111110000000001111111111111111111111111111111111111000000000111000010100111111111
00000000010000000000111111110000000000000000001111111100000001111111111111111111100000000000011111111111111111111111111111110000000001111111111111111111111111111111111111000000000111000010100111111111
11111111111111111111111111111111111111111111111111111111111111111111111111111111111111111111111111111111111111111111111111111111111111111111111111111111111111111111111111111111111111111111111000010111
11111111111111111111111111111111111111111111111111111111111111111111111111111111111111111111111111111111111111111111111111111111111111111111111111111111111111111111111111111111111111111111111000010011
11111111111111111111111111111111111111111111111111111111111111111111111111111111111111111111111111111111111111111111111111111111111111111111111111111111111111111111111111111111111111111111111000001111
11111111111111111111111111111111111111111111111111111111111111111111111111111111111111111111111111111111111111111111111111111111111111111111111111111111111111111111111111111111111111111111111000001000
11111111111111111111111111111111111111111111111111111111111111111111111111111111111111111111111111111111111111111111111111111111111111111111111111111111111111111111111111111111111111111111111110000111
11111111111111111111111111111111111111111111111111111111111111111111111111111111111111111111111111111111111111111111111111111111111111111111111111111111111111111111111111111111111111111111111001100011
11111111111111111111111111111111111111111111111111111111111111111111111111111111111111111111111111111111111111111111111111111111111111111111111111111111111111111111111111111111111111111111111101010011
11111111111111111111111111111111111111111111111111111111111111111111111111111111111111111111111111111111111111111111111111111111111111111111111111111111111111111111111111111111111111111111111111011101
11111111111111111111111111111111111111111111111111111111111111111111111111111111111111111111111111111111111111111111111111111111111111111111111111111111111111111111111111111111111111111111111111011110
