000011000000000000110000000000000011111111100000000000000011111111111111111111111111111111100011111000000000111111111111111111100000000000000111111111
000010110000000011110000000000000011111111100000000000000011111111111111111111111111111111111111111000000000111111111111111111100000000000000111111111
000001110000000011110000000000000011111111100000001111111111111111111111111111111111111111111111111111111111111111111111111111100000000000000111111111
000001110000000011110000000000000011111111100000001111111111111111111111111111111111111111111111111111111111111111111111111111100000000000000111111111
110001100000000011110000000000000011111111100000000000000011111111111111111111111111111111111111111000000000111111111111111111100000000000000111111111
101110010000000011110000000000000011111111100000000000000011111111111111111111111111111111111111111000000000111111111111111111100000000000000111111111
011110000000000011110000000000000011111111100000000000000011111111111111111111111111111111111111111000000000111111111111111111100000000000000111111111
011101000000000011110000000000000011111111100000001111111111111111111111111111111111111111111111111111111111111111111111111111100000000000000111111111
000000000000101111111111111000000011111111100000000000000011111111111111111111111111111111111111111000000000111111111111111111100000000000000111111111
000000000000101111111111111000000011111111100000000000000000111111111111111111111111111111100011111000000000111111111111111111100000000000000111111111
000000000000011011111111111000000011111111100000000000000011111111111111111111111111111111111111111000000000111111111111111111100000000000000111111111
000000000000010111110000000000000011111111100000000000000011110111111111111111111111111111111111111000000000111111111111111111100000000000000111111111
000000001100000011111111111000000011111111100000000000000011111111111111111111111111111111111111111000000000111111111111111111100000000000000111111111
000000000011000111111111111000000011111111100000000000000011111111111111111111111111111111111111111000000000111111111111111111100000000000000111111111
000000001110000111110000000000000011111111100000000000000011111111111111111111111111111111111111111000000000111111111111111111100000000000000111111111
000000001101011011111111111000000011111111100000000000000011111111111111111111111111111111111111111000000000111111111111111111100000000000000111111111
011111111111111101111111111000000011111111100000001111111111111111111111111111111111111111111111111111111111111111111111111111100000000000000111111111
011111111111111110111111111000000011111111100000001111111111111111111111111111111111111111100011111111111111111111111111111111100000000000000111111111
111111111111111111011111111000000011111111100000001111111111111111111111111111111111111111100011111111111111111111111111111111100000000000000111111111
111111111111111111101111111000000011111111100000001111111111111111111111111111111111111111100011111111111111111111111111111111100000000000000111111111
000000001110110111110001011000000011111111100000000000000011111111111111111111111111111111111111111000000000111111111111111111100000000000000111111111
000000001110110111110000111000000011111111100000000000000011111111111111111111111111111111111111111000000000111111111111111111100000000000000111111111
000000001110110111110000111000000011111111100000000000000011111111111111111111111111111111111111111000000000111111111111111111100000000000000111111111
000000001110110111111000001000000011111111100000000000000011111111111111111111111111111111111111111000000000111111111111111111100000000000000111111111
000000001110110111110110000000000011111111100000000000000011111111111111111111111111111111111111111000000000111111111111111111100000000000000111111111
000000001110110111111110001000000011111111100000000000000011111111111111111111111111111111111111111000000000111111111111111111100000000000000111111111
000000001110110111111111010000000011111111100000000000000011111111111111111111111111111111111111111000000000111111111111111111100000000000000111111111
000000000000000000000000000000001111111111100000000000000011110111111111111111111111111111100011111000000000111111111111111111100000000000000111111111
000000000000000000000000000000001111111111100000110000000011111111111111111111111111111111100011111000000000111111111111111111100000111111111111111111
000000000000000000000000000000011111111111100000000000000011111111111111111111111111111111100011111000000000111111111111111111100000000000000111111111
000000000000000000000000000000000011111111100000000000000011110111111111111111111111111111100011111000000000111111111111111111100000000000000111111111
000000000000000000000000000001000111111111100000000000000011111111111111111111111111111111100011111000000000111111111111111111100000000000000111111111
000000000000000000000000000111000111111111100000000000000011111111111111111111111111111111100011111000000000111111111111111111100000000000000111111111
000000000000000000000000000111011011111111100000110000000011111111111111111111111111111111100011111000000000111111111111111111100000111111111111111111
111111111111111111111111111111111100001001100000111111111111111111111111111111111111111111111111111111111111111111111111111111100000111111111111111111
111111111111111111111111111111111100000110000000111111111111111111111111111111100011111111111111111111111111111111111111111111100000111111111111111111
111111111111111111111111111111111100000101100000111111111111111111111111111111111111111111111111111111111111111111111111111111100000111111111111111111
111111111111111111111111111111111100000011100000111111111111111111111111111111111111111111111111111111111111111111111111111111100000111111111111111111
111111111111111111111111111111111110000000100000111111111111111111111111111111111111111111111111111111111111111111111111111111100000111111111111111111
111111111111111111111111111111111101100000000000111111111111111111111111111111111111111111111111111111111111111111111111111111100000111111111111111111
111111111111111111111111111111111101010000000000111111111111111111111111111111111111111111111111111111111111111111111111111111100000111111111111111111
111111111111111111111111111111111110110000100000111111111111111111111111111111111111111111111111111111111111111111111111111111100000111111111111111111
111111111111111111111111111111111110111001000000111111111111111111111111111111111111111111111111111111111111111111111111111110000000111111111111111111
000000000000000000000000000000000000000000000011000000000011111111111111111111111111111111100011111000000000111111111111111111100000000000000111111111
000000000000000000000000000000000000000000000010000000000011111111111111111111101011111111100011111000000000111111111111111110000000000000000111111111
000000000000000000000000000000000000000000000001100000000011111111111111111111111011111111100011111000000000111111111111111110000000000000000111111111
000000000000000000000000000000000000000000011001110000000011111111111111111111111111111111100011111000000000111111111111111111100000000000000111111111
000000000000000000000000000000000000000000010110010000000011111111111111111111111111111111100011111000000000111111111111111111100000111111111111111111
000000000000000000000000000010000111111111100110010000000011111111111111111111111111111111100011111000000000111111111111111111100000111111111111111111
000000000000000000000000000010000111111111100011100000000011111111111111111111111111111111100011111000000000111111111111111111100000111111111111111111
001100010000000011110000000000000011111111100000000111000011111111111111111111111111111111111111111000000000111111111111111111100000000000000111111111
001100010000000011110000000000000011111111100000001011000011111111111111111111111111111111111111111111111111111111111111111111100000000000000111111111
001100010000000011110000000000000011111111100000001101101011111111111111111111111111111111111111111000000000111111111111111111100000000000000111111111
001100010000000011110000000000000011111111100000001110110011111111111111111111111111111111111111111000000000111111111111111111100000000000000111111111
001100010000000011110000000000000011111111100000000011010111111111111111111111111111111111111111111000000000111111111111111111100000000000000111111111
001100010000000011110000000000000011111111100000000001101011111111111111111111111111111111111111111000000000111111111111111111100000000000000111111111
001100010000000011110000000000000011111111100000000010010011111111111111111111111111111111111111111000000000111111111111111111100000000000000111111111
001100010000000011110000000000000011111111100000000000100011111111111111111111111111111111111111111000000000111111111111111111100000000000000111111111
111111111011111111111111111111111111111111111111111111111101000111111111111111111111111111111111111111111111111111111111111111100000111111111111111111
111111111011111111111111111111111111111111111111111111111110110111111111111111111111111111111111111111111111111111111111111111100000111111111111111111
111111111111111111111111111111111111111111111111111111111101001111111111111111111111111111111111111111111111111111111111111111100000111111111111111111
111111111111111111111111111111111111111111111111111111111101001111111111111111111111111111111111111111111111111111111111111111100000111111111111111111
111111111110111111111111111011011111111111111111111111111100110111111111111111111111111111111111111111111111111111111111111111100000111111111111111111
111111111111111111111111111111111111111111111111111111111111111011101001111111111111111111111111111111111111111111110000000001100000111111111111111111
111111111111111111111111111111111111111111111111111111111111111101110001111111111111111111111111111111111111111111111111111111100000111111111111111111
111111111111111111111111111111111111111111111111111111111111111110111101111111111111111111111111111111111111111111110000000001100000111111111111111111
111111111111111111111111111111111111111111111111111111111111111111011101111111111111111111111111111111111111111111110000000001100000111111111111111111
111111111111111111111111111111111111111111111111111111111111111011101011111111111111111111111111111111111111111111111111111111100000111111111111111111
111111111111111111111111111111111111111111111111111111111111111101110101111111111111111111111111111111111111111111110000000001100000111111111111111111
111111111111111111111111111111111111111111111111111111111111111001101001111111111111111111111111111111111111111111110000000001100000111111111111111111
111111111111111111111111111111111111111111111111111111111111111000010001111111111111111111111111111111111111111111111111111111100000111111111111111111
111111111111111111111111111111111111111111111111111111111111111111111110110000011111111111111111111111111111111111111111111111100000111111111111111111
111111111111111111111111111111111111111111111111111111111111111111111111011000011111111111111111111111111111111111111111111111100000111111111111111111
111111111111111111111111111111111111111111111111111111111111111111111111101100011111111111111111111111111111111111111111111111100000111111111111111111
111111111111111111111111111111111111111111111111111111111111111111111110110100011111111111111111111111111111111111111111111111100000111111111111111111
111111111111111111111111111111111111111111111111111111111111111111111110011011011111111111111111111111111111111111111111111111100000111111111111111111
111111111111111111111111111111111111111111111111111111111111111111111110000101011111111111111111111111111111111111111111111111100000111111111111111111
111111111111111111111111111111111111111111111111111111111111111111111110000110011111111111111111111111111111111111111111111111100000111111111111111111
111111111111111111111111111111111111111111111111111111111111111111111110000000011111111111111111111111111111111111111111111111100000111111111111111111
111111111111111111111111111111111110111111110111111111111111111111111111111111101011111111111111111111111111111111111111111111100000111111111111111111
111111111111111111111111111111111110111111111111111111111111111111111111111111110111111111111111111111111111111111111111111110000000111111111111111111
111111111111111111111111111111111110111111110011111111111111111111111111111111101011111111111111111111111111111111111111111110000000111111111111111111
111111111111111111111111111111111111111111111111111111111111111111111111111111111101100100011111111111111111111111111111111111100000111111111111111111
111111111111111111111111111111111111111111111111111111111111111111111111111111111110110011011111111111111111111111111111111111100000111111111111111111
111111111111111111111111111111111111111111111111111111111111111111111111111111111111011000111111111111111111111111111111111111100000111111111111111111
111111111111111111111111111111111111111111111111111111111111111111111111111111111101101100011111111111111111111111111111111111100000111111111111111111
111111111111111111111111111111111111111111111111111111111111111111111111111111111100110110011111111111111111111111111111111111100000111111111111111111
111111111111111111111111111111111111111111111111111111111111111111111111111111111110011010011111111111111111111111111111111111100000111111111111111111
111111111111111111111111111111111111111111111111111111111111111111111111111111111101001101011111111111111111111111111111111111100000111111111111111111
111111111111111111111111111111111111111111111111111111111111111111111111111111111101000010011111111111111111111111111111111111100000111111111111111111
111111111111111111111111111111111111111111111111111111111111111111111111111111111100100000011111111111111111111111111111111111100000111111111111111111
011111111011111110001111111000000011111111100000001111111111111111111111111111111111111111101111010111111111111111111111111111100000000000000111111111
011111111011111110001111111000000011111111100000001111111111111111111111111111111111111111110111100111111111111111111111111111100000000000000111111111
011111111011111110001111111000000011111111100000001111111111111111111111111111111111111111111011100111111111111111111111111111100000000000000111111111
111111111111111111111111111111111111111111111111111111111111111111111111111111111111111111111101100111111111111111111111111111100000111111111111111111
111111111111111111111111111111111111111111111111111111111111111111111111111111111111111111111110110111111111111111111111111111100000111111111111111111
111111111111111111111111111111111111111111111111111111111111111111111111111111111111111111101111010111111111111111111111111111100000111111111111111111
111111111111111111111111111111111111111111111111111111111111111111111111111111111111111111110001100111111111111111111111111111100000111111111111111111
111111111111111111111111111111111111111111111111111111111111111111111111111111111111111111100000000111111111111111111111111111100000111111111111111111
001100010000000011110000000000000011111111100000000100000011111111111111111111111111111111111111111011101100111111111111111111100000000000000111111111
001100010000000011110000000000000011111111100000000100000011111111111111111111111111111111111111111101110000111111111111111111100000000000000111111111
001100010000000011110000000000000011111111100000000100000011111111111111111111111111111111111111111110110010111111111111111111100000000000000111111111
001100010000000011110000000000000011111111100000000100000011111111111111111111111111111111111111111111011010111111111111111111100000000000000111111111
001100010000000011110000000000000011111111100000000100000011111111111111111111111111111111111111111011101100111111111111111111100000000000000111111111
001100010000000011110000000000000011111111100000000100000011111111111111111111111111111111111111111100110000111111111111111111100000000000000111111111
001100010000000011110000000000000011111111100000000100000011111111111111111111111111111111111111111100010001111111111111111111100000000000000111111111
001100010000000011110000000000000011111111100000000100000011111111111111111111111111111111111111111001100000111111111111111111100000000000000111111111
001100010000000011110000000000000011111111100000000100000011111111111111111111111111111111111111111000000100111111111111111111100000000000000111111111
111111111111111111111111111111111111111111111111111111111111111111111111111111111111111111111111111111111111000101101111111111100000111111111111111111
111111111111111111111111111111111111111111111111111111111111111111111111111111111111111111111111111111111111000010111111111111100000111111111111111111
111111111111111111111111111111111111111111111111111111111111111111111111111111111111111111111111111111111111000001111111111111100000111111111111111111
111111111111111111111111111111111111111111111111111111111111111111111111111111111111111111111111111111111111100000001111111111100000111111111111111111
111111111111111111111111111111111111111111111111111111111111111111111111111111111111111111111111111111111111010000111111111111100000111111111111111111
111111111111111111111111111111111111111111111111111111111111111111111111111111111111111111111111111111111111101000011111111111100000111111111111111111
111111111111111111111111111111111111111111111111111111111111111111111111111111111111111111111111111111111111111010011111111111100000111111111111111111
111111111111111111111111111111111111111111111111111111111111111111111111111111111111111111111111111111111111011011101111111111100000111111111111111111
111111111111111111111111111111111111111111111111111111111111111010010011111111111111111111111111111111111111111111110000110001100000111111111111111111
111111111111111111111111111111111111111111111111111111111111111010010011111111111111111111111111111111111111111111110000010111100000111111111111111111
111111111111111111111111111111111111111111111111111111111111111010010011111111111111111111111111111111111111111111110000001101100000111111111111111111
111111111111111111111111111111111111111111111111111111111111111010010011111111111111111111111111111111111111111111110000001011100000111111111111111111
111111111111111111111111111111111111111111111111111111111111111010010011111111111111111111111111111111111111111111111000000011100000111111111111111111
111111111111111111111111111111111111111111111111111111111111111010010011111111111111111111111111111111111111111111111100000011100000111111111111111111
111111111111111111111111111111111111111111111111111111111111111010010011111111111111111111111111111111111111111111110011000101100000111111111111111111
111111111111111111111111111111111111111111111111111111111111111010010011111111111111111111111111111111111111111111110110001011100000111111111111111111
111111111111111111111111111111111111111111111111111111111111111010010011111111111111111111111111111111111111111111110101110101100000111111111111111111
111111111111111111111111111111111111111111010011111111111111111111111111111111110011111111111111111111111111111111111111111110001011111111111111111111
111111111111111111111111111111111111111111010011111111111111111111111111111111110011111111111111111111111111111111111111111110000101111111111111111111
000000000000000000000000000000000000000000000000000000000000000000000000000000000000000000000000000000000000000000000000000000000000000000000111111111
000000000000000000000000000000000000000000000000000000000000000000000000000000000000000000000000000000000000000000000000000001000011000000000111111111
000000000000000000000000000000000000000000000000000000000000000000000000000000000000000000000000000000000000000000000000000000100001000000000111111111
000000000000000000000000000000000000000000000000000000000000000000000000000000000000000000000000000000000000000000000000000001001001000000000111111111
000000000000000000000000000000000000000000000000000000000000000000000000000000000000000000000000000000000000000000000000000001101110000000000111111111
000000000000000000000000000010000111111111100001110000000011111111111111111111111111111111100011111000000000111111111111111111100000000010101111111111
000000000000000000000000000010000111111111100001110000000011111111111111111111111111111111100011111000000000111111111111111111100000000010011111111111
000000000000000000000000000010000111111111100001110000000011111111111111111111111111111111100011111000000000111111111111111111100000000001111111111111
000000000000000000000000000010000111111111100001110000000011111111111111111111111111111111100011111000000000111111111111111111100000000001010111111111
000000000000000000000000000010000111111111100001110000000011111111111111111111111111111111100011111000000000111111111111111111100000110000111111111111
000000000000000000000000000010000111111111100001110000000011111111111111111111111111111111100011111000000000111111111111111111100000001100000111111111
000000000000000000000000000010000111111111100001110000000011111111111111111111111111111111100011111000000000111111111111111111100000101010011111111111
000000000000000000000000000010000111111111100001110000000011111111111111111111111111111111100011111000000000111111111111111111100000011110101111111111
000000000000000000000000000010000111111111100001110000000011111111111111111111111111111111100011111000000000111111111111111111100000111010110111111111
111111111111111111111111111111111111111111111111111111111111111111111111111111111111111111111111111111111111111111111111111111111111111111111000011111
111111111111111111111111111111111111111111111111111111111111111111111111111111111111111111111111111111111111111111111111111111111111111111111000010101
111111111111111111111111111111111111111111111111111111111111111111111111111111111111111111111111111111111111111111111111111111111111111111111000001111
111111111111111111111111111111111111111111111111111111111111111111111111111111111111111111111111111111111111111111111111111111111111111111111000001111
111111111111111111111111111111111111111111111111111111111111111111111111111111111111111111111111111111111111111111111111111111111111111111111110000111
111111111111111111111111111111111111111111111111111111111111111111111111111111111111111111111111111111111111111111111111111111111111111111111101100010
111111111111111111111111111111111111111111111111111111111111111111111111111111111111111111111111111111111111111111111111111111111111111111111111110001
111111111111111111111111111111111111111111111111111111111111111111111111111111111111111111111111111111111111111111111111111111111111111111111101111000
111111111111111111111111111111111111111111111111111111111111111111111111111111111111111111111111111111111111111111111111111111111111111111111111110100
