0000101110110000000000000000000001111111
0000010100000000000000000000000001111111
0000010100000000000000000000000001111111
0000001000000000000000000000000001111111
1000001000110000000000000000000001111111
0110001000001111111111111110000001111111
1001110110010000000000000000000001111111
1110001000001111111111111110000001111111
1000001000000000000000000000000001111111
0000000000010000000000000000000001111111
1000100000010000000000000001111111111111
1000101001100000000000000001111111111111
0000010100000000101111111110000001111111
0000010100000000010111111110000001111111
0000010100000000001011111110000001111111
0000010100000000000011111110000001111111
0000010100001000000100000000000001111111
0000010100000100000011111110000001111111
0000010100001010000011111110000001111111
0000010100001100100000000000000001111111
0000010100001111011000111110000001111111
0000010100001111011000011110000001111111
0000010100001111011010001100000001111111
0000010100001111011011000010000001111111
0000010100001111011011100010000001111111
0000010100001111011011100010000001111111
0000010100001111011011011100000001111111
0000000000110000000000000000000011111111
0000000000110000000000000000000011111111
0000000000110000000000000000000001111111
0000000000110000000000000000000001111111
0000000000110000000000000000000001111111
0000000000110000000000000001100001111111
1111111111111111111111111111111110011001
1111111111111111111111111111111110000110
1111111111111111111111111111111111001001
1111111111111111111111111111111111010000
1111111111111111111111111111111110100011
1111111111111111111111111111111110100101
1111111111111111111111111111111111010110
