0101001111111110001101011111111111111111111100000000011111111111111111
1010000111111111111111111111111111111111111100000000011111111111111111
0101100111111110001101011111111111111111111100000000011111111111111111
1010000111111111111111111111111111111111111100000000011111111111111111
0010010111111110001101011111111111111111111100000000011111111111111111
0000101111111110001101011111111111111111111100000000011111111111111111
1000010111111110001101011111111111111111111100000000011111111111111111
1111111011100011111111111111111111111111111100000000000000000011111111
1111111101110001111111111111111111111111111100000000000000000011111111
1111111110110011111111111111111111111111111100000000011111111111111111
1111111111011001111111111111111111111111111100000000011111111111111111
1111111011101101111111111111111111111111111100000000000000000011111111
1111111000110101111111111111111111111111111100000000000000000011111111
1111111000011001111111111111111111111111111100000000011111111111111111
1111111101000001111111111111111111111111111100000000000000000011111111
0101000111111110111011111111111111111111111100000000011111111111111111
0101000111111111011100011111111111111111111100000000011111111111111111
0101000111111111101100011111111111111111111100000000011111111111111111
1111111111111111110110111111111111111111111100000000011111111111111111
1111111111111110111011011111111111111111111100000000011111111111111111
0101000111111111001101011111111111111111111100000000011111111111111111
1111111111111111000110011111111111111111111100000000011111111111111111
0101000111111111001000011111111111111111111100000000011111111111111111
1111111111111111111111100001111111111111111100000000011111111111111111
1111111111111111111111100000101111111111111100000000011111111111111111
1111111111111111111111100000011111111111111100000000011111111111111111
1111111111111111111111100000001110011111111100000000011111111111111111
1111111111111111111111110000011111101111111100000000011111111111111111
1111111111111111111111111000011110001111111100000000011111111111111111
1111111111111111111111110101100111111111111100000000011111111111111111
1111111111111111111111111111100111111111111100000000011111111111111111
1111111111111111111111111111111010001111111100000000011111111101011010
1111111111111111111111111111111101011111111100000000011111111101011010
1111111111111111111111111101011010101111111100000000011111111101011010
1111111111111111111111111101011001001111111100000000011111111101011010
1111111111111111111111111110011010001111111100000000011111111101011010
1111111111111111111111111111111111110110100000000000011111111111111111
1111111111111111111111111111111111111010110000000000011111111111111111
1111111111111111111111111111111111111101010000000000011111111111111111
1111111111111111111111111111111111110010101000000000011111111111111111
1111111111111111111111111111111111111101011000000000011111111111111111
1111111111111111111111111111111111110110100000000000011111111111111111
1111111111111111111111111111111111110001100000000000011111111111111111
1111111111111111111111111111111111110000000000000000011111111111111111
0000000000000000000000000000000000000000000001111000000000000001011010
0000000000000000000000000000000000000000000010111010000000000001011010
0000000000000000000000000000000000000000000011011101100000000001011010
0000000000000000000000000000000000000000000011101110000000000001011010
0000000000000000000000000000000000000000000011110110000000000001011010
0000000000000000000000000000000000000000000000111001100000000001011010
0000000000000000000000000000000000000000000001011001000000000001011010
0000000000000000000000000000000000000000000000100110000000000001011010
0000000000000000000000000000000000000000000000100100000000000001011010
1111111001100101111111111111111111111111111100000000001110100011111111
1111111001100101111111111111111111111111111100000000010111010011111111
1111111001100101111111111111111111111111111100000000011011101111111111
1111111001100101111111111111111111111111111100000000011101110111111111
1111111001100101111111111111111111111111111100000000001110111011111111
1111111001100101111111111111111111111111111100000000010111011011111111
1111111001100101111111111111111111111111111100000000001011101111111111
1111111001100101111111111111111111111111111100000000000101110011111111
1111111001100101111111111111111111111111111100000000000110010011111111
1111111111111111111111111111111000001111111100000000011111111101111001
1111111111111111111111111111111111111111111111111111111111111110111000
1111111111111111111111111111111000001111111100000000011111111111011110
1111111111111111111111111111111111111111111111111111111111111111101101
1111111111111111111111111111111111111111111111111111111111111111110110
1111111111111111111111111111111000001111111100000000011111111100111001
1111111111111111111111111111111111111111111111111111111111111100101000
1111111111111111111111111111111000001111111100000000011111111110010100
