00111100000000111111111111111111111111111100100111000000000010011111111111111111
00011100000000111111111111111111111111111111111111000000001111111111111111111111
10001111111111111111111111111111111111111111111111000000000010011111111111111111
11001111111111111111111111111111111111111111111111000000000010011111111111111111
11110111111111111111111111111111111111111111111111000000001111111111111111111111
11111011111111111111111111111111111111111111111111000000001111111111111111111111
00111100010111111111111111111111111111111100100111000000000010011111111111111111
00111100010111111111111111111111111111111100100111000000000010011111111111111111
00111100001100111111111111111111111111111100100111000000000010011111111111111111
00111111000101111111111111111111111111111100100111000000000010011111111111111111
00111100100011111111111111111111111111111100100111000000000010011111111111111111
00111111110011111111111111111111111111111100100111000000000010011111111111111111
00111111001101111111111111111111111111111100100111000000000010011111111111111111
00111111011110111111111111111111111111111100100111000000000010011111111111111111
11111111111111011001111111000000000010001011111111000000001111111111111111111111
11111111111111101001111111111111111010001011111111000000001111111111111111111111
11111111111111110101111111111111111010001011111111000000001111111111111111111111
11111111111111001011111111111111111010001011111111000000001111111111111111111111
11111111111111000101111111000000000111111111111111000000001111111111111111111111
11111111111111111110110010111111111111111111111111000000001111111111111111111111
11111111111111111111011001111111111111111111111111000000001111111111111111111111
11111111111111111111101100111111111111111111111111000000001111111111111111111111
11111111111111111110110110111111111111111111111111000000001111111111111111111111
11111111111111111110011000111111111111111111111111000000001111111100110111111111
11111111111111111111001000111111111111111111111111000000001111111100110111111111
11111111111111111110100000111111111111111111111111000000001111111111111111111111
11111111111111011101111111011000000111111111111111000000001111111111111111111111
11111111111111011101111111101100100111111111111111000000001111111111111111111111
11111111111111011101111111110111100111111111111111000000001111111111111111111111
11111111111111011101111111011011010111111111111111000000001111111111111111111111
11111111111111011101111111001100000111111111111111000000001111111111111111111111
11111111111111011101111111001100001111111111111111000000001111111111111111111111
11111111111111011101111111011000000111111111111111000000001111111111111111111111
11111111111111011101111111000100000111111111111111000000001111111111111111111111
11111111111111011101111111000001000111111111111111000000001111111111111111111111
11111111111111000011111111111111111011100011111111000000001111111111111111111111
11111111111111111111111111111111111101110011111111000000001111111111111111111111
11111111111111000011111111111111111110111111111111000000001111111111111111111111
11111111111111000011111111111111111111011111111111000000001111111111111111111111
11111111111111000011111111111111111011100011111111000000001111111111111111111111
11111111111111111111111111111111111001100111111111000000001111111111111111111111
11111111111111000011111111111111111001101011111111000000001111111111111111111111
01111100000000111111111111111111111111111101101000000000000010011111111111111111
01111100000000111111111111111111111111111110110010000000000010011111111111111111
11111111111111111111111111111111111111111111010100000000001111111111111111111111
01111100000000111111111111111111111111111101101000000000000010011111111111111111
01111100000000111111111111111111111111111110010000000000000010011111111111111111
11111111111111111111111111111111111111111100100000000000001111111111111111111111
11111111111111111111111111111111111111111101000000000000001111111111111111111111
11111111111111111111111111111111111111111100000000000000001111111111111111111111
00000000000000000000000000000000000000000000000000011101010010011100110111111111
00000000000000000000000000000000000000000000000000101110000010011100110111111111
00000000000000000000000000000000000000000000000000110110100010011100110111111111
00000000000000000000000000000000000000000000000000111011010010011100110111111111
00000000000000000000000000000000000000000000000000011101000010011100110111111111
00000000000000000000000000000000000000000000000000100110000010011100110111111111
00000000000000000000000000000000000000000000000000001000000010011100110111111111
00000000000000000000000000000000000000000000000000100100000010011100110111111111
01001100000000111111111111111111111111111100100111000000000100011111111111111111
01001100000000111111111111111111111111111100100111000000001010011111111111111111
11111111111111111111111111111111111111111111111111111111110101111111111111111111
01001100000000111111111111111111111111111100100111000000000010011111111111111111
01001100000000111111111111111111111111111100100111000000000010011111111111111111
11111111111111111111111111111111111111111111111111111111111111101100100111111111
11111111111111111111111111111111111111111111111111111111111111110111000111111111
11111111111111111111111111111111111111111111111111111111111111111011000111111111
11111111111111111111111001111111111111111111111111000000001111101101110111111111
11111111111111111111111001111111111111111111111111000000001111101110110111111111
11111111111111111111111111111111111111111111111111111111111111110011001111111111
11111111111111111111111111111111111111111111111111111111111111100011001111111111
11111111111111111111111001111111111111111111111111000000001111100000110111111111
11111111111111111111111111111111111111111111111111111111111111111111111011101000
11111111111111111111111111111111111111111111111111111111111111111111111101110100
11111111111111111111111111111111111111111111111111111111111111111111111110111000
11111111111111111111111111111111111111111111111111111111111111111111111111011010
11111111111111111111111111111111111111111111111111111111111111111111111011101101
11111111111111111111111111111111111111111111111111111111111111111111111101110100
11111111111111111111111111111111111111111111111111111111111111111111111010011000
11111111111111111111111111111111111111111111111111111111111111111111111000100000
11111111111111111111111111111111111111111111111111111111111111111111111000010000
