00011011111111111000000000000000001111111100000001111111000000001111111111111111111110000000011111111000000000000000000001000111111111000000000000000000000000000000000000000000000000000000000000000000
00001011111111111000000000000000001111111100000001111111000000001111111111111111111100000000011111111000000000000000000001000111111111000000000000000000000000000000000000000000000000000000000000000000
00000111111111111000000000000000001111111100000001111111000000001111111111111111111110000000011111111000000000000000000001000111111111000000000000000000000000000000000000000000000000000000000000000000
10000000111111111000000000000000001111111100000001111111000000001111111111111111111110000000011111111000000000000000000001000111111111000000000000000000000000000000000000000000000000000000000000000000
11000001111111111000000000000000001111111100000001111111000000001111111111111111111110000000011111111000000000000000000001000111111111000000000000000000000000000000000000000000000000000000000000000000
00100000111111111000000000000000001111111100000001111111000000001111111111111111111110000000011111111000000000000000000001000111111111000000000000000000000000000000000000000000011111111100000000000000
11100000111111111000000000000000001111111100000001111111000000001111111111111111111110000000011111111000000000000000000001000111111111000000000000000000000000000000000000000000000000000000000000000000
11101000111111111000000000000000001111111100000001111111000000001111111111111111111110000000011111111000000000000000000001000111111111000000000000000000000000000000000000000000000000000000000000000000
11111111000011111000000000000000001111111100000001111111000000001111111111111111111110000000011111111000000000000000000001000111111111000000000000000000000000000000000000000000011111111100000000011101
11111111000001111000000000000000001111111100000001111111000000001111111111111111111110000000011111111000000000000000000001000111111111000000000000000000000000000000000000000000011111111100000000000000
11111111000000111000000000000000001111111100000001111111000000001111111111111111111110000000011111111000000000000000000001000111111111000000000000000000000000000000000000000000011111111100000000000000
11111111000000111000000000000000001111111100000001111111000000001111111111111111111110000000011111111000000000000000000001000111111111000000000000000000000000000000000000000000011111111100000000000000
11111111100000010000000000000000001111111100000001111111000000001111111111111111111110000000011111111000000000000000000001000111111111000000000000000000000000000000000000000000011111111100000000000000
11111111110000001000000000000000001111111100000001111111000000001110111111111111111110000000011111111000000000000000000001000111111111000000000000000000000000000000000000000000011111111100000000000000
11111111111100011000000000000000001111111100000001111111000000001111111111111111111110000000011111111000000000000000000001000111111111000000000000000000000000000000000000000000011111111100000000000000
11111111111110101000000000000000001111111100000001111111000000001111111111111111111110000000011111111000000000000000000001000111111111000000000000000000000000000000000000000000011111111100000000000000
11111111111101110000000000000000001111111100000001111111000000001111111111111111111110000000011111111000000000000000000001000111111111000000000000000000000000000000000000000000011111111100000000000000
00000000000000000000101010000000001111111100000001111111000000000011111111111111111110000000011111111000000000000000000001000111111111000000000000000000000000000000000000000000000000000000000000000000
00000000000000000000011010000000001111111100000001111111000000001111111111111111111110000000011111111000000000000000000001000111111111000000000000000000000000000000000000000000000000000000000000000000
00000000000000000000010100000000001111111100000001111111000000001111111111111111111110000000011111111000000000000000000001000111111111000000000000000000000000000000000000000000000000000000000000000000
00000000000000000100001111111111111111111100000001111111000000001111111111111111111110000000011111111000000000000000000001000111111111000000000000000000000000000000000000000000000000000000000000000000
00000000000000000011000110000000001111111100000001111111000000001111111111111111111110000000011111111000000000000000000001000111111111000000000000000000000000000000000000000000000000000000000000000000
00000000000000000110100111111111111111111100000001111111000000001111111111111111111110000000011111111000000000000000000001000111111111000000000000000000000000000000000000000000000000000000000000000000
00000000000000000001111011111111111111111100000001111111000000001111111111111111111110000000011111111000000000000000000001000111111111000000000000000000000000000000000000000000000000000000000000000000
00000000000000000110111100000000001111111100000001111111000000001111111111111111111110000000011111111000000000000000000001000111111111000000000000000000000000000000000000000000000000000000000000000000
00000000000000000000101100001011111111111100000001111111000000001111111111111111111110000000011111111000000000000000000001000111111111000000000000000000000000000000000000000000000000000000000000000000
00000000000000000000101100000111111111111100000001111111000000000101111111111111111110000000011111111000000000000000000001000111111111000000000000000000000000000000000000000000000000000000000000000000
00000000000000000000101100000110111111111100000001111111000000001111111111111111001010000000011111111000000000000000000001000111111111000000000000000000000000000000000000000000000000000000000000000000
00000000000000000000101101000001101111111100000001111111000000001111111111111111111110000000011111111000000000000000000001000111111111000000000000000000000000000000000000000000000000000000000000000000
00000000000000000000101100110011011111111100000001111111000000001111111111111111111110000000011111111000000000000000000001000111111111000000000000000000000000000000000000000000000000000000000000000000
00000000000000000000101101110100011111111100000001111111000000001111111111111111111110000000011111111000000000000000000001000111111111000000000000000000000000000000000000000000000000000000000000000000
00000000000000000000101101101100111111111100000001111111000000001111111111111111111110000000011111111000000000000000000001000111111111000000000000000000000000000000000000000000000000000000000000000000
00000000000000000000101101111001001111111100000001111111000000001111111111111111111110000000011111111000000000000000000001000111111111000000000000000000000000000000000000000000000000000000000000000000
00000000000000000000101101110111001111111100000001111111000000001111111111111111111110000000011111111000000000000000000001000111111111000000000000000000000000000000000000000000000000000000000000000000
11111111111111111111111111111111110000111100000001111111000000001111111111111111111110000000011111111000000000000000000001000111111111000000000000000000000000000000000000000000011111111100000000000000
11111111111111111111111111111111110000111100000001111111000000001111111111111111111110000000011111111000000000000000000001000111111111000000000000000000000000000000000000000000011111111100000000000000
11111111111111111111111111111111110000111100000001000011000000001111010011011111111110000000011111111000000000000000000001000000000000000000000000000000000000000000000000000000011111111100000000000000
11111111111111111111111111111111110000000100000001111111000000001111111111111111111110000000011111111000000000000000000001000111111111000000000000000000000000000000000000000000011111111100000000000000
11111111111111111111111111111111111110001100000001111111000000001111111111111111111110000000011111111000000000000000000001000111111111000000000000000000000000000000000000000000011111111100000000000000
11111111111111111111111111111111111110000100000001111111000000001111111111111111111110000000011111111000000000000000000001000111111111000000000000000000000000000000000000000000011111111100000000000000
11111111111111111111111111111111111110100000000001111111000000001111111111111111111110000000011111111000000000000000000001000111111111000000000000000000000000000000000000000000011111111100000000000000
11111111111111111111111111111111111111110000000001111111000000001111111111111111111110000000011111111000000000000000000001000111111111000000000000000000000000000000000000000000011111111100000000000000
00000000000000000000000000000000000000000000010111000011000000001111010011011111011010000000011111111000000000000000000001000000000000000000000000000000000000000000000000000000000000000000000000000000
00000000000000000000000000000000000000000000001011000011000000001111010011011111111110000000011111111000000000000000000001000000000000000000000000000000000000000000000000000000000000000000000000000000
00000000000000000000000000000000000000000000001001000011000000001111010011011111111100000000011111111000000000000000000001000000000000000000000000000000000000000000000000000000000000000000000000000000
00000000000000000000000000000000000000000010000111000011000000001111010011011111111110000000011111111000000000000000000001000000000000000000000000000000000000000000000000000111100000000000000000000000
00000000000000000000000000000000000000000001100001000011000000001111010011011111111110000000011111111000000000000000000001000000000000000000000000000000000000000000000000000000000000000000000000000000
00000000000000000000000000000000000000000010010011000011000000001111010011011111111110000000011111111000000000000000000001000000000000000000000000000000000000000000000000000111100000000000000000000000
00000000000000000000000000000000000000000011010101000011000000001111010011011111111110000000011111111000000000000000000001000000000000000000000000000000000000000000000000000111100000000000000000000000
11111111111111111111111111111111111111111111111110111000000000001111111111111111111110000000011111111000000000000000000001000111111111000000000000000000000000000000000000000111111111111100000000000000
11111111111111111111111111111111111101111100000001011010000000001111111111111111111110000000011111111000000000000000000001000111111111000000000000000000000000000000000000000000011111111100000000000000
11111111111111111111111111111111111101111100000001101100000000001111111111111111111110000000011111111000000000000000000001000111111111000000000000000000000000000000000000000000011111111100000000000000
11111111111111111111111111111111111101111100000001110110000000001111010011011111111110000000011111111000000000000000000001000000000000000000000000000000000000000000000000000000011111111100000000000000
11111111111111111111111111111111111101111100000000011000000000001111111111111111111110000000011111111000000000000000000001000111111111000000000000000000000000000000000000000000011111111100000000000000
11111111111111111111111111111111111111111111111110101000000000001111010011011111111110000000011111111000000000000000000001000000000000000000000000000000000000000000000000000111111111111100000000000000
11111111111111111111111111111111111111111111111110000000000000001111010011011111111110000000011111111000000000000000000001000000000000000000000000000000000000000000000000000111111111111100000000000000
00000000000000000000000000000000000000000000000000000000011011001111010011011111111110000000011111111000000000000000000001000000000000000000000000000000000111111111000000000000000000000000000000000000
00000000000000000000000000000000000000000000000000000000101100001111010011011111111110000000011111111000000000000000000001000000000000000000000000000000000111111111000000000000000000000000000000000000
00000000000000000000000000000000000000000000000000000000110100101111010011011111111110000000011111111000000000000000000001000000000000000000000000000000000111111111000000000000000000000000000000000000
00000000000000000000000000000000000000000000000000000000011011111111010011011111111110000000011111111000000000000000000001000000000000000000000000000000000111111111000000000000000000000000000000000000
00000000000000000000000000000000000000000000000000000000100101001111010011011111111110000000011111111000000000000000000001000000000000000000000000000000000000000000000000000000000000000000000000000000
00000000000000000000000000000000000000000000000000000000100110001111010011011111111110000000011111111000000000000000000001000000000000000000000000000000000000000000000000000000000000000000000000000000
00000000000000000000000000000000000000000000000000000000001100011111010011011111111110000000011111111000000000000000000001000000000000000000000000000000000000000000000000000000000000000000000000000000
00000000000000000000000000000000000000000000000000000000000100101111010011011111111110000000011111111000000000000000000001000000000000000000000000000000000000000000000000000000000000000000000000000000
11111111111111111011111111011111111111111111111111111111111111110110111111111111111110000000011111111000000000000000000001000111111111000000000000000000000111111111000000000111111111111100000000000000
11111111111111111011111111111111111111111111111111111111111111111010111111111111111110000000011111111000000000000000000001000111111111000000000000000000000111111111000000000111111111111100000000000000
11111111111111111111111111011111111111111111111111111111111111111101111111111111111110000000011111111000000000000000000001000111111111000000001100010000000111111111000000000111111111111100000000000000
11111111111110111111111111111111111111111111111111111111111111110010111111111111111110000000011111111000000000000000000001000111111111000000000000000000000111111111000000000111111111111100000000000000
11111111111111111111111111111111111101111100000001110100000000001111011100111111111110000000011111111000000000000000000001000111111111000000000000000000000000000000000000000000011111111100000000000000
11111111111111111111111111111111111111111111111111111111111111111111101110011111111110000000011111111000000000000000000001000000000000000000000000000000000111111111000000000111111111111100000000000000
11111111111111111111111111111111111101111100000001110100000000001111110111011111111110000000011111111000000000000000000001000000000000000000000000000000000000000000000000000000011111111100000000000000
11111111111111111111111111111111111101111100000001110100000000001111111011011111111110000000011111111000000000000000000001000000000000000000000000000000000000000000000000000000011111111100000000000000
11111111111111111111111111111111111111111111111111111111111111111111011100011111111110000000011111111000000000000000000001000111111111000000000000000000000111111111000000000111111111111100000000000010
11111111111111111111111111111111111111111111111111111111111111111111001100011111111110000000011111111000000000000000000001000000000000000000000000000000000111111111000000000111111111111100000000000000
11111111111111111111111111111111111101111100000001110100000000001111100000011111111110000000011111111000000000000000000001000111111111000000000000000000000000000000000000000000011111111100000000000000
11111111111111111111111111111111111111111111111111111111111111111111111111101000111110000000011111111000000000000000000001000111111111000000000000000000000111111111000000000111111111111100000000010100
11111111111111111111111111111111111111111111111111111111111111111111111111110100111110000000011111111000000000000000000001000111111111000000000000000000000111111111000000000111111111111100000000000000
11111111111111111111111111111111111111111111111111111111111111111111111111101010111110000000011111111000000000000000000001000111111111000000000000000000000111111111000000000111111111111100000000000000
11111111111111111111111111111111111111111111111111111111111111111111111111100101111110000000011111111000000000000000000001000111111111000000000000000000000111111111000000000111111111111100000000000000
11111111111111111111111111111111111111111111111111111111111111111111111111100010111110000000011111111000000000000000000001000111111111000000000000000000000111111111000000000000011111111100000000000000
11111111111111111111111111101111111111111101111111111111111111111111111111111111011010000000011111111000000000000000000001000111111111000000000000000000000111111111000000000111111111111100000000000000
11111111111111111111111111101111111111111111111111111111111111111111111111111111101110000000011111111000000000000000000001000111111111000000000000000000000111111111000000000111111111111100000000010010
11111111111111111111111111111111111111111111111111111111111111111111111111111111110110000000011111111000000000000000000001000111111111000000000000000000000111111111000000000111111111111100000000000000
11111111111111111111111111101111111111111101111111111111111111111111111111111111011010000000011111111000000000000000000001000111111111000000000000000000000111111111000000000111111111111100000000000000
10111111111111111111111111111111111111111111011111111111111111111111111111111111111100000000011111111000000000000000000001000111111111000000000000000000000111111111000000000111111111111100000000000000
00000000000000000000000000000000000000000000000000000000000000000000000000000000000000110000011111111000000001111111100001000000000000000000000000000000000000000000000000000000000000000000000000000000
00000000000000000000000000000000000000000000000000000000000000000000000000000000000001010000111111111000000001111111100001000000000000000000000000000000000000000000000000000000000000000000000000000000
00000000000000000000000000000000000000000000000000000000000000000000000000000000000001101100011111111000000001111111100001000000000000000000000000000000000000000000000000000000000000000000000000000000
00000000000000000000000000000000000000000000000000000000000000000000000000000000000000010110011111111000000000000000000001000000000000000000000000000000000000000000000000000000000000000000000000000000
00000000000000000000000000000000000000000000000000000000000000000000000000000000000000011010011111111000000000000000000001000000000000000000000000000000000000000000000000000000000000000000000000000000
00000000000000000000000000000000000000000000000000000000000000000000000000000000000000001101011111111000000001111111100001000000000000000000000000000000000000000000000000000000000000000000000000000000
00000000000000000000000000000000000000000000000000000000000000000000000000000000000000000010111111111000000001111111100001000000000000000000000000000000000000000000000000000000000000000000000000000000
00000000000000000000000000000000000000000000000000000000000000000000000000000000000000100001011111111000000000000000000001000000000000000000000000000000000000000000000000000000000000000000000000000000
11111111111111111111111111111111111111111111111111111111111111111111111111111111111111111111101110111000000001111111100001000111111111000000000001110000000111111111000000000111111111111100000000000000
11111111111111111111111111111111111111111111111111111111111111111111111111111111111111111111110111000000000001111111100001000111111111000000000000000000000111111111000000000111111111111100000000000000
11111111111111111111111111111111111111111111111111111111111111111111111111111111111111111111111011011000000001111111100001000111111111000000000000000000000111111111000000000111111111111100000000000000
11111111111111111111111111111111111111111111111111111111111111111111111111111111111111111111111101100000000001111111100001000111111111000000000000000000000111111111000000000111111111111100000000000000
11111111111111111111111111111111111111111111111111111111111111111111111111111111111111111111101110111000000001111111100000000111111111000000000000000000000111111111000000000111111111111100000000000000
11111111111111111111111111111111111111111111111111111111111111111111111111111111111111111111110011010000000001111111100000000111111111000000000000000000000111111111000000000111111111111100000000000000
11111111111111111111111111111111111111111111111111111111111111111111111111111111111111111111110101101000000001111111100000000111111111000000000000000000000111111111000000000111111111111100000000000000
11111111111111111111111111111111111111111111111111111111111111111111111111111111111111111111110101010000000001111111100000000111111111000000000000000000000111111111000000000111111111111100000000000000
00000000000000000000000000000000000000000000000000000000000000000000000000000000000000000000000000000010100000000000000000000000000000000000000000000000000000000000000000000000000000000000000000000000
00000000000000000000000000000000000000000000000000000000000000000000000000000000000000000000000000000101010110000000000000000000000000000000000000000000000000000000000000000000000000000000000000000000
00000000000000000000000000000000000000000000000000000000000000000000000000000000000000000000000000000010100000000000000000000000000000000000000000000000000000000000000000000000000000000000000000000000
00000000000000000000000000000000000000000000000000000000000000000000000000000000000000000000000000000101000010000000000000000000000000000000000000000000000000000000000000000000000000000000000000000000
00000000000000000000000000000000000000000000000000000000000000000000000000000000000000000000000000000010001000000000000000000000000000000000000000000000000000000000000000000000000000000000000000000000
00000000000000000000000000000000000000000000000000000000000000000000000000000000000000000000000000000000010100000000000000000000000000000000000000000000000000000000000000000000000000000000000000000000
00000000000000000000000000000000000000000000000000000000000000000000000000000000000000000000000000000010001000000000000000000000000000000000000000000000000000000000000000000000000000000000000000000000
00000000000000000000000000000000000000000000000000000000000000000000000000000000000000000000000000000010100000000000000000000000000000000000000000000000000000000000000000000000000000000000000000000000
00000000000000000000000000000000000000000000000000000000000000000000000000000000000001110011011111111000000000001001100001000000000000000000000000000000000000000000000000000000000000000000000000000000
00000000000000000000000000000000000000000000000000000000000000000000000000000000000001110011011111111000000000000110100001000000000000000000000000000000000000000000000000000000000000000000000000000000
00000000000000000000000000000000000000000000000000000000000000000000000000000000000001110011011111111000000000000100100001000000000000000000000000000000000000000000000000000000000000000000000000000000
00000000000000000000000000000000000000000000000000000000000000000000000000000000000001110011011111111000000001000001100001000000000000000000000000000000000000000000000000000000000000000000000000000000
00000000000000000000000000000000000000000000000000000000000000000000000000000000000001110011011111111000000000110001100001000000000000000000000000000000000000000000000000000000000000000000000000000000
00000000000000000000000000000000000000000000000000000000000000000000000000000000000001110011011111111000000000100000000001000000000000000000000000000000000000000000000000000000000000000000000000000000
00000000000000000000000000000000000000000000000000000000000000000000000000000000000001110011011111111000000001001100100001000000000000000000000000000000000000000000000000000000000000000000000000000000
00000000000000000000000000000000000000000000000000000000000000000000000000000000000001110011011111111000000001111101000001000000000000000000000000000000000000000000000000000000000000000000000000000000
00000000000000000000000000000000000000000000000000000000000000000000000000000000000000000000000000000000000000000000000110111000000000000000000000000000000000000000010110000000000000000000000000000000
00000000000000000000000000000000000000000000000000000000000000000000000000000000000000000000000000000000000000000000000001101000000000000000000000000000000000000000000000000000000000000000000000000000
00000000000000000000000000000000000000000000000000000000000000000000000000000000000000000000000000000000000000000000010010111000000000000000000000000000000000000000000110000000000000000000000000000000
00000000000000000000000000000000000000000000000000000000000000000000000000000000000000000000000000000000000000000000010100111000000000000000000000000000000000000000110000000000000000000000000000000000
11111111111111111111111111111111111111111111111111111111111111111111111111111111111111111111111110000000000001111111101000011111111111000000000000000000000111111111000000000111111111111100000000000000
00000000000000000000000000000000000000000000000000000000000000000000000000000000000000000000000000000000000000000000011110010000000000000000000000000000000000000000000110000000000000000000000000000000
00000000000000000000000000000000000000000000000000000000000000000000000000000000000000000000000000000000000000000000010111101000000000000000000000000000000000000000000000000000000000000000000000000000
00000000000000000000000000000000000000000000000000000000000000000000000000000000000000000000000000000000000000000000011111010000000000000000000000000000000000000000000000000000000000000000000000000000
11111111111111111111111111111111111101111100000001110100000000001111100010111111111110000000011111111000000000000000000001000000111110000000000000000000000000000000000000000000011111111100000000000000
11111111111111111111111111111111111101111100000001110100000000001111100010111111111110000000011111111000000000000000000001000000011111000000000000000000000000000000000000000000011111111100000000000000
11111111111111111111111111111111111101111100000001110100000000001111100010111111111110000000011111111000000000000000000001000000011001000000000000000000000000000000000000000000011111111100000000000000
11111111111111111111111111111111111101111100000001110100000000001111100010111111111110000000011111111000000000000000000001000100000111000000000000000000000000000000000000000000011111111100000000000000
11111111111111111111111111111111111101111100000001110100000000001111100010111111111110000000011111111000000000000000000001000111000111000000000000000000000000000000000000000000011111111100000000000000
11111111111111111111111111111111111101111100000001110100000000001111100010111111111110000000011111111000000000000000000001000111000111000000000000000000000000000000000000000000011111111100000000000000
11111111111111111111111111111111111101111100000001110100000000001111100010111111111110000000011111111000000000000000000001000110111011000000000000000000000000000000000000000000011111111100000000000000
11111111111111111111111111111111111101111100000001110100000000001111100010111111111110000000011111111000000000000000000001000110111101000000000000000000000000000000000000000000011111111100000000000000
11111111111111111111111111111111111101111100000001110100000000001111100010111111111110000000011111111000000000000000000001000011111110000000000000000000000000000000000000000000011111111100000000000000
00000000000000000000000000000000000000000000000000000000000000000000000000000000000000000000000000000000000000000000000000000000000000000001110000001101111000000000000000000000000000000000000000000000
00000000000000000000000000000000000000000000000000000000000000000000000000000000000000000000000000000000000000000000000000000000000000000000100000000000000000000000000000000000000000000000000000000000
00000000000000000000000000000000000000000000000000000000000000000000000000000000000000000000000000000000000000000000000000000000000000000000010000001101111000000000000000000000000000000000000000000000
00000000000000000000000000000000000000000000000000000000000000000000000000000000000000000000000000000000000000000000000000000000000000000000010000001101111000000000000000000000000000000000000000000000
00000000000000000000000000000000000000000000000000000000000000000000000000000000000000000000000000000000000000000000000000000000000000000000000000000000000000000000000000000000000000000000000000000000
00000000000000000000000000000000000000000000000000000000000000000000000000000000000000000000000000000000000000000000000000000000000000100000110000000000000000000000000000000000000000000000000000000000
00000000000000000000000000000000000000000000000000000000000000000000000000000000000000000000000000000000000000000000000000000000000000110001010000000000000000000000000000000000000000000000000000000000
00000000000000000000000000000000000000000000000000000000000000000000000000000000000000000000000000000000000000000000000000000000000000101101100000001101111000000000000000000000000000000000000000000000
00000000000000000000000000000000000000000000000000000000000000000010000000000000000000000000000000000000000000000000000000000000000000000000000001110000000000000000000000000000000000000000000000000000
00000000000000000000000000000000000000000000000000000000000000000010000000000000000000000000000000000000000000000000000000000000000000000000000001110000000000000000000000000000000000000000000000000000
00000000000000000000000000000000000000000000000000000000000000000000000000000000000000000000000000000000000000000000000000000000000000000000000000000000000000000000000000000000000000000000000000000000
00000000000000000000000000000000000000000000000000000000000000000000000000000000000000000000010000000000000000000000000000000000000000000000001100010000000000000000000000000000000000000000000000000000
00000000000000000000000000000000000000000000000000000000000000000000000000000000000000000000010000000000000000000000000000000000000000000000001100010000000000000000000000000000000000000000000000000000
00000000000000000000000000000000000000000000000000000000000000000010000000000000000000000000010000000000000000000000000000000000000000000000001101100000000000000000000000000000000000000000000000000000
00000000000000000000000000000000000000000000000000000000000000000000000000000000000000000000000000000000000000000000000000000000000000101100010000000001011000000000000000000000000000000000000000000000
00000000000000000000000000000000000000000000000000000000000000000000000000000000000000000000000000000000000000000000000000000000000000101100010000000000111000000000000000000000000000000000000000000000
00000000000000000000000000000000000000000000000000000000000000000000000000000000000000000000000000000000000000000000000000000000000000000000000000000000011000000000000000000000000000000000000000000000
00000000000000000000000000000000000000000000000000000000000000000000000000000000000000000000000000000000000000000000000000000000000000101100010000001000010000000000000000000000000000000000000000000000
00000000000000000000000000000000000000000000000000000000000000000000000000000000000000000000000000000000000000000000000000000000000000101100010000000100001000000000000000000000000000000000000000000000
00000000000000000000000000000000000000000000000000000000000000000000000000000000000000000000000000000000000000000000000000000000000000101100010000001111000000000000000000000000000000000000000000000000
00000000000000000000000000000000000000000000000000000000000000000000000000000000000000000000000000000000000000000000000000000000000000101100010000001110100000000000000000000000000000000000000000000000
00000000000000000000000000000000000000000000000000000000111100001111010011011111111110000000011111111000000000000000000001000000000000000000000000000000000000010111000000000000000000000000000000000000
00000000000000000000000000000000000000000000000000000000111100001111010011011111111110000000011111111000000000000000000001000000000000000000000000000000000000001101000000000000000000000000000000000000
00000000000000000000000000000000000000000000000000000000111100001111010011011111111110000000011111111000000000000000000001000000000000000000000000000000000000001010000000000000000000000000000000000000
00000000000000000000000000000000000000000000000000000000111100001111010011011111111110000000011111111000000000000000000001000000000000000000000000000000000000000110000000000000000000000000000000000000
00000000000000000000000000000000000000000000000000000000111100001111010011011111111110000000011111111000000000000000000001000000000000000000000000000000000100000001000000000000000000000000000000000000
00000000000000000000000000000000000000000000000000000000111100001111010011011111111110000000011111111000000000000000000001000000000000000000000000000000000011000111000000000000000000000000000000000000
00000000000000000000000000000000000000000000000000000000111100001111010011011111111110000000011111111000000000000000000001000000000000000000000000000000000110101011000000000000000000000000000000000000
00000000000000000000000000000000000000000000000000000000111100001111010011011111111110000000011111111000000000000000000001000000000000000000000000000000000101101101000000000000000000000000000000000000
00000000000000000000000000000000000000000000000000000000111100001111010011011111111110000000011111111000000000000000000001000000000000000000000000000000000110011110000000000000000000000000000000000000
00000000000000000000000000000000000000000000000000000000000000000000000000000000000000000000000000000000000000000000000010000000000000000000000000000000000000000000000010000000000000000000000000000000
00000000000000000000000000000000000000000000000000000000000000000000000000000000000000000000000000000000000000000000010010000000000000000000000000000000000000000000000000000000000000000000000000000000
00000000000000000000000000000000000000000000000000000000000000000000000000000000000000000000000000000000000000000000000000000000000000000000000000000000000000000000000010000000000000000000000000000000
00000000000000000000000000000000000000000000000000000000000000000000000000000000000000000000000000000000000000000000010100100000000000000000000000000000000000000000000000000000000000000000000000000000
00000000000000000000000000000000000000000000000000000000000000000000000000000000000000000000000000000000000000000000010100100000000000000000000000000000000000000000101000000000000000000000000000000000
00000000000000000000000000000000000000000000000000000000000000000000000000000000000000000000000000000000000000000000000000000000000000000000000000000000000000000000000000001011100000000000000000000000
00000000000000000000000000000000000000000000000000000000000000000000000000000000000000000000000000000000000000000000000000000000000000000000000000000000000000000000000000000001000000000000000000000000
00000000000000000000000000000000000000000000000000000000000000000000000000000000000000000000000000000000000000000000000000000000000000000000000000000000000000000000000000000000100000000000000000000000
00000000000000000000000000000000000000000000000000000000000000000000000000000000000000000000000000000000000000000000000000000000000000000000000000000000000000000000000001000010100000000000000000000000
00000000000000000000000000000000000000000000010111000011000000001111010011011110111110000000011111111000000000000000000001000000000000000000000000000000000000000000000000000000000000000000000000000000
00000000000000000000000000000000000000000000010111000011000000001111010011011110111110000000011111111000000000000000000001000000000000000000000000000000000000000000000001001000100000000000000000000000
00000000000000000000000000000000000000000000010111000011000000001111010011011110111110000000011111111000000000000000000001000000000000000000000000000000000000000000000001100000100000000000000000000000
00000000000000000000000000000000000000000000010111000011000000001111010011011110111110000000011111111000000000000000000001000000000000000000000000000000000000000000000001011011000000000000000000000000
00000100111111111000000000000000001111111100000001111111000000001111111111111111111110000000011111111000000000000000000001000111111111000000000000000000000000000000000000000000000010111100000000000000
00000100111111111000000000000000001111111100000001111111000000001111111111111111111110000000011111111000000000000000000001000111111111000000000000000000000000000000000000000000000001111100000000000000
00000100111111111000000000000000001111111100000001111111000000001111111111111111111110000000011111111000000000000000000001000111111111000000000000000000000000000000000000000000000001110100000000000000
00000100111111111000000000000000001111111100000001111111000000001111111111111111111110000000011111111000000000000000000001000111111111000000000000000000000000000000000000000000010000001000000000000000
00000100111111111000000000000000001111111100000001111111000000001111111111111111111110000000011111111000000000000000000001000111111111000000000000000000000000000000000000000000001100000100000000000000
00000100111111111000000000000000001111111100000001111111000000001111111111111111111110000000011111111000000000000000000001000111111111000000000000000000000000000000000000000000011100011100000000000000
00000100111111111000000000000000001111111100000001111111000000001111111111111111111110000000011111111000000000000000000001000111111111000000000000000000000000000000000000000000011100101100000000000000
00000100111111111000000000000000001111111100000001111111000000001111111111111111111110000000011111111000000000000000000001000111111111000000000000000000000000000000000000000000011010110000000000000000
00000100111111111000000000000000001111111100000001111111000000001111111111111111111110000000011111111000000000000000000001000111111111000000000000000000000000000000000000000000011101110000000000000000
00000000000000000000000000000000000000000000000000000000000000000000000000000000000000000000000000000000000000000000000000000000000000000000000000000000000000000000000000000000000000000000011011100000
00000000000000000000000000000000000000000000000000000000000000000000000000000000000000000000000000000000000000000000000000000000000000000000000000000000000000000000000000000000000000000000001111100000
00000000000000000000000000000000000000000000000000000000000000000000000000000000000000000000000000000000000000000000000000000000000000000000000000000000000000000000000000000000000000000000000101100000
00000000000000000000000000000000000000000000000000000000000000000000000000000000000000000000000000000000000000000000000000000000000000000000000000000000000000000000000000000000000000000010000001100000
00000000000000000000000000000000000000000000000000000000000000000000000000000000000000000000000000000000000000000000000000000000000000000000000000000000000000000000000000000000000000000011000011100000
00000000000000000000000000000000000000000000000000000000000000000000000000000000000000000000000000000000000000000000000000000000000000000000000000000000000000000000000000000000000000000001100011100000
00000000000000000000000000000000000000000000000000000000000000000000000000000000000000000000000000000000000000000000000000000000000000000000000000000000000000000000000000000000000000000011001101100000
00000000000000000000000000000000000000000000000000000000000000000000000000000000000000000000000000000000000000000000000000000000000000000000000000000000000000000000000000000000000000000011111110000000
00000000000000000000000000000000000000000000000000000000000000000000000000000000000000000000000000000000000000000000000000000000000000000000000000000000000000000000000000000000000000000011111110000000
00000000100000000000000000000000000000000000000000000000000000000000000000010000010000000000000000000000000000000000000000000000000000000000000000000000000000000000000000000000000000000000000000000001
00000000100000000000000000000000000000000000000000000000000000000000000000000000000000000000000000000000000000000000000000000000000000000000000000000000000000000000000000000000000000000000000000000001
00000000100000000000000000000000000000000000000000000000000000000000000000010000000000000000000000000000000000000000000000000000000000000000000000000000000000000000000000000000000000000000000000000000
00000000000000000000000000000000000000000000000000000000000000000000000010000000010000000000000000000000000000000000000000000000000000000000000000000000000000000000000000000000000000000000000000000000
00000000100000000000000000000000000000000000000000000000000000000000000000000000000000000000000000000000000000000000000000000000000000000000000000000000000000000000000000000000000000000000000000011000
