0001111111111100000000011111111100000001111111111111111100000000011111111111111111111111111111111111
0000111111111100000000011111111100000001111111111111111100000000011111111111111111111111111111111111
0001101111111100000000011111111100000000000000001111111100000000011111111111111111111111111111111111
1010001111111100000000011111111100001000000000001111111100000000011111111111111111111111111111111111
1110010000000000000000011111111100000000000000001111111100000000011111111111111111111111111111111111
1100101111111100000000011111111100000001111111111111111100000000011111111111111111111111111111111111
1111010111100000000000011111111100000001111111111111111100000000011111111111111111111111111111111111
1111011011101000000000011111111100000001111111111111111100000000011111111111111111111111111111111111
1111011101110000000000011111111100000001111111111111111100000000011111111111111111111111111111111111
1111011110110000000000011111111100000001111111111111111100000000011111111111111111111111111111111111
1111011111011000000000011111111100000001111111111111111100000000011111111111111111111111111111111111
1111010011100000000000011111111100000001111111111111111100000000011111111111111111111111111111111111
1111010100100000000000011111111100000001111111111111111100000000011111111111111111111111111111111111
1111010000000000000000011111111100000001111111111111111100000000011111111111111111111111111111111111
0000000000000001111000011111111100000000000000001111111100000000011111111111111111111111111111111111
0000000000000010111101111111111100000000000000001111111100000000011111111111111111111111111111111111
0000000000000011011110011111111100000000000000001111111100000000011111111111111111111111111111111111
0000000000000011101110011111111100000000000000001111111100000000011111111111111111111111111111111111
0000000000000011110111011111111100000000000000001111111100000000011111111111111111111111111111111111
0000000000000001111010111111111100000000000000001111111100000000011111111111111111111111111111111111
0000000000000000111101011111111100000000000000001111111100000000011111111111111111111111111111111111
0000000000000001001010111111111100000000000000001111111100000000011111111111111111111111111111111111
0000000000000001000101011111111100000000000000001111111100000000011111111111111111111111111111111111
1111111111111111111111100001011100001001111111111111111100000000011111111111111111111111111111111111
1111111111111111111111100000101100001001111111111111111100000000011111111111111111111111111111111111
1111111111111111111111100000010000001001111111111111111100000000011111111111111111111111111111111111
1111111111111111111111100000001100001001111111111111111100000000011111111111111111111111111111111111
1111111111111111111111110000011100001001111111111111111100000000011111111111111111111111111111111111
1111111111111111111111101000001100001001111111111111111100000000011111111111111111111111111111111111
1111111111111111111111110101001100001001111111111111111100000000011111111111111111111111111111111111
1111111111111111111111111011110100001001111111111111111100000000011111111111111111111111111111111111
1111111111111111111111111011111000001001111111111111111100000000011111111111111111111111111111111111
0000000000000000000000000000000000001110000000001111111100000000011111111111111111111111111111111111
0000000000000000000000000000000000000110000000001111111100000000011111111111111111111111111111111111
0000000000000000000000000000000000001100000000001111111100000000011111111111111111111111111111111111
0000000000000000000000000000000000000110000000001111111100000000011111111111111111111111111111111111
0001000000000000000000011111111110100010000000001111111100000000011111111111111111111111111111111111
0000000000000000000000000000000011110010000000001111111100000000011111111111111111111111111111111111
0000000000000000000000000000000011011100000000001111111100000000011111111111111111111111111111111111
1100011111111100000000011111111100000000001010111111111100000000011111111111111111111111111111111111
1100011111111100000000011111111100000000000101011111111100000000011111111111111111111111111111111111
1100011111111100000000011111111100000000000011101111111100000000011111111111111111111111111111111111
1100011111111100000000011111111100000001000000011111111100000000011111111111111111111111111111111111
1100011111111100000000011111111100000000100001001111111100000000011111111111111111111111111111111111
1100011111111100000000011111111100000001010000111111111100000000011111111111111111111111111111111111
1100011111111100000000011111111100000000110100111111111100000000011111111111111111111111111111111111
1100011111111100000000011111111100000001010011001111111100000000011111111111111111111111111111111111
1100011111111100000000011111111100000001101011001111111100000000011111111111111111111111111111111111
1111111111111111111111111111111111111111111111110001100100000000011111111111111111111111111111111111
1111111111111111111111111111111111111111111111110000011100000000011111111111111111111111111111111111
1111111111111111111111111111111111111111111111110000011100000000011111111111111111111111111111111111
1111111111111111111111111111111111111111111111111000100000000000011111111111111111111111111111111111
1111111111111111111111111111111111111111111111111001000000000000011111111111111111111111111111111111
1111111111111111111111111111111111111111111111110110001100000000011111111111111111111111111111111111
1111111111111111111111111111111111111111111111110110010100000000011111111111111111111111111111111111
1111111111111111111111111111111111111111111111111110011000000000011111111111111111111111111111111111
0000000000000000000000000000000000000000000000000000000000010111111111111111111111111111111111111111
0000000000000000000000000000000000000000000000000000000000001011111111111111111111111111111111111111
0000000000000000000000000000000000000000000000000000000000000011011111111111111111111111111111111111
0000000000000000000000000000000000000000000000000000000010000100111111111111111111111111111111111111
0000000000000000000000000000000000000000000000000000000001000011111111111111111111111111111111111111
0000000000000000000000000000000000000000000000000000000010010000111111111111111111111111111111111111
0000000000000000000000000000000000000000000000000000000011101001111111111111111111111111111111111111
0000000000000000000000000000000000000000000000000000000011101010111111111111111111111111111111111111
0000000000000000000000000000000000000000000000000000000011011111011111111111111111111111111111111111
1111111111111111111111111111111111111111111111111111111111111111100011011111111111111111111111111111
1111111111111111111111111111111111111111111111111111111111111111100001111111111111111111111111111111
1111111111111111111111111111111111111111111111111111111111111111100000111111111111111111111000000000
1111111111111111111111111111111111111111111111111111111111111111110000010111111111111111111111111111
1111111111111111111111111111111111111111111111111111111111111111111000001111111111111111111111111111
1111111111111111111111111111111111111111111111111111111111111111101100011111111111111111111111111111
1111111111111111111111111111111111111111111111111111111111111111111110101111111111111111111111111111
1111111111111111111111111111111111111111111111111111111111111111111101110111111111111111111111111111
1111111111111111111111111111111111111111111111111111111111111111111111111000011011111111111111111111
1111111111111111111111111111111111111111111111111111111111111111111111111000001011111111111111111111
1111111111111111111111111111111111111111111111111111111111111111111111111000000110111111111111111111
1111111111111111111111111111111111111111111111111111111111111111111111111000000101111111111111111111
1111111111111111111111111111111111111111111111111111111111111111111111111100000011111111111111111111
1111111111111111111111111111111111111111111111111111111111111111111111111110000001111111111111111111
1111111111111111111111111111111111111111111111111111111111111111111111111001100011111111111111111111
1111111111111111111111111111111111111111111111111111111111111111111111111111010101111111111111111111
1111111111111111111111111111111111111111111111111111111111111111111111111110111110111111111111111111
1111111111111111111111111111111111111111111111111111111111111111111111111111111111000011110111111111
1111111111111111111111111111111111111111111111111111111111111111111111111111111111000010001111111111
1111111111111111111111111111111111111111111111111111111111111111111111111111111111000001110111111111
1111111111111111111111111111111111111111111111111111111111111111111111111111111111000000111111111111
1111111111111111111111111111111111111111111111111111111111111111111111111111111111110000101111111111
1111111111111111111111111111111111111111111111111111111111111111111111111111111111101000011111111111
1111111111111111111111111111111111111111111111111111111111111111111111111111111111101110011111111111
1111111111111111111111111111111111111111111111111111111111111111111111111111111111101101101111111111
1111111111111111111111111111111111111111111111111111111111111111111111111111111111010111110111111111
1111111111111111111111111111111111111111111111111111111111111111111011111111111111111111111000101111
1111111111111111111111111111111111111111111111111111111111111111111011111111111111111111111000010111
1111111111111111111111111111111111111111111111111111111111111111111011111111111111111111111000001110
1111111111111111111111111111111111111111111111111111111111111111111011111111111111111111111100001111
1111111111111111111111111111111111111111111111111111111111111111111011111111111111111111111010000001
1111111111111111111111111111111111111111111111111111111111111111111011111111111111111111111101100111
1111111111111111111111111111111111111111111111111111111111111111111011111111111111111111111111101001
1111111111111111111111111111111111111111111111111111111111111111111011111111111111111111111111101001
1111111111111111111111111111111111111111111111111111111111111111111011111111111111111111111110111110
