011101000000000000000000001111111111000000000000000000000111111110000011111111111111110000010111111111111111111111111111111111111111111111111111111111
101110100000000000000000000111111111000000101111000000000111111110000011111111111111110000010100000000011111111111111111111111111111111111111111111111
110110100000000000000000000111111111100010101111000000000111111110000011111111111111110000010100000000011111111111111111111111111111111111111111111111
111011010000000000000011100111111111000000000000000000000111111110000011111111111111110000010111111111111111111111111111111111111111111111111111111111
011101110000000000000000000111111111100000101111000000000111111110000011111111111111110000010100000000011111111111111111111111111111111111111111111111
100110010000000000000000000111111111000000000000000000000111111110000011111111111111110000010100000000011111111111111111111111111111111111111111111111
011010000000000000000000000111111111000000000000000000000111111110000011111111111111110000010100000000011111111111111111111111111111111111111111111111
000111000000000000000000000111111111000000000000000000000111111110000011111111111111110000010100000000011111111111111111111111111111111111111111111111
000000000110101000000000000111111111000000000000000000000111111110000011111111111111110000010100000000011111111111111111111111111111111111111111111111
000000001011000000000000000111111111000000000000000000000111111110000011111111111111110000010100000000011111111111111111111111111111111111111111111111
000000001101100001011100000111111111000000000000000000000111111110000011111111111111110000010100000000011111111111111111111111111111111111111111111111
000000000110111000000000000111111111000000000000000000000111111110000011111111111111110000010100000000011111111111111111111111111111111111111111111111
000000001011010000000000000111111111000000000000000000000111111110000011111111111111110000010100000000011111111111111111111111111111111111111111111111
000000000001100001011100000111111111000000000000000000000111111110000011111111111111110000010100000000011111111111111111111111111111111111111111111111
000000001001000000000000000111111111000000000000000000000111111110000011111111111111110000010100000000011111111111111111111111111111111111111111111111
000000000000000000111000000111111111000000000000000000000111111110000011111111111111110000010100000000011111111111111111111111111111111111111111111111
000000000000000000101000000111111111000000000000000000000111111110000011111111111111110000010100000000011111111111111111111111111111111111111111111111
000000000010010000010100000111111111000000000000000000000111111110000011111111111111110000010100000000011111111111111111111111111111111111111111111111
000000000000000110000100000111111111000000000000000000000111111110000011111111111111110000010100000000011111111111111111111111111111111111111111111111
000000000010010101000100000111111111000000000000000000000111111110000011111111111111110000010100000000011111111111111111111111111111111111111111111111
000000000010010110000100000111111111000000000000000000000111111110000011111111111111110000010100000000011111111111111111111111111111111111111111111111
000000000010010001111000000111111111000000000000000000000111111110000011111111111111110000010100000000011111111111111111111111111111111111111111111111
000100000000000000000000011111111111000000000000000000000111111110000011111111111111110000010111111111111111111111111111111111111111111111111111111111
000100000000000000000000011111111111000000000000000000000111111110000011111111111111110000010111111111111111111111111111111111111111111111111111111111
000100000000000000000000000111111111000000000000000000000111111110000011111111111111110000010100000000011111111111111111111111111111111111111111111111
000000000000000000000011001111111111000000000000000000000111111110000011111111111111110000010100000000011111111111111111111111111111111111111111111111
100000000000000000000011010111111111000000000000000000000111111110000011111111111111110000010111111111111111111111111111111111111111111111111111111111
111111111111111111111111111000010011000000101111000000000111111110000011111111111111110000010111111111111111111111111111111111111111111111111111111111
111111111111111111111111111000001111000000101111000000000111111110000011111111111111110000010111111111111111111111111111111111111111111111111111111111
111111111111111111111111111000001101000000101111000000000111111110000011111111111111110000010111111111111111111111111111111111111111111111111111111111
111111111111111111111111111000000100000000101111000000000111111110000011111111111111110000010111111111111111111111111111111111111111111111111111111111
111111111111111111111111111100000000000010101111000000000111111110000011111111111111110000010111111111111111111111111111111111111111111111111111111111
111111111111111111111111111011000011000000101111000000000111111110000011111111111111110000010111111111111111111111111111111111111111111111111111111111
111111111111111111111111111011100011000000101111000000000111111110000011111111111111110000010111111111111111111111111111111111111111111111111111111111
111111111111111111111111111110001101000000101111000000000111111110000011111111111111110000010111111111111111111111111111111111111111111111111111111111
111111111111111111111111111111001110000000101111000000000111111110000011111111111111110000010111111111111111111111111111111111111111111111111111111111
001010000000000000000000000000000000001110000000000000000111111110000011111111111111110000010100000000011111111111111111111111111111111111111111111111
000000000000000000000000000000000000000000000000000000000111111110000011111111111111110000010100000000011111111111111111111111111111111111111111111111
000000000000000000000000000000000000100110000000000000000111111110000011111111111111110000010100000000011111111111111111111111111111111111111111111111
000000000000000000000000000000000000101010000000000000000111111110000011111111111111110000010100000000011111111111111111111111111111111111111111111111
001000000000000000000000000000010000101100000000000000000111111110000011111111111111110000010100000000011111111111111111111111111111111111111111111111
000000000000000000000000000000000000000000000100000000000111111110000011111111111111110000010100000000011111111111111111111111111111111111111111111111
011010000000000000000000000111111111000000001011000000000111111110000011111111111111110000010100000000011111111111111111111111111111111111111111111111
000000000000000000000000000000000000000000000010000000000111111110001111111111111111110000010100000000011111111111111111111111111111111111111111111111
011010000000000000000000000111111111000000100001000000000111111110000011111111111111110000010100000000011111111111111111111111111111111111111111111111
011010000000000000000000000111111111000001000011000000000111111110000011111111111111110000010100000000011111111111111111111111111111111111111111111111
011010000000000000000000000111111111000000110101000000000111111110000011111111111111110000010100000000011111111111111111111111111111111111111111111111
011010000000000000000000000111111111000000101110000000000111111110000011111111111111110000010100000000011111111111111111111111111111111111111111111111
000000000000000000000000000000000000000000000000011101000111111110000011111111111111110000010100000000011111111111111111111111111111111111111111111111
000000000000000000000000000000000000000000000000101101000111111110000011111111111111110000010100000000011111111111111111111111111111111111111111111111
000000000000000000000000000000000000000000000000110110000111111110000011111111111111110000010100000000011111111111111111111111111111111111111111111111
000000000000000000000000000000000000000000000000111010110111111110000011111111111111110000010100000000011111111111111111111111111111111111111111111111
000000000000000000000000000000000000000000000000001101111111111110000011111111111111110000010100000000011111111111111111111111111111111111111111111111
000000000000000000000000000000000000000000000000110010100111111110000011111111111111110000010100000000011111111111111111111111111111111111111111111111
000000000000000000000000000000000000000000000000000111010111111110000011111111111111110000010100000000011111111111111111111111111111111111111111111111
000000000000000000000000000000000000000000000000000110100111111110000011111111111111110000010100000000011111111111111111111111111111111111111111111111
000000000000000000000000000000000000000000000000000010000111111110000011111111111111110000010100000000011111111111111111111111111111111111111111111111
111111111111111111111111111111111111111111111111111111111011101000000011111111111111110000010111111111111111111111111111111111111111111111111000000000
111111111111111111111111111111111111111111111111111111111101101000000011111111111111110000010111111111111111111111111111111111111111111111111000000000
111111111111111111111111111111111111111111111111111111111110110000000011111111111111110000010111111111111111111111111111111111111111111111111111111111
111111111111111111111111111111111111111111111111111111111111010111001011111111111111110000010111111111111111111111111111111111111111111111111111111111
111111111111111111111111111111111111111111111111111111111001101100000011111111111111110000010111111111111111111111111111111111111111111111111000000000
111111111111111111111111111111111111111111111111111111111110010100000011111111111111110000010111111111111111111111111111111111111111111111111000000000
111111111111111111111111111111111111111111111111111111111000111000000011111111111111110000010111111111111111111111111111111111111111111111111000000000
111111111111111111111111111111111111111111111111111111111000100000000011111111111111110000010111111111111111111111111111111111111111111111111000000000
000000000000000000000000000000000000000000000000000000000000100000010111111111111111110000010100000000011111111111111111111111111111111111111000000000
000000000000000000000000000000000000000000000000000000000000000000001011111111111111110000010100000000011111111111111111111111111111111111111000000000
000000000000000000000000000000000000000000000000000000000000000001000111111111111111110000010100000000011111111111111111111111111111111111111000000000
000000000000000000000000000000000000000000010000000000000000100000100111111111111111110000010100000000011111111111111111111111111111111111111000000000
000000000000000000000000000000000000000000010000000000000000000001011011111111111111110000010100000000011111111111111111111111111111111111111000000000
111111111111111111111111111111111111111111111111111111111111111111111100010111111111110000000011111111111111111111111111111111111111111111111111111111
111111111111111111111111111111111111111111111111111111111111111111111100010111111111110000000011111111111111111111111111111111111111111111111111111111
111111111111111111111111111111111111111111111111111111111111111111111100001010111111110000000011111111111111111111111111111111111111111111111111111111
111111111111111111111111111111111111111111111111111111111111111111111111000101111111110000000011111111111111111111111111111111111111111111111111111111
111111111111111111111111111111111111111111111111111111111111111111111100100000111111110000010111111111111111111111111111111111111111111111111111111111
111111111111111111111111111111111111111111111111111111111111111111111111010001111111110000000011111111111111111111111111111111111111111111111111111111
111111111111111111111111111111111111111111111111111111111111111111111111100000111111110000010111111111111111111111111111111111111111111111111111111111
111111111111111111111111111111111111111111111111111111111111111111111111010100111111110000000011111111111111111111111111111111111111111111111111111111
111111111111111111111111111111111111111111111111111111111111111111111111111111000011110000010111111111111111111111111111111111111111111111111111111111
111111111111111111111111111111111111111111111111111111111111111111111111111111000011110000010111111111111111111111111111111111111111111111111111111111
111111111111111111111111111111111111111111111111111111111111111111111111111111000000100000010111111111111111111111111111111111111111111111111111111111
111111111111111111111111111111111111111111111111111111111111111111111111111111000000010000010111111111111111111111111111111111111111111111111111111111
111111111111111111111111111111111111111111111111111111111111111111111111111111110000110000010111111111111111111111111111111111111111111111111111111111
111111111111111111111111111111111111111111111111111111111111111111111111111111110000000000010111111111111111111111111111111111111111111111111111111111
111111111111111111111111111111111111111111111111111111111111111111111111111111111010010000010111111111111111111111111111111111111111111111111111111111
111111111111111111111111111111111111111111111111111111111111111111111111111111110110100000010111111111111111111111111111111111111111111111111111111111
000000000000000000000000000000000000000000000000000000000000000000000000000000000000000001111100000000011111111111111111111111111111111111111000000000
000000000000000000000000000000000000000000000000000000000000000000000000000000000000000000111000000000011111111111111111111111111111111111111000000000
000000000000000000000000000000000000000000000000000000000000000000000000000000000000000000000100000000011111111111111111111111111111111111111000000000
000000000000000000000000000000000000000000000000000000000000000000000000000000000000001000001000000000011111111111111111111111111111111111111000000000
000000000000000000000000000000000000000000000000000000000000000000000000000000000000001100001100000000011111111111111111111111111111111111111000000000
111111111111111111111111111111111111111111111111111111111111111111111100001010111111111100000111111111111111111111111111111111111111111111111111111111
000000000000000000000000000000000000000000000000000000000000000000000000000000000000001101100000000000011111111111111111111111111111111111111000000000
111111111111111111111111111111111111111111111111111111111111111111111100001010111111111010110011111111111111111111111111111111111111111111111111111111
100100000000000000000011001111111111000000000000000000000111111110000011111111111111110000010100001011111111111111111111111111111111111111111111111111
100100000000000000000011001111111111000000000000000000000111111110000011111111111111110000010100000101011111111111111111111111111111111111111111111111
100100000000000000000011001111111111000000000000000000000111111110000011111111111111110000010100000011111111111111111111111111111111111111111111111111
100100000000000000000011001111111111000000000000000000000111111110000011111111111111110000010100000000111111111111111111111111111111111111111111111111
100100000000000000000011001111111111000000000000000000000111111110000011111111111111110000010110000011111111111111111111111111111111111111111111111111
100100000000000000000011001111111111000000000000000000000111111110000011111111111111110000010101000000111111111111111111111111111111111111111111111111
100100000000000000000011001111111111000000000000000000000111111110000011111111111111110000010110101000011111111111111111111111111111111111111111111111
100100000000000000000011001111111111000000000000000000000111111110000011111111111111110000010111101000111111111111111111111111111111111111111111111111
100100000000000000000011001111111111000000000000000000000111111110000011111111111111110000010110111101011111111111111111111111111111111111111111111111
111111111111111111111111111111111111111111111111111111111111111111111111111111111111111111111111111111100000100111111111111111111111111111111111111111
111111111111111111111111111111111111111111111111111111111111111111111111111111111111111111111111111111100000011111111111111111111111011111111111111111
111111111111111111111111111111111111111111111111111111111111111111111111111111111111111111111111111111100000011111111111111111111111011111111111111111
111111111111111111111111111111111111111111111111111111111111111111111111111111111111111111111111111111100000011111111111111111111111011111111111111111
111111111111111111111111111111111111111111111111111111111111111111111111111111111111111111111111111111100000001111111111111111111101111111111111111111
111111111111111111111111111111111111111111111111111111111111111111111111111111111111111111111111111111110000001111111111111111111111111111111111111111
111111111111111111111111111111111111111111111111111111111111111111111111111111111111111111111111111111101110001111111111111111111111111111111111111111
111111111111111111111111111111111111111111111111111111111111111111111111111111111111111111111111111111101111110111111111111111111111111111111111111111
111111111111111111111111111111111111111111111111111111111111111111111111111111111111111111111111111111111111111000001010111111111111111111111111111111
111111111111111111111111111111111111111111111111111111111111111111111111111111111111111111111111111111111111111000001000111111111111111111111111111111
111111111111111111111111111111111111111111111111111111111111111111111111111111111111111111111111111111111111111000000111111111111111111111111111111111
111111111111111111111111111111111111111111111111111111111111111111111111111111111111111111111111111111111111111000000111111111111111111111111111111111
111111111111111111111111111111111111111111111111111111111111111111111111111111111111111111111111111111111111111000000111111111111111111111111111111111
111111111111111111111111111111111111111111111111111111111111111111111111111111111111111111111111111111111111111110000000111111111111111111111111111111
111111111111111111111111111111111111111111111111111111111111111111111111111111111111111111111111111111111111111001110001111111111111111111111111111111
111111111111111111111111111111111111111111111111111111111111111111111111111111111111111111111111111111111111111101110000111111111111111111111111111111
111111111111111111111111111111111111111111111111111111111111111111111111111111111111111111111111111111111111111001110100111111111111111111111111111111
111111111111111111111111111111111111111111111111111111111111111111111111111111111111111111111111111111111111111111111111011101000111111111111111111111
111111111111111111111111111111111111111111111111111111111111111111111111111111111111111111111111111111111111111111111111101110000111111111111111111111
111111111111111111111111111111111111111111111111111111111111111111111111111111111111111111111111111111111111111111111111110110010111111111111111111111
111111111111111111111111111111111111111111111111111111111111111111111111111111111111111111111111111111111111111111111111111011101111111111111111111111
111111111111111111111111111111111111111111111111111111111111111111111111111111111111111111111111111111111111111111111111011101100111111111111111111111
111111111111111111111111111111111111111111111111111111111111111111111111111111111111111111111111111111111111111111111111100110010111111111111111111111
111111111111111111111111111111111111111111111111111111111111111111111111111111111111111111111111111111111111111111111111000110011111111111111111111111
111111111111111111111111111111111111111111111111111111111111111111111111111111111111111111111111111111111111111111111111001001100111111111111111111111
111111111111111111111111111111111111111111111111111111111111111111111111111111111111111111111111111111111111111111111111000100100111111111111111111111
111111111111111111111111111111111111111111111111111111111111111111111111111111111111111111111111111111111111111111111111111111111010111111111111111111
111111111111111111111111111111111111111111111111111111111111111111111111111111111111111111111111111111111110111111111111111111111101011111111111111111
111111111111111111111111111111111111111111111111111111111111111111111111111111111111111111111111111111111111111111111111111111111010111111111111111111
111111111111111111111111111111111111111111111111111111111111111111111111111111111111111111111111111111110001111111111111111111111101011111111111111111
111111111111111111111111111111111111111111111111111111111111111111111111111111111111111111111111111111111111111111111111111111111111100010111111111111
111111111111111111111111111111111111111111111111111111111111111111111111111111111111111111111111111111111111111111111111111111111111100001101111111111
111111111111111111111111111111111111111111111111111111111111111111111111111111111111111111111111111111111111111111111111111111111111100000010111111111
111111111111111111111111111111111111111111111111111111111111111111111111111111111111111111111111111111111111111111111111111111111111110000011111111111
111111111111111111111111111111111111111111111111111111111111111111111111111111111111111111111111111111111111111111111111111111111111101000110111111111
111111111111111111111111111111111111111111111111111111111111111111111111111111111111111111111111111111111111111111111111111111111111111001001111111111
111111111111111111111111111111111111111111111111111111111111111111111111111111111111111111111111111111111111111111111111111111111111110111001111111111
111111111111111111111111111111111111111111111111111111111111111111111111111111111111111111111111111111111111111111111111111111111111111010110111111111
111111111111111111111111111111111111111111111111111111111001100000000011111111111111110000010111111111111111111111111111111111111111111111111000010111
111111111111111111111111111111111111111111111111111111111001100000000011111111111111110000010111111111111111111111111111111111111111111111111000001111
111111111111111111111111111111111111111111111111111111111001100000000011111111111111110000010111111111111111111111111111111111111111111111111000000010
111111111111111111111111111111111111111111111111111111111001100000000011111111111111110000010111111111111111111111111111111111111111111111111000000001
111111111111111111111111111111111111111111111111111111111001100000000011111111111111110000010111111111111111111111111111111111111111111111111100000111
111111111111111111111111111111111111111111111111111111111001100000000011111111111111110000010111111111111111111111111111111111111111111111111010000111
111111111111111111111111111111111111111111111111111111111001100000000011111111111111110000010111111111111111111111111111111111111111111111111110011011
111111111111111111111111111111111111111111111111111111111001100000000011111111111111110000010111111111111111111111111111111111111111111111111111011101
111111111111111111111111111111111111111111111111111111111001100000000011111111111111110000010111111111111111111111111111111111111111111111111110111110
