0000111111111110001000011111111111111111
0000111111111110001000011111111111111111
0000011111111110001000011111111111111111
0000001111111110001000011111111111111111
1100010111111110001000011111111111111111
1110101111111110001000011111111111111111
1111010111111111111111111111111111111111
1111111011100001111111111111111111111111
1111111101100101111111111111111111111111
1111111110000001111111100100000111111111
1111111110011011111111100100000111111111
1111111000101001111111100100000111111111
1111111000110001111111100100000111111111
1111111010000001111111100100000111111111
1111111000100001111111100100000111111111
0000001111111110111010011111111111111111
0000001111111111011101011111111111111111
0000001111111111101101111111111111111111
1111111111111111110110111111111111111111
0000001111111110111011111111111111111111
0000001111111111001100011111111111111111
0000001111111110110100011111111111111111
0000001111111110011100011111111111111111
1111111110000001111111101101001111111111
1111111110000001111111110110010111111111
1111111111111111111111111010100111111111
1111111110000001111111101101100111111111
1111111110000001111111110010010111111111
1111111110000001111111100110000111111111
1111111110000001111111101001001111111111
1111111110000001111111110000010111111111
1111111111111111111111111111111011100000
1111111111111111111111111111111101100000
1111111111111111111111111111111110111001
1111111111111111111111111111111111011110
1111111111111111111111111111111001101001
1111111111111111111111111111111001110110
1111111111111111111111111111111000101000
1111111111111111111111111111111000101000
1111111111111111111111111111111001010000
