011011011111111111111111111111110000000000000000111111110000100000000000000000000000000000
101101011111111111111111111111110000000000000000111111110000100000000000000000000000000000
110111011111111111111111111111110000000000000000111111110000100000000000000000000000000000
011011011111111111111111111111110000000000000000111111110000100000000000000000000000000000
101101011111111111111111111111110000000000000000111111110000100000000000000000000000000000
111110111111111100000000111111110000000000000000100111000000100000000000000000000000000000
000001000000000000000000111111110000000000000000100111000000100000000000000000000000000000
111111000011011111111111111111110000000000000000111111110000100000000000000000000000000000
111111000010111111111111111111110000000000000000111111110000100000000000000000000000000000
111111000001111111111111111111110000000000000000111111110000100000000000000000000000000000
111111011000011111111111111111110000000000000000111111110000100000000000000000000000000000
111111010100000111111111111111110000000000000000111111110000100000000000000000000000000000
111111001100000111111111111111110000000000000000111111110000100000000000000000000000000000
111111011110001111111111111111110000000000000000111111110000100000000000000000000000000000
111111011110010111111111111111110000000000000000111111110000100000000000000000000000000000
111111011111111011111111111111110000000000000000111111110000100000000000000000000000000000
111110011111111100011011111111110000000000000000111111110000100000000000000000000000000000
111110011111111100001111111111110000000000000000111111110000100000000000000000000000000000
111110011111111100000111111111110000000000000000111111110000100000000000000000000000000000
111110011111111110000001111111110000000000000000111111110000100000000000000000000000000000
111110011111111111000001111111110000000000000000111111110000100000000000000000000000000000
111110011111111101100010111111110000000000000000100111000000100000000000000000000000000000
111110011111111111100100111111110000000000000000111111110000100000000000000000000000000000
111110011111111111111000111111110000000000000000111111110000100000000000000000000000000000
111111111111111111111111011010000000000000000000111111110000100000000000000000000000000000
111111111111111111111111101100000000000000000000111111110000100000000000000000000000000000
111111111111111111111111110110000000000000000000111111110000100000000000000000000000000000
111111111111111111111111011011000000000000000000111111110000100000000000000000000000000000
111111111111111111111111101101110000000000000000111111110000100000000000000000000000000000
111111111111111111111111000110100000000000000000111111110000100000000000000000000000000000
111111111111111111111111000011000000000000000000111111110000100000000000000000000000000000
111111111111111111111111000010000000000000000000111111110000100000000000000000000000000000
000000000000000000000000000000000000111100000000100111000000100000000000111111111000000000
000000000000000000000000000000000000101000000000100111000000100000000000111111111000000000
000000000000000000000000000000000000011100000000100111000000100000000000111111111000000000
000000000000000000000000000000000000010100000000100111000000100000000000000000000000000000
000000000000000000000000000000001100011100000000100111000000100000000000111111111000000000
000000000000000000000000000000001011100000000000100111000000100000000000000000000000000000
000000000000000000000000000000001110100100000000100111000000100000000000111111111000000000
000000000000000000000000000000001011101000000000100111000000100000000000111111111000000000
000000000000000000000000000000000000000001010110100111001111111000000000000000000000000000
000000000000000000000000000000000000000010110000100111001111111000000000000000000000000000
000000000000000000000000000000000000000001011110100111001111111000000000000000000000000000
000000000000000000000000000000000000000011101011100111000000100000000000000000000000000000
000000000000000000000000000000000000000000110101100111001111111000000000000000000000000000
000000000000000000000000000000000000000010101000100111000000100000000000000000000000000000
000000000000000000000000000000000000000010110000100111000000100000000000000000000000000000
000000000000000000000000000000000000000000011000100111001111111000000000000000000000000000
111111111111111111111111111111111111111111111111011100011111111000000000111111111000000000
111110011111111111111011111111110000000000000000101111000000100000000000000000000000000000
111110011111111111111011111111110000000000000000110111110000100000000000000000000000000000
111111111111111111111111111111111111111111111111111010001111111000000000111111111000000000
111111111111111111111111111111111111111111111111011100101111111000000000111111111000000000
111111111111111111111111111111111111111111111111011000111111111000000000111111111000000000
111110011111111111111011111111110000000000000000001011000000100000000000000000000000000000
111110011111111111111011111111110000000000000000101001000000100000000000000000000000000000
000000000000000000000000000000000000000011101001100111000111000000000000000000000000000000
000000000000000000000000000000000000000011101001100111001011100000000000000000000000000000
000000000000000000000000000000000000000011101001100111001101101000000000000000000000000000
000000000000000000000000000000000000000011101001100111001110111000000000000000000000000000
111111111111111111111111111111111111111111111111111111110111010000000000111111111000000000
000000000000000000000000000000000000000011101001100111000001100000000000000000000000000000
000000000000000000000000000000000000000011101001100111000011000000000000000000000000000000
000000000000000000000000000000000000000000000000000000000000000011100000000000000000000000
000000000000000000000000000000000000000000000000000000000000000101100000000000000000000000
000000000000000000000000000000000000000000000000000000000000000110100000000000000000000000
000000000000000000000000000000000000000000000000000000000000000111011100000000000000000000
000000000000000000000000000000000000000000000000000000000000000000100000000000000000000000
000000000000000000000000000000000000000000000000000000000000000000100000000000000000000000
000000000000000000000000000000000000000000000000000000000000000000100010000000000000000000
000000000000000000000000000000000000000000000000000000000000000000000100000000000000000000
000000000000000000000000000000000000000000000000000000000000000000000000000000000000000000
000000000000000000000000000000001110101100000000100111000000100000000000000011111000000000
000000000000000000000000000000001110101100000000100111000000100000000000000011111000000000
000000000000000000000000000000001110101100000000100111000000100000000000000001111000000000
000000000000000000000000000000001110101100000000100111000000100000000000000000001000000000
000000000000000000000000000000001110101100000000100111000000100000000000110000011000000000
000000000000000000000000000000001110101100000000100111000000100000000000111000101000000000
000000000000000000000000000000001110101100000000100111000000100000000000111001000000000000
000000000000000000000000000000001110101100000000100111000000100000000000111010000000000000
000000000000000000000000000000001110101100000000100111000000100000000000111111000000000000
000000000000000000000000000000000000000000000000000000000000000000000000000000000000101111
000000000000000000000000000000000000000000000000000000000000000000000000000000000000011111
000000000000000000000000000000000000000000000000000000000000000000000000000000000000000111
000000000000000000000000000000000000000000000000000000000000000000000000000000000100001010
000000000000000000000000000000000000000000000000000000000000000000000000000000000010000001
000000000000000000000000000000000000000000000000000000000000000000000000000000000110100000
000000000000000000000000000000000000000000000000000000000000000000000000000000000111000011
000000000000000000000000000000000000000000000000000000000000000000000000000000000111100101
000000000000000000000000000000000000000000000000000000000000000000000000000000000111010110
