01101010000011111110000000000000000000011111111110000000000000000000000000000000
10110100000011111110000000000000000000111111111110000000000000000000000000000000
11010100000011111110000000000000000000000111111110000000000000000000000000000000
01101000000011111110000000000000000000000111111110000000000000000000000000000000
10010100000011111110000000000000000000000111111110000000000000000000000000000000
01101000000011111110000000000000000000000111111110000000000000000000000000000000
10000000000011111110000000000000000000000111111110000000000000000000000000000000
00000000000010111000000000001111111110000111111110000000000000000000011100000000
00000000011011110110000000001111111110000111111110000000000000000000011100000000
00000000101011111110000000001111111110000111111110000000000000000000000000000000
00000000110011111110000000001111111110000111111110000000000000000000011100000000
00000000000011111110000000000000000000000111111110000000000000000000011100000000
11111111111101100100000000001111111110001111111110000000000000000000011100000000
11111110111110111000000000001111111110011111111110000000000000000000011100000000
11111111111111010000000000001111111110000111111110000000000000000000011100000000
11111111111101101000000000001111111110000111111110000000000000000000011100000000
11111111011101010000000000001111111110000111111110000000000000000000011100000000
11111110111110000000000000001111111110000111111110000000000000000000011100000000
11111110111100000000000000001111111110000111111110000000000000000000011100000000
00000000000000000000111000000000000000000111111110000000000000000000000000000000
00000000000000000001011000000000000000000111111110000000000000000000000000000000
00000000000000000001101000000000000000000111111110000000000000000000000000000000
00000000000000000001110100000000000000000111111110000000000000000000000000000000
00000000000000000000001000000000000000000111111110000000000000000000000000000000
00000000000000000000000001000000000000000111111110000000000000000000000000000000
00000000000000000000000010100000000000000111111110000000000000000000000000000000
00000000000000000000000001000000000000000111111110000000000000000000000000000000
00000000000000000000000000000000000000000111111110000000000000000000000000000000
00000001111011111110000000000000111110000111111110000000000000000000000000000000
00000001111011111110000000000000101110000111111110000000000000000000000000000000
00000001111011111110000000000000010110000111111110000000000000000000000000000000
00000001111011111110000000000000000000000111111110000000000000000000000000000000
00000001111011111110000000001100011110000111111110000000000000000000000000000000
00000001111011111110000000001010101110000111111110000000000000000000000000000000
00000001111011111110000000001100110010000111111110000000000000000000000000000000
00000001111011111110000000001110110010000111111110000000000000000000000000000000
00000001111011111110000000001110111100000111111110000000000000000000000000000000
00000000000000000000000000000000000000111111111110000000000000000000000000000000
01000000000000000000000000000000000001001111111110000000000000000000000000000000
11000000000001000000000000000000000001001111111110000000000000000000000000000000
11000000000011000000000000000000000001110111111110000000000000000000000000000000
11111111111111111111111111111111111111111000101110000000000000000000011100000000
11111111111111111111111111111111111111111000010110000000000000000000011100000000
11111111111111111111111111111111111111111000001010000000000000000000011100000000
11111111111111111111111111111111111111111100000001101100000000000000011100000000
11111111111111111111111111111111111111111010000100000000000000000000011100000000
11111111111111111111111111111111111111111101000010000000000000000000011100000000
11111111111111111111111111111111111111111110010000000000000000000000011100000000
11111111111111111111111111111111111111111111001000000000000000000000011100000000
00000000000000000000000000000000000000000000100000001111000000000000000000000000
00000000000000000000000000000000000000000000100000000011000000000000000000000000
00000000000000000000000000000000000000000000000000000011000000000000000000000000
00000000000000000000000000000000000000000000100001000111000000000000000000000000
00000000000000000000000000000000000000000000100001001001000000000000000000000000
00000000000000000000000000000000000000000000000001111001000000000000000000000000
00000000000000000000000000000000000000000000000001111110000000000000000000000000
00000000000000000000000000000000000000000000000000000000000010110000000000000000
00000000000000000000000000000000000000000000000000000000000001110000000000000000
00000000000000000000000000000000000000000000000000000000000001110000000000000000
00000000000000000000000000000000000000000000000000000000000001100000000000000000
00000000000000000000000000000000000000000000000000000000100000010000000011111111
00000000000000000000000000000000000000000000000000000000011100010000000011111111
00000000000000000000000000000000000000000000000000000000111100010000000011111111
00000000000000000000000000000000000000000000000000000000111011100000000011111111
00000000000000000000000000000000000000000000000000000000000000000000111100000000
00000000000000000000000000000000000000000000000000000000000000000000101100000000
00000000000000000000000000000000000000000000000000000000000000000000100100000000
00000000000000000000000000000000000000000000000000000000000000000000011100000000
00000000000000000000000000000000000000000000000000000000000000001110001100000000
00000001101111111110000000000000000000000111111110000000000000001001000100000000
00000001101111111110000000000000000000000111111110000000000000001101100000000000
00000001101111111110000000000000000000000111111110000000000000001111110000000000
00000000000000000000000000000000000000000000000000000000000011110000000001101000
00000000000000000000000000000000000000000000000000000000000011110000000010110000
00000000000000000000000000000000000000000000000000000000000011110000000011010101
00000000000000000000000000000000000000000000000000000000000011110000000001101001
00000000000000000000000000000000000000000000000000000000000011110000000010010110
00000000000000000000000000000000000000000000000000000000000011110000000000101010
00000000000000000000000000000000000000000000000000000000000011110000000000001100
00000000000000000000000000000000000000000000000000000000000011110000000000110000
