0000111110000000001100000000001111111111111111000000000000000000000000
0000011010000000000000000000001111111111111111000000000000000000000000
0000001110000000000000000000001111111111111111000000000000000000000000
0000000110000000000000000000001111111111111111000000000000000000000000
1000010010000000000000000000001111111111111111000000000000000000000000
1100100110000000000000000000001111111111111111000000000000000000000000
1110000110000000000000000000001111111111111111000000000000000000000000
1011011010000000000000000000001111111111111111000000000000000000000000
1111111100000000000000100000001111111111111111000000000000000000000000
0000000000000111100000000000001111111111111111000000000000000000000000
0000000000000101110000000000001111111111111111000000000000000000000000
0000000000000010110000000000001111111111111111000000000000000000000000
0000000000000000100000000000001111111111111111000000000000000000000000
0000000001100001010000000000001111111111111111000000000000000000000000
0000000001010001010000000000001111111111111111000000000000000000000000
0000000001100110110000000000001111111111111111000000000000000000000000
0000000001111001010000000000001111111111111111000000000000000000000000
0000000000110111100000000000001111111111111111000000000000000000000000
1000000000000000000001100000001111111111111111000000000000000000000000
1000000000000000000000100000001111111111111111000000000000000000000000
0000000000000000000000100000001111111111111111000000000000000000000000
0000000000000000001000100000001111111111111111000000000000000000000000
0000000010000000001111000000001111111111111111000000000000000000000000
0000000000000000000000000010011111111111111111000001010000000000000000
0000000000000000000000000001111111111111111111000000000000000000000000
0000000000000000000000000000111111111111111111000001010000000000000000
0000000000000000000000010000001111111111111111000000000000000000000000
0000000000000000000000001000111111111111111111000000000000000000000000
0000000000000000000000001101001111111111111111000000000000000000000000
0000000000000000000000011101001111111111111111000000000000000000000000
1111111111111111111111111111110000111111111111000001010000000000000000
1111111111111111111111111111110000111111111111000001010000000000000000
1111111111111111111111111111110000010111111111000001010000000000000000
1111111111111111111111111111110000001111111111000001010000000000000000
1111111111111111111111111111111100000111111111000001010000000000000000
1111111111111111111111111111111110000111111111000001010000000000000000
1111111111111111111111111111111101000111111111000001010000000000000000
1111111111111111111111111111111111111011111111000001010000000000000000
1111111111111111111111111111111111111100010100000001010000000000000000
1111111111111111111111111111111111111100001011000001010000000000000000
1111111111111111111111111111111111111100000111000001010000000000000000
1111111111111111111111111111111111111110000000000001010000000000000000
1111111111111111111111111111111111111101000011000001010000000000000000
1111111111111111111111111111111111111110100001000001010000000000000000
1111111111111111111111111111111111111101101000000001010000000000000000
1111111111111111111111111111111111111101101100000001010000000000000000
0000000000000000000000000000000000000000000000000011110000000000000000
0000000000000000000000000000000000000000000000000001110000000000000000
0000000000000000000000000000000000000000000000000000110000000000000000
0000000000000000000000000000000000000000000000000000110000000000000000
0000000000000000000000000000000000000000000000100000000000000000000000
0000000000000000000000010100001111111111111111110000110000000000000000
0000000000000000000000000000000000000000000000111101010000000000000000
0000000000000000000000010100001111111111111111111101100000000000000000
0000000000000000000000000000000000000000000000000000000000100111101110
0000000000000000000000000000000000000000000000000000000000010100000000
0000000000000000000000000000000000000000000000000000000000001010000000
0000000000000000000000000000000000000000000000000000000000000010000000
0000000000000000000000000000000000000000000000000000001000000100000000
0000000000000000000000000000000000000000000000000000000100000000000000
0000000000000000000000000000000000000000000000000000000010000010000000
0000000000000000000000000000000000000000000000000000001100100000000000
0000000000000000000000000000000000000000000000000000001011001000010111
0000000000000000000000000000000000000000000000000000001000000000001011
0000000000000000000000000000000000000000000000000000001000000000000011
0000000000000000000000000000000000000000000000000000000000000010000110
0000000000000000000000000000000000000000000000000000001000000001000001
0000000000000000000000000000000000000000000000000000001000000010010000
0000000000000000000000000000000000000000000000000000001000000011110001
0000000000000000000000000000000000000000000000000000000000000011101010
