01110001111111111111111111111111111111111111111111111111111111000000000111111111
10111001111111111111111111111111111111111111111111111111111111000000000111111111
11011101111111111111111111111111111111111111111111111111111111000000000111111111
11101001111111111111111111111111111111111111111000000000111111000000000111111111
01110011111111111111111111111111111111111111111111111111111111000000000111111111
00100001111111111111111111111111111111111111111000000000111111000000000111111111
00001001111111111111111111111001111111111111111000000000111111000000000111111111
11111110110100011111111111111111111111111111111111111111000000000000000111111111
11111111011010011111111111111111111111111111111111111111000000000000000111111111
11111111101100111111111111111111111111111111111111111111111111000000000111111111
11111110110110011111111111111111111111111111111111111111000000000000000111111111
11111111011011011111111111111111111111111111111111111111111111000000000111111111
11111110101101111111111111111111111111111111111111111111000000000000000111111111
11111110000110111111111111111111111111111111111111111111000000000000000111111111
11111110010011011111111111111111111111111111111111111111111111000000000111111111
11111111111111101111100011111111111111111111111111111111111111000000000111111111
11111111111111110111100111111111111111111111111111111111111111000000000111111111
11111111111111111011101111111111111111111111111111111111111111000000000111111111
11111111111111111101110111111111111111111111111111111111111111000000000111111111
11111111111111111110111011111111111111111111111111111111111111000000000111111111
11111111111111111111011011111111111111111111111111111111111111000000000111111111
11111111111111100011100011111111111111111111111111111111111111000000000111111111
11111111111111100101100011111111111111111111111111111111111111000000000111111111
11111111111111101110000011111111111111111111111111111111111111000000000111111111
11111111111111111111111101100001111111111111111111111111111111000000000111111111
11111111111111111111111110110101111111111111111111111111111111000000000111111111
11111111111111111111111111010101111111111111111111111111111111000000000111111111
11111111111111111111111101101001111111111111111111111111111111000000000111111111
11111111111111111111111100010101111111111111111111111111111111000000000111111111
11111101111111111111111101101001111111111111111111111111111111000000000111111111
11111101111111111111111100000001111111111111111111111111111111000000000111111111
11111111111111111111111111111110110111111111111111111111111111000000000111111111
11111111111111111111111111111111010000111111111111111111111111000000000111111111
11111111111111111111111111111111101000111111111111111111111111000000000111111111
11111111111111111111111111111110010100111111111111111111111111000000000111111111
11111111111111111111111111111111001010111111111111111111111111000000000111111111
11111111111111111111111111111111000100111111111111111111111111000000000111111111
11111111111111111111111111111111000000111111111111111111111111000000000111111111
11111111111111111111111111111111111111011101001111111111111111000000000111111111
11111111111111111111111111111111111111101101011111111111111111000000000111111111
11111111111111111111111111111111111111110110101111111111111111000000000111111111
11111111111111111111111111111111111111111010101111111111111111000000000111111111
11111111111111111111111111111111111111001101010111111111111111000000000111111111
11111111111111111111111111111111111111110010110111111111111111000000000111111111
11111111111111111111111111111111111111001101010111111111111111000000000111111111
11111111111111111111111111111111111111010011100111111111111111000000000111111111
11111111111111111111111111111111111111111100000111111111111111000000000111111111
11101001111111111111111111111111111111111111111011010100111111000000000111111111
11101001111111111111111111111111111111111111111101101000111111000000000111111111
11101001111111111111111111111111111111111111111110111010111111000000000111111111
11101001111111111111111111111111111111111111111011010100111111000000000111111111
11101001111111111111111111111111111111111111111101101111111111000000000111111111
11101001111111111111111111111111111111111111111011010111111111000000000111111111
11101001111111111111111111111111111111111111111100111000111111000000000111111111
11101001111111111111111111111111111111111111111001011001111111000000000111111111
11101001111111111111111111111111111111111111111000011010111111000000000111111111
11111110010100111111111111111111111111111111111111111111011010000000000111111111
11111110010100111111111111111111111111111111111111111111101101000000000111111111
11111110010100111111111111111111111111111111111111111111110101000000000111111111
11111110010100111111111111111111111111111111111111111111011010000000000111111111
11111110010100111111111111111111111111111111111111111111100100000000000111111111
11111110010100111111111111111111111111111111111111111111011000000000000111111111
00000000000000000000000000000000000000000000000000000000000000011101100111111111
00000000000000000000000000000000000000000000000000000000000000101110000111111111
00000000000000000000000000000000000000000000000000000000000000110110010111111111
00000000000000000000000000000000000000000000000000000000000000111011111111111111
00000000000000000000000000000000000000000000000000000000000000011101101111111111
00000000000000000000000000000000000000000000000000000000000000100110100111111111
00000000000000000000000000000000000000000000000000000000000000100111010111111111
00000000000000000000000000000000000000000000000000000000000000001100101111111111
00000000000000000000000000000000000000000000000000000000000000000110010111111111
11111111111111111111111111111111111111111111111111111111111111111111111011110100
11111111111111111111111111111111111111111111111111111111111111111111111101111000
11111111111111111111111111111111111111111111111111111111111111111111111110111100
11111111111111111111111111111111111111111111111111111111111111111111111111011101
11111111111111111111111111111111111111111111111111111111111111111111111111101110
11111111111111111111111111111111111111111111111111111111111111111111111011110100
11111111111111111111111111111111111111111111111111111111111111111111111101111010
11111111111111111111111111111111111111111111111111111111111111111111111000010100
11111111111111111111111111111111111111111111111111111111111111111111111000100000
