00001010100010000000000000001111111111111111111111111111100011111000000000000000
00000110000000000000000000001111111111111111111111111111100011111000000000000000
00000010100010000000000000001111111111110001111111111111100011111000000000000000
00000000100010000000000000001111111111111111111111111111100011111000000000000000
10000010000000000000000000001111111111111111111111111111100011111000000000000000
01000000000000000000000000001111111111111111111111111111100011111000000000000000
11101000100010000000000000001111111111111111111111111111100011111000000000000000
00000000001111010011000000001111111111111111111111111111100011111000000000000000
10110010000011000000000000001111111111111111111111111111100011111000000000000000
00000000000111000000000000001111111111111111111111111111100011111000000000000000
00000001000001001110000000001111111111111111111111111111100011111000000000000000
00000001010011000000000000001111111111111111111111111111100011111000000000000000
10110011110100000000000000001111111111111111111111111111100011111000000000000000
00000001111100000000000000001111111111111111111111111111100011111000000000000000
00000000000000000111000000001111111111111111111111111111100011111000000000000000
00000001000000000011000000001111111111111111111111111111100011111000000000000000
00000000001000000010000000001111111111111111111111111111100011111000000000000000
00000000001000100001000000001111111111111111111111111111100011111000000000000000
00000001001000111001000000001111111111111111111111111111100011111000000000000000
00000001000000110110000000001111111111111111111111111111100011111000000000000000
00000000000000000000000101111111111111111111111111111111000011111000000000000000
00000000000000000000000011111111111111111111111111111110000011111000000000000000
00000000000000000000000011111111111111111111111111101101100011111000000000000000
00000000000000000000100000011111111111111111111111111111100011111000000000000000
00000000000000000000011001111111111111111111111111111111100011111000000000000000
00000000000000000000111010011111111111111111111111111111100011111000000000000000
00000000000000000000111010011111111111111111111111111111100011111000000000000000
00000000000000000000111111101111111111111111111111111111100011111000000000000000
11111111111111111111111111110111000001111111111111111111100011111000000000000000
11111111111111111111111111111011100001111111111111111111100011111000000000000000
11111111111111111111111111111101100001111111111111111111100011111000000000000000
11111111111111111111111111111110110001111111111111111111100011111000000000000000
11111111111111111111111111110111011001111111111111111111100011111000000000000000
11111111111111111111111111110001100111111111111111111111100011111000000000000000
11111111111111111111111111110000100001111111111111111111100011111000000000000000
11111111111111111111111111110000010001111111111111111111100011111000000000000000
11111111111111111111111111110000010001111111111111111111100011111000000000000000
11111111111111111111111111111111111110110001111111111111100011111000000000111001
11111111111111111111111111111111111111011001111111111111100011111000000000000000
11111111111111111111111111111111111111101101111111111111100011111000000000000000
11011111111111111111111111111111111110110101111111111111100011111000000000000000
11011111111111111111111111111111111110011001111111111111100011111000000000000000
11011111111111111111111111111111111110000001111111111111100011111000000000000000
11111111111111111111111111111111111111111110110000011111100011111000000000000000
11111111111111111111111111111111111111111111010000011111100011111000000000000000
11111111111111111111111111111111111111111111101000011111100011111000000000000000
11111111111111111111111111111111111111111110010100011111100000000000000000000000
11111111111111111111111111111111111111111110001011011111100011111000000000000000
11111111111111111111111111111111111111111110000100011111100011111000000000000000
11111111111111111111111111111111111111111110000100011111100011111000000000000000
11111111111111111111111111111111111111111110000000011111100011111000000000000000
11111111111111111111110111111111111111111111111111101000000011111000000000000000
11111111111111111111111111111111111111111111111111110101000011111000000000000111
11111111111111111111111111111111111111111111111111101010000011111000000000000000
11111111111111111111110111111111111111111111111111100101000011111000000000000000
11111111111111111111101111111111111111111111111111101010000011111000000000000000
11111111111111111111001111111111111111111111111111100000000011111000000000000000
00000000000000000000000000000000000000000000000000000000000011111000000000000000
00000000000000000000000000000000000000000000000000000000000000010000000000000000
00000000000000000000000000000000000000000000000000000000000000000000000000000000
11111111111111111111111111111111111111111111110111111111110000111000000000000000
11111111111111111111111111111111111111111111110111111111110000111000000000000000
11111111111111111111111111111111111111111111110111111111110011001000000000000000
11111111111111111111111111111111111111111111110111111111111011000000000000000000
11111111111111111111111111111111111111111111110111111111110011100000000000000000
00000000000000000000000000000000000000000000000000000000000000000000011001000000
00000000000000000000000000000000000000000000000000000000000000000000001111000000
00000000000000000000000000000000000000000000000000000000000000000000000111000000
00000000000000000000000000000000000000000000000000000000000000000000000110000000
00000000000000000000000000000000000000000000000000000000000000000100000001000000
00000000000000000000000000000000000000000000000000000000000000000110000000000000
00000000000000000000000000000000000000000000000000000000000000000011100011000000
00000000000000000000000000000000000000000000000000000000000000000011100101000000
00000000000000000000000000000000000000000000000000000000000000000111010110000000
00000000000000000000000000000000000001000000000000000000000000000000000000000111
00000000000000000000000000000000000001000000000000000000000000000000000000000011
00000000000000000000000000000000000001000000000000000000000000000000000000000001
00000000000000000000000000000000000000000000000000001000000000000000000000100001
00000000000000000000000000000000000000000000000000001000000000000000000000110000
00000000000000000000000000000000000001000000000000001000000000000000000000111100
