000111111111111111000010100000
000010111111111000000000000000
000001111111111000000000000000
100000100000000000000000000000
110001111111111111000000010111
101010011111111000110010000000
111110011111111000000000000000
111011101111111000000000000000
111011110001111000000000000000
111011110000101000000000000000
111011110000011000000000000000
111011111000101000100000000000
111011111101000000011100000000
111011111010001000000000000000
111011111111010000000000000000
100010000000000001100000000000
100010000000000000100000000000
100010000000000100100000000000
000001000001000111000000000000
000001000000100000000000000000
000000000000100000000000000000
000000000000100000000000000000
100001000000000000000000000000
000000000000000000000000001111
100000000000000000000000000101
000010000000000000000000000001
000000000000000000000001000011
000010000000000000000001100010
000010000000000000000001001101
000010000000000000000001111010
