011100000000000000000000000000000000001111111111111111111111111111111111111101000001111111111111111110011111111111101111100111111111000000000111111111
101101000000000000000000000000000000001111111111111111111111101110011111111101000001111111111111111111111111111111101111100111111111000000000111111111
110110000000000000000000000000000000001111111111111111111111101110011111111101000001111111111111111110011111111111101111100111111111000000000111111111
111010000000000000000000000000000000001111111111111111111111101110011111111101000001111111111111111110011111111111101111100111111111000000000111111111
001101111111111111111110000000000000001111111111111111111111101110011111111101000001111111111111111110011111111111101111100111111111000000000111111111
010010000000000000000000000000000000001111111111111111111111101110011111111101000001111111111111111110011111111111101111100111111111000000000111111111
000010011000001111111110000000000000001111111111111111111111101110011111111101000001111111111111111110011111111111101111100111111111000000000111111111
000010101000001111111110000000000000001111111111111111111111101110011111111101000001111111111111111110011111111111101111100111111111000000000111111111
000010110110101111111110000000000000001111111111111111111111101110011111111101000001111111111111111110011111111111101111100111111111000000000111111111
000010001011011111111110000000000000001111111111111111111111101110011111111101000001111111111111111110011111111111101111100111111111000000000111111111
000010001101000000000000000000000000001111111111111111111111101110011111111101000001111111111111111110011111111111101111100111111111000000000111111111
000010000110001111111110000000000000001111111111111111111111101110011111111101000001111111111111111110011111111111101111100111111111000000000111111111
000010001000001111111110000000000000001111111111111111111111101110011111111101000001111111111111111110011111111111101111100111111111000000000111111111
000010000100000000000000000000000000001111111111111111111111101110011111111101000001111111111111111110011111111111101111100111111111000000000111111111
000010111101100111000110000000000000001111111111111111111111101110011111111101000001111111111111111110011111111111101111100111111111000000000111111111
000010111101101011100000000000000000001111111111111111111111101110011111111101000001111111111111111110011111111111101111100111111111000000000111111111
000010111101101101100000000000000000001111111111111111111111101110011111111101000001111111111111111110011111111111101111100111111111000000000111111111
000010111101101110111000000000000000001111111111111111111111101110011111111101000001111111111111111110011111111111101111100111111111000000000111111111
000010111101100111011100000000000000001111111111111111111111101110011111111101000001111111111111111110011111111111101111100111111111000000000111111111
000010111101100001101000000000000000001111111111111111111111101110011111111101000001111111111111111110011111111111101111100111111111000000000111111111
000010111101100001110000000000000000001111111111111111111111101110011111111101000001111111111111111110011111111111101111100111111111000000000111111111
000010111101101000100000000000000000001111111111111111111111101110011111111101000001111111111111111110011111111111101111100111111111000000000111111111
000010111101101000000000000000000000001111111111111111111111101110011111111101000001111111111111111110011111111111101111100111111111000000000111111111
000000000000000000000000110100111111111111111111111111111111101110011111111101000001111111111111111110011111111111111111111111111111000000000111111111
000000000000000000000001011000111111111111111111111111111111101110011111111111111111111111111111111110011111111111111111111111111111000000000111111111
000000000000000000000001101000111111111111111111111111111111101110011111111111111111111111111111111110011111111111111111111111111111000000000111111111
000000000000000000000000110110111111111111111111111111111111101110011111111101000001111111111111111110011111111111111111111111111111000000000111111111
000000000000000000000001001000111111111111111111111111111111101110011111111101000001111111111111111110011111111111111111111111111111000000000111111111
000000000000000000000000001000111111111111111111111111111111101110011111111111111111111111111111111110011111111111111111111111111111000000000111111111
000000000000000000000000000000000000001111111111111111111111101110011111111111111111111111111111111110011111111111101111100111111111000000000111111111
000000000000000000000001111110011101001111111111111111111111101110011111111101000001111111111111111110011111111111101111100111111111000000000111111111
000000000000000000000001111110101110001111111111111111111111101110011111111101000001111111111111111110011111111111101111100111111111000000000111111111
000000000000000000000001111110110111001111111111111111111111101110011111111101000001111111111111111110011111111111111111111111111111000000000111111111
000000000000000000000001111110111011011111111111111111111111101110011111111101000001111111111111111110011111111111111111111111111111000000000111111111
000000000000000000000001111110011101001111111111111111111111101110011111111101000001111111111111111110011111111111101111100111111111000000000111111111
000000000000000000000001111110101110101111111111111111111111101110011111111101000001111111111111111110011111111111101111100111111111000000000111111111
000000000000000000000001111110000001001111111111111111111111101110011111111101000001111111111111111110011111111111111111111111111111000000000111111111
000000000000000000000001111110000100001111111111111111111111101110011111111101000001111111111111111110011111111111111111111111111111000000000111111111
111111111111111111111111111111111111110111000011111111111111111111111111111111111111111111111111111111111100000000011111111111111111000000000111111111
111111111111111111111111111111111111111011110011111111111111111111111111111111111111111111111111111111111100000000011111111111111111000000000111111111
111111111111111111111111111111111111111101000011111111111111111111111111111111111111111111111111111111111111111111111111111111111111000000000111111111
111111111111111111111111111111111111111110101011111111111111111111111111111111111111111111111111111111111111111111111111111111111111000000000111111111
111111111111111111111111111111111111110101010011111111111111111111111111111111111111111111111111111111111100000000011111111111111111000000000111111111
111111111111111111111111111111111111110100101111111111111111111111111111111111111111111111111111111111111100000000011111111111111111000000000111111111
111111111111111111111111111111111111110001010011111111111111111111111111111111111111111111111111111111111100000000011111111111111111000000000111111111
111111111111111111111111111111111111110000010011111110010011111111111111111111111111111111111111111111111100000000011111111111111111000000000111111111
111111111111111111111111111111111111111111111101100001111111111111111111111111111111111111111111111111111111111111111111111111111111000000000111111111
111111111111111111111111111111111111111111111110111001111111111111111111111111111111111111111111111111111111111111111111111111111111000000000111111111
111111111111111111111111111111111111111111111111010001111111111111111111111111111111111111111111111111111111111111111111111111111111000000000111111111
111111111111111111111111111111111111111111111101100001111111111111111111111111111111111111111111111111111111111111111111111111111111000000000111111111
111111111111111111111111111111111111111111111101000101111111111111111111111111111111111111111111111111111111111111111111111111111111000000000111111111
111111111111111111111111111111111111111111111100001011111111111111111111111111111111111111111111111111111111111111111111111111111111000000000111111111
111111111111111111111111111111111111111111111100000101111111111111111111111111111111111111111111111111111111111111111111111111111111000000000111111111
111111111111111111111111111111111111111111111011111110110000111111111111111111111111111111111111111111111111111111111111111111111111000000000111111111
111111111111111111111111111111111111111111111011111111010010111111111111111111111111111111111111111111111111111111111111111111111111000000000111111111
111111111111111111111111111111111111111111111111111111101101111111111111111111111111111111111111111111111100000000011111111111111111000000000111111111
111111111111111111111111111111111111111111111011111110010000111111111111111111111111111111111111111111111111111111111111111111111111000000000111111111
111111111111111111111111111111111111111111111011111110010010111111111111111111111111111111111111111111111111111111111111111111111111000000000111111111
111111111111111111111111111111111111111111111111111110100100111111111111111111111111111111111111111111111100000000011111111111111111000000000111111111
111111111111111111111111111111111111111111111111111110010000111111111111111111111111111111111111111111111100000000011111111111111111000000000111111111
111111111111111111111111111111111111111111111111111111111111011000011111111111111111111111111111111111111111111111111111111111111111000000000111111111
100000000000000000000000000000000000001111111111111111111111101101011111111101000001111111111111111110011111111111101111100111111111000000000111111111
111111111111111111111111111111111111111111111111111111111111110000111111111111111111111111111111111111111111111111111111111111111111000000000111111111
111111111111111111111111111111111111111111111111111111111111010011111111111111111111111111111111111111111111111111111111111111111111000000000111111111
111111111111111111111111111111111111111111111111111111111111000100011111111111111111111111111111111111111111111111111111111111111111000000000111111111
100000000000000000000000000000000000001111111111111111111111010100011111111101000001111111111111111110011111111111101111100111111111000000000111111111
100000000000000000000000000000000000001111111111111111111111001100011111111101000001111111111111111110011111111111101111100111111111000000000111111111
111111111111111111111111111111111111111111111111111111111111111111101010000011111111111111111111111111111111111111111111111111111111000000000111111111
111111111111111111111111111111111111111111111111111111111111111111110101000011111111111111111111111111111111111111111111111111111111000000000111111111
111111111111111111111111111111111111111111111111111111111111111111101010000011111111111111111111111111111111111111111111111111111111000000000111111111
111111111111111111111111111111111111111111111111111111111111111111110101011011111111111111111111111111111111111111111111111111111111000000000111111111
111111111111111111111111111111111111111111111111111111111111111111101010100011111111111111111111111111111111111111111111111111111111000000000111111111
111111111111111111111111111111111111111111111111111111111111111111100001000111111111111111111111111111111111111111111111111111111111000000000111111111
111111111111111111111111111111111111111111111111111111111111111111100010000011111111111111111111111111111111111111111111111111111111000000000111111111
111111111111111111111111111111111111111111111111111111111111111111100010000011111111111111111111111111111111111111111111111111111111000000000111111111
111111111111111111111111111111111111111111111111111111111111111111100000100011111111111111111111111111111111111111111111111111111111000000000111111111
000000000000000000000000110011000000001111111111111111111111101110011111111101101001111111111111111110011111111111101111100111111111000000000111111111
111111111111111111111111111111111111111111111111111111111111111111111111111110110101111111111111111111111111111111111111111111111111000000000111111111
000000000000000000000000110011000000001111111111111111111111101110011111111111011011111111111111111110011111111111101111100111111111000000000111111111
000000000000000000000000110011000000001111111111111111111111101110011111111101101011111111111111111110011111111111101111100111111111000000000111111111
000000000000000000000000110011000000001111111111111111111111101110011111111110110101111111111111111110011111111111101111100111111111000000000111111111
000000000000000000000000110011000000001111111111111111111111101110011111111101001001111111111111111110011111111111101111100111111111000000000111111111
000000000000000000000000110011000000001111111111111111111111101110011111111100110001111111111111111110011111111111101111100111111111000000000111111111
111111111111111111111111111111111111111111111111111111111111111111111111111111111110000111111111111111111111111111111111111111111111000000000111111111
111111111111111111111111111111111111111111111111111111111111111111111111111111111110000010111111111111111111111111111111111111111111000000000111111111
111111111111111111111111111111111111111111111111111111111111111111111111111111111110000010101111111111111111111111111111111111111111000000000111111111
111111111111111111111111111111111111111111111111111111111111111111111111111111111110000001011111111111111111111111111111111111111111000000000111111111
111111111111111111111111111111111111111111111111111111111111111111111111111111111111000001111111111111111111111111111111111111111111000000000111111111
111111111111111111111111111111111111111111111111111111111111111111111111111111111111110001011111111111111111111111111111111111111111000000000111111111
111111111111111111111111111111111111111111111111111111111111111111111111111111111111001110101111111111111111111111111111111111111111000000000111111111
111111111111111111111111111111111111111111111111111111111111111111111111111111111111110101011111111111111111111111111111111111111111000000000111111111
111111111111111111111111111111111111111111111111111111111111111111111111111111111111101110101111111111111111111111111111111111111111000000000111111111
111111111111111111111111111111111111111111111111111111111111111111111111111111111111111111110000100111111111111111111111111111111111000000000111111111
111111111111111111111111111111111111111111111111111111111111111111111111111111111111111111110010000111111111111111111111111111111111000000000111111111
111111111111111111111111111111111111111111111111111111111111111111111111111111111111111111110101000111111111111111111111111111111111000000000000000000
111111111111111111111111111111111111111111111111111111111111111111111111111111111111111111110010100111111111111111111111111111111111000000000000000000
111111111111111111111111111111111111111111111111111111111111111111111111111111111111111111111001010111111111111111111111111111111111000000000000000000
111111111111111111111111111111111111111111111111111111111111111111111111111111111111111111110000100111111111111111111111111111111111000000000000000000
111111111111111111111111111111111111111111111111111111111111111111111111111111111111111111110000000111111111111111111111111111111111000000000000000000
111111111111111111111111111111111111111111111111111111111111111111111111111111111111111111111111111011100011111111111111111111111111000000000111111111
111111111111111111111111111111111111111111111111111111111111111111111111111111111111111111111111111101101011111111111111111111111111000000000111111111
010000000000000000000000000000000000001111111111111111111111101110011111111101000001111111111111111110110011111111101111100111111111000000000111111111
010000000000000000000000000000000000001111111111111111111111101110011111111101000001111111111111111111010111111111101111100111111111000000000111111111
111111111111111111111111111111111111111111111111111111111111111111111111111111111111111111111111111001101011111111111111111111111111000000000111111111
111111111111111111111111111111111111111111111111111111111111111111111111111111111111111111111111111010010011111111111111111111111111000000000111111111
111111111111111111111111111111111111111111111111111111111111111111111111111111111111111111111111111000100011111111111111111111111111000000000111111111
111111111111111111111111111111111111110011000011111111101100111111111111111111111111111111111111111111111101101100011111111111111111000000000111111111
111111111111111111111111111111111111110011000011111111101100111111111111111111111111111111111111111111111110110101011111111111111111000000000111111111
111111111111111111111111111111111111110011000011111111101100111111111111111111111111111111111111111111111111011010011111111111111111000000000111111111
111111111111111111111111111111111111110011000011111111101100111111111111111111111111111111111111111111111101101100011111111111111111000000000111111111
111111111111111111111111111111111111110011000011111111101100111111111111111111111111111111111111111111111110110110111111111111111111000000000111111111
111111111111111111111111111111111111110011000011111111101100111111111111111111111111111111111111111111111111011011011111111111111111000000000111111111
111111111111111111111111111111111111110011000011111111101100111111111111111111111111111111111111111111111100101100111111111111111111000000000111111111
111111111111111111111111111111111111110011000011111111101100111111111111111111111111111111111111111111111101000100011111111111111111000000000111111111
111111111111111111111111111111111111110011000011111111101100111111111111111111111111111111111111111111111100001010011111111111111111000000000111111111
000000000000000000000001111110001100111111111111111111111111101110011111111101000001111111111111111110011111111111101110000111111111000000000111111111
111111111111111111111111111111111111111111111111111111111111111111111111111111111111111111111111111111111111111111110101001111111111000000000111111111
111111111111111111111111111111111111111111111111111111111111111111111111111111111111111111111111111111111111111111111010100111111111000000000111111111
111111111111111111111111111111111111111111111111111111111111111111111111111111111111111111111111111111111111111111110101110111111111000000000111111111
111111111111111111111111111111111111111111111111111111111111111111111111111111111111111111111111111111111111111111101010000111111111000000000111111111
111111111111111111111111111111111111111111111111111111111111111111111111111111111111111111111111111111111111111111100110000111111111000000000111111111
000000000000000000000001111110001100111111111111111111111111101110011111111101000001111111111111111110011111111111100010000111111111000000000111111111
000000000000000000000001111110001100111111111111111111111111101110011111111101000001111111111111111110011111111111101000000111111111000000000111111111
111111111111111111111111111111111111111111111111111111111111111111111111111111111111111111111111111111111111111111111111111011101100000000000111111111
111111111111111111111111111111111111111111111111111111111111111111111111111111111111111111111111111111111111111111111111111101110000000000000111111111
111111111111111111111111111111111111111111111111111111111111111111111111111111111111111111111111111111111111111111111111111110110000000000000111111111
111111111111111111111111111111111111111111111111111111111111111111111111111111111111111111111111111111111111111111111111111111011010000000000111111111
111111111111111111111111111111111111111111111111111111111111111111111111111111111111111111111111111111111111111111111111111011101100000000000111111111
111111111111111111111111111111111111111111111111111111111111111111111111111111111111111111111111111111111111111111111111111100110011000000000111111111
111111111111111111111111111111111111111111111111111111111111111111111111111111111111111111111111111111111111111111111111111100010001000000000111111111
111111111111111111111111111111111111111111111111111111111111111111111111111111111111111111111111111111111111111111111111111000101000000000000111111111
111111111111111111111111111111111111111111111111111111111111111111111111111111111111111111111111111111111111111111111111111000001100000000000111111111
000000000000000000000000000000000000000000000000000000000000000000000000000000000000000000000000000000000000000000000000000000000000011100111000000000
000000000000000000000000000000000000000000000000000000000000000000000000000000000000000000000000000000000000000000000000000000000000101110001000000000
000000000000000000000000000000000000000000000000000000000000000000000000000000000000000000000000000000000000000000000000000000000000110111000000000000
000000000000000000000000000000000000000000000000000000000000000000000000000000000000000000000000000000000000000000000000000000000000111011001000000000
000000000000000000000000000000000000000000000000000000000000000000000000000000000000000000000000000000000000000000000000000000000000011101110000000000
000000000000000000000000000000000000000000000000000000000000000000000000000000000000000000000000000000000000000000000000000000000000001110110000000000
000000000000000000000000000000000000000000000000000000000000000000000000000000000000000000000000000000000000000000000000000000000000100011010000000000
000000000000000000000000000000000000000000000000000000000000000000000000000000000000000000000000000000000000000000000000000000000000100011100000000000
000000000000000000000000000000000000000000000000000000000000000000000000000000000000000000000000000000000000000000000000000000000000110100000000000000
111111111111111111111111111111111111111111111111111111111111111111111111111111111111111111111100000111111111111111111111111111111111000000000000010111
111111111111111111111111111111111111111111111111111111111111111111111111111111111111111111111100000111111111111111111111111111111111000000000000010000
111111111111111111111111111111111111111111111111111111111111111111111111111111111111111111111100000111111111111111111111111111111111000000000000001111
111111111111111111111111111111111111111111111111111111111111111111111111111111111111111111111100000111111111111111111111111111111111000000000000001011
111111111111111111111111111111111111111111111111111111111111111111111111111111111111111111111100000111111111111111111111111111111111000000000110000101
111111111111111111111111111111111111111111111111111111111111111111111111111111111111111111111100000111111111111111111111111111111111000000000001100000
111111111111111111111111111111111111111111111111111111111111111111111111111111111111111111111100000111111111111111111111111111111111000000000101010001
111111111111111111111111111111111111111111111111111111111111111111111111111111111111111111111100000111111111111111111111111111111111000000000101100001
111111111111111111111111111111111111111111111111111111111111111111111111111111111111111111111100000111111111111111111111111111111111000000000101110110
