00011111000000001111111111111111111111111111111111111111111111111111111111111111111111111111111111111111111111111111111111100000000111111111000000000000000000111100001111111111111111111110100111111111
00001111000000001111111111111111111111111111111111111111111111111111111111111111111111111111111111111111111111111111111111100000000111111111000000000000000000111100001111111111111111111110100111111111
00000101000000001111111111111111111111111111111111111111111111111111111111111111111111111111111111111111111111111111111111100000000111111111000000000000000000010000001111111111111111111110100111111111
10001010000000001111111111111111111111111111111111111111111111111111111111111111111111111111111111111111111111111111111111100000000111111111000000000000000000111100001111111111111111111110100111111111
11010011000000001111111111111111111111111111111111111111111111111111111111111111111111111111111111111111111111111111111111100000000111111111000000000000000000111100001111111111111111111110100111111111
11100001000000001111111111111111111111111111111111111111111111111111111111111111111111111111111111111111111111111111111111100000000111111111000000000000000000111100001111111111111111111110100111111111
11011001000000001111111111111111111111111111111111111111111111111111111111111111111111111111111111111111111111111111111111100000000111111111000000000000000000111100001111111111111111111110100111111111
11101110000000001111111111111111111111111111111111111111111111111111111111111111111111111111111111111111111111111111111111100000000111111111000000000000000000111100001111111111111111111110100111111111
00000000011010001111111011001111111111111111111111111111100000000011000000011111111111111110000000011111111101011100000000000000000111111111000000000111111111111100001111111111111111110000000011111111
00000000101100101111111111111111111111111111111111111111111111111111111111111111111111111111111111111111111111111111111111100000000111111111000000000111111111111100001111111111111111111110100111111111
00000000110110101111111111111111111111111111111111111111111111111111111111111111111111111111111111111111111111111111111111100000000111111111000000000111111111111100001111111111111111111110100111111111
00000000011011001111111111111111111111111111111111111111111111111111111111111111111111111111111111111111111111111111111111100000000111111111000000000111111111111000001111111111111111111110100111111111
00000000101100001111111111111111111111111111111111111111111111111111111111111111111111111111111111111111111111111111111111100000000111111111000000000000000000111100001111111111111111111110100111111111
00000000000100101111111111111111111111111111111111111111111111111111111111111111111111111111111111111111111111111111111111100000000111111111000000000111111111111100001111111111111111111110100111111111
00000000011001001111111111111111111111111111111111111111111111111111111111111111111111111111111111111111111111111111111111100000000111111111000000000000000000111100001111111111111111111110100111111111
00000000000000001111111111111111111111111111111111111111111111111111111111111111111111111111111111111111111111111111111111100000000111111111000000000111111111000100001111111111111111111110100111111111
11111111111111110111001111111111110011101111111111111111111111111111111111111111111111111111111111111111111111111111111111100000000111111111000000000111111111111100001111111111111111111110100111111111
11111111111111111011010111111111110011101111111111111111111111111111111111111111110111111111111111111111111111111111111111100000000111111111000000000111111111111100001111111111111111111110100111111111
11111111111111111101101111111111111111111111111111111111111111111111111111111111111111111111111111111111111111111111111111100000000111111111000000000111111111111100001111111111111111111110100111111111
11111111111111111110110111111111111111111111111111111111111111111111111111111111111111111111111111111111111111111111111111100000000111111111000000000111111111111100001111111111111111111110100111111111
11111111111111110011011111111111111111111111111111111111111111111111111111111111111111111111111111111111111111111111111111100000000111111111000000000111111111111100001111111111111111111110100111111111
11111111111111110101101111111111111111111111111111111111111111111111111111111111111111111111111111111111111111111111111111100000000111111111000000000111111111111100001111111111111111111110100111111111
11111111111111111010110111111111111111111111111111111111111111111111111111111011111111111111111111111111111111111111111111100000000111111111000000000111111111111100001111111111111111111110100111111111
11111111011111111111111011001111111111111111111111111111100000000011000000011111111111111110000000011111111101011100000000000000000111111111000000000111111111111100001111111111111111110000000011111111
11111111111111111111111101001110001111111111111111111111111111111111111111111111111111111111111111111111111111111111111111100000000111111111000000000111111111111100001111111111111111111110100111111111
11111111111111111111111110001111111111111111111111111111111111111111111111111111111111111111111111111111111111111111111111100000000111111111000000000111111111111100001111111111111111111110100111111111
11111111011111111111111000001110001111111111111111111111100000000011000000011111111111111110000000011111111101011100000000000000000111111111000000000111111111111100001111111111111111110000000011111111
11111111011111111111111000001111101111111111111111111111100000000011000000011111111111111110000000011111111101011100000000000000000111111111000000000111111111111100001111111111111111110000000011111111
11111111111111111111111111110100001111111111111111111111111111111111111111111111111111111111111111111111111111111111111111100000000111111111000000000111111111111100001111111111111111111110100111111111
11111111111111111111111111111001001111111111111111111111111111111111111111111111111111111111111111111111111111111111111111100000000111111111000000000111111111111110011111111111111111111110100111111111
11111111111111111111111111110001001111111111111111111111111111111111111111111111111111111111111111111111111111111111111111100000000111111111000000000111111111111100001111111111111111111110100111111111
11111111111111111111111101010110111111111111111111111111111111111111111111111111111111111111111111111111111111111111111111100000000111111111000000000111111111111100001111111111111111111110100111111111
11111111111111111111111101010001001111111111111111111111111111111111111111111111111111111111111111111111111111111111111111100000000111111111000000000111111111111100001111111111111111111110100111111111
11111111111111111111111101000001001111111111111111111111111111111111111111111111111111111111111111111111111111111111111111100000000111111111000000000111111111111100001111111111111111111110100111111111
11111111111111110011111111111111110110000111111111111111111111111111111111111111111111111111111111100000000011111111111111100000000111111111000000000111111111111100001111111111111111111110100111111111
11111111111111110011111111111111111011001111111111111111111111111111111111111111111111111111111111100000000011111111111111100000000111111111000000000111111111111100001111111111111111111110100111111111
11111111111111111111111111111111111100110111111111111111111111111111111111111111111111111111111111111111111111111111111111100000000000000000000000000111111111111100001111111111111111111110100111111111
11111111111111111111111111111111110100100111111111111111111111111111111111111111111111111111111111111111111111111111111111100000000000000000000000000111111111111100001111111111111111111110100111111111
11111111111111111111111111111111110011010111111111111111111111111111111111111111111111111111111111111111111111111111111111100000000000000000000000000111111111111100111111111111111111111110100111111111
11111111111111110011111111111111110010100111111111111111111111111111111111111111111111111111111111100000000011111111111111100000000000000000000000000111111111111100001111111111111111111110100111111111
11111111111111111111111111111111110100000111111111111111111111111111111111111111111111111111111111111111111111111111111111100000000000000000000000000111111111111100001111111111111111111110100111111111
11111111111111111111111111111111111111111011011011111111111111111111111111111111111111101101111111111111111111111111111111100000000111111111000000000111111111111111011111111111111111111110100111111111
11111111111111111111111111111111111111111101100011111111111111111111111111111111111111101101111111111111111111111111111111100000000111111111000000000111111111111111001111111111111111111110100111111111
11111111111111111111111111111111111111111110100011111111111111111111111111111111111111111111111111111111111111111111111111100000000111111111000000000111111111111100001111111111111111111110100111111111
11111111111111111111111111111111111111111011010011111111111111111111111111111111111111111111111111111111111111111111111111100000000111111111000000000111111111111100001111111111111111111110100111111111
11111111111111111111111111111111111111111100101011111111111111111111111111111111111111111111111111111111111111111111111111100000000111111111000000000111111111111100001111111111111111111110100111111111
11111111111111111111111111111111111111111100010111111111111111111111111111111111111111101101111111111111111111111111111111100000000111111111000000000111111111111100001111111111111111111110100111111111
11111111111111111111111111111111111111111000001011111111111111111111111111111111111111101101111111111111111111111111111111100000000111111111000000000111111111111100001111111111111111111110100111111111
11111111111111111111111111111111111111111111111101100000011111111111111111111111111111111111111111111111111111111111111111100000000111111111000000000111111111111100001111111111111111111110100111111111
11111111111111111111111111111111111111111111111110110000011111111111111111111111111111111111111111111111111111111111111111100000000111111111000000000111111111111100001111111111111111111110100111111111
11111111111111111111111111111111111111111111111111011100011111111111111111111111111111111111111111111111111111111111111111100000000111111111000000000111111111111100001111111111111111111110100111111111
11111111111111111111111111111111111111111111111101100000011111111111111111111111111111111111111111111111111111111111111111100000000111111111000000000111111111111100001111111111111111111110100111111111
11111111111111111111111111111111111111111111111100100010011111111111111111111111111111111111111111111111111111111111111111100000000111111111000000000111111111111100001111111111111111111110100111111111
11111111111111111111111111111111111111111111111100100011111111111111111111111111111111111111111111111111111111111111111111100000000111111111000000000111111111111100001111111111111111111110100111111111
11111111111111111111111111111111111111111111111100001100011111111111111111111111111111111111111111111111111111111111111111100000000111111111000000000111111111111100001111111111111111111110100111111111
11111111111111111111111111111111111111111111111100000100011111111111111111111111111111111111111111111111111111111111111111100000000111111111000000000111111111111100001111111111111111111110100111111111
11111111111111111111111111111111111111111111111100000100011111111111111111111111111111111111111111111111111111111111111111100000000111111111000000000111111111111100001111111111111111111110100111111111
11111111011111111111111011001111111111111111111111111111101101000011000000011111111111111110000000011111111111111111000000000000000111111111000000000111111111111100001111111111111111110000000011111111
11111111011111111111111011001111111111111111111111111111110110000011000000011111111111111110000000011111111111111111000000000000000111111111000000000111111111111100001111111111111111110000000011111111
11111111011111111111111011001111111111111111111111111111111010110011000000011111111111111110000000011111111111111111000000000000000111111111000000000111111111111100001111111111111111110000000011111111
11111111011111111111111011001111111111111111111111111111101101000011000000011111111111111110000000011111111101011100000000000000000111111111000000000111111111111100001111111111111111110000000011111111
11111111011111111111111011001111111111111111111111111111110010110011000000011111111111111110000000011111111111111111000000000000000111111111000000000111111111111100001111111111111111110000000011111111
11111111011111111111111011001111111111111111111111111111100101000011000000011111111111111110000000011111111101011100000000000000000111111111000000000111111111111100001111111111111111110000000011111111
11111111011111111111111011001111111111111111111111111111100101001111111111111111111111111111111111111111111101011100111111100000000111111111000000000111111111111100001111111111111111111110100111111111
11111111011111111111111011001111111111111111111111111111100000010100011111111111111111111111111111111111111101011100000000000000000111111111000000000111111111111100001111111111111111111110100111111111
11111111011111111111111011001111111111111111111111111111100000011011011111111111111111111111111111111111111101011100000000000000000111111111000000000111111111111100001111111111111111111110100111111111
11111111111111111111111111111111111111111111111111111111111111110101011111111111111111111111111111111111111111111111000000000000000111111111000000000111111111111100001111111111111111111110100111111111
11111111111111111111111111111111111111111111111111111111111111110110111111111111111111111111111111111111111111111111000000000000000111111111000000000111111111111100001111111111111111110000000011111111
11111111011111111111111011001111111111111111111111111111100000010001000000011111111111111110000000011111111101011100111111100000000111111111000000000111111111111100001111111111111111111110100111111111
11111111011111111111111011001111111111111111111111111111100000011111001100001111111111111111111111111111111101011100000000000000000111111111000000000111111111111100001111111111111111111110100111111111
11111111011111111111111011001111111111111111111111111111100000011111010101101111111111111111111111111111111101011100000000000000000111111111000000000111111111111100001111111111111111111110100111111111
11111111011111111111111011001111111111111111111111111111100000011111011010001111111111111111111111111111111101011100000000000000000111111111000000000111111111111100001111111111111111111110100111111111
11111111011111111111111011001111111111111111111111111111100000011111000101101111111111111111111111111111111101011100000000000000000111111111000000000111111111111100001111111111111111111110100111111111
11111111011111111111111011001111111111111111111111111111100000011111001010111111111111111110000000011111111101011100000000000000000111111111000000000111111111111100001111111111111111111110100111111111
11111111011111111111111011001111111111111111111111111111100000011111001011011111111111111110000000011111111101011100000000000000000111111111000000000111111111111100001111111111111111111110100111111111
11111111111111111111111111111111111111111111111111111111111111111111100001101111111111111110000000011111111111111111111111100000000111111111000000000111111111111100001111111111111111111110100111111111
11111111111111111111111111111111111111111111111111111111111111111111111111110111000111111111111111111111111111111111111111100000000111111111000000000111111111111100001111111111111111111110100111111111
11111111111111111111110111111111111111111111111111111111111111111111111111111011110111111111111111111111111111111111111111100000000111111111000000000111111111111100001111111111111111111110100111111111
11111111111111111111111111111111111111111111111111111111111111111111111111111101100111111111111111111111111111111111111111100000000111111111000000000111111111111100001111111111111111111110100111111111
11111111111111111111111111111111111111111111111111111111111111111111111111111110100111111111111111111111111111111111111111100000000111111111000000000111111111111100001111111111111111111110100111111111
11111111111111111111111111111111111111111111111111111111111111111111111111110111000111111111111111111111111111111111111111100000000111111111000000000111111111111100001111111111111111111110100111111111
11111111111111111111111111111111111111111111111111111111111111111111111111110100000111111111111111111111111111111111111111100000000111111111000000000111111111111100001111111111111111111110100111111111
11111111111111111011111111111111111111111111111111111111111111111111111111110000000111111111111111111111111111111111111111100000000111111111000000000111111111111100001111111111111111111110100111111111
11111111111111111111111111111111111111111111111111111111111111111111111111111111111010100001111111111111111111111111111111100000000111111111000000000111111111111100001111111111111111111110100111111111
11111111111111111111111111111111111111111111111111111111111111111111111111111111111101000001111111111111111111111111111111100000000111111111000000000111111111111100001111111111111111111110100111111111
11111111111111111111111111111111111111111111111111111111111111111111111111111111111010100001111111111111111111111111111111100000000111111111000000000111111111111100001111111111111111111110100111111111
11111111111111111111111111111111111111111111111111111111111111111111111111111111111101010001111111111111111111111111111111100000000111111111000000000111111111111100001111111111111111111110100111111111
11111111111111111111111111111111111111111001110011111111111111111111111111111111111000101101111111111111111111111111111111100000000111111111000000000111111111111100001111111111111111111110100111111111
11111111111111111111111111111111111111111111111111111111111111111111111111111111111000010011111111111111111111111111111111100000000111111111000000000111111111111100001111111111111111111110100111111111
11111111111111111111111111111111111111111111111111111111111111111111111111111111111000010011111111111111111111111111111111100000000111111111000000000111111111111100001111111111111111111110100111111111
11111111111111111111111111111111111111111001110011111111111111111111111111111111111000001101111111111111111111111111111111100000000111111111000000000111111111111100001111111111111111111110100111111111
11111111011111111111111011001111111111111111111111111111100000011111011110001111111111111110111000011111111101011100000000000000000111111111000000000111111111111100001111111111111111111110100111111111
11111111011111111111111011001111111111111111111111111111100000011111011110001111111111111111011000111111111101011100000000000000000111111111000000000111111111111100001111111111111111111110100111111111
11111111011111111111111011001111111111111111111111111111100000011111011110001111111111111111100111011111111101011100000000000000000111111111000000000111111111111100001111111111111111111110100111111111
11111111011111111111111011001111111111111111111111111111100000011111011110001111111111111111100111011111111101011100000000000000000111111111000000000111111111111100001111111111111111111110100111111111
11111111011111111111111011001111111111111111111111111111100000011111011110001111111111111110011010011111111101011100000000000000000111111111000000000111111111111100001111111111111111111110100111111111
11111111011111111111111011001111111111111111111111111111100000011111011110001111111111111110011101011111111101011100000000000000000111111111000000000111111111111100001111111111111111111110100111111111
11111111011111111111111011001111111111111111111111111111100000011111011110001111111111111110011010011111111101011100000000000000000111111111000000000111111111111100001111111111111111111110100111111111
11111111011111111111111011001111111111111111111111111111100000011111011110001111111111111110100000011111111101011100000000000000000111111111000000000111111111111100001111111111111111111110100111111111
11111111111111111111111111111111110011101111111111111111111111111111111111111111111111111111111111101110000111111111111111100000000111111111000000000111111111111100111111111111111111111110100111111111
11111111111111111111111111111111110011101111111111111111111111111111111111111111111111111111111111110111011011111111111111100000000111111111000000000111111111111100001111111111111111111110100111111111
11111111111111111111111111111111110011101111111111111111111111111111111111111111111111111111111111111011100011111111111111100000000111111111000000000111111111111100001111111111111111111110100111111111
11111111111111111111111111111111110011101111111111111111111111111111111111111111111111111111111111111101100111111111111111100000000111111111000000000111111111111100001111111111111111111110100111111111
11111111111111111111111111111111110011101111111111111111111111111111111111111111111111111111111111101110100011111111111111100000000111111111000000000111111111111100001111111111111111111110100111111111
11111111111111111111111111111111110011101111111111111111111111111111111111111111111111111111111111100111011011111111111111100000000111111111000000000111111111111100001111111111111111111110100111111111
11111111111111111111111111111111110011101111111111111111111111111111111111111111111111111111111111101000101011111111111111100000000111111111000000000111111111111100001111111111111111111110100111111111
11111111111111111111111111111111110011101111111111111111111111111111111111111111111111111111111111101000110011111111111111100000000111111111000000000111111111111100001111111111111111111110100111111111
11111111111111111111111111111111110011101111111111111111111111111111111111111111111111111111111111110010000011111111111111100000000111111111000000000111111111111100001111111111111111111110100111111111
11111111011111111111111011001111111111111111111111111111111101000011000000011111111111111110000000011111111101110100000000000000000111111111000000000111111111111100001111111111111111110000000011111111
11111111111111111111111111111111111111111111111111111111111111111111111111111111111111111111111111111111111110110000111111100000000111111111000000000111111111111100001111111111111111111110100111111111
11111111011111111111111011001111111111111111111111111111111101000011000000011111111111111110000000011111111111011010000000000000000111111111000000000111111111111100001111111111111111110000000011111111
11111111111111111111111111111111111111111111111111111111111111111111111111111111111111111111111111111111111111101010111111100000000111111111000000000111111111111100001111111111111111111110100111111111
11111111111111111111111111111111111111111111111111111111111111111111111111111111111111111111111111111111111100110100111111100000000111111111000000000111111111111100001111111111111111111110100111111111
11111111111111111111111111111111111111111111111111111111111111111111111111111111111111111111111111111111111110001000111111100000000111111111000000000111111111111100001111111111111111111110100111111111
11111111011111111111111011001111111111111111111111111111111101000011000000011111111111111110000000011111111100110001000000000000000111111111000000000111111111111100001111111111111111110000000011111111
11111111011111111111111011001111111111111111111111111111111101000011000000011111111111111110000000011111111100000010000000000000000111111111000000000111111111111100001111111111111111110000000011111111
11111111011111111111111011001111111111111111111111111111100000010000100000011111111111111110000000011111111101011100011100000000000111111111000000000111111111111100001111111111111111111110100111111111
11111111011111111111111011001111111111111111111111111111100000010000100000011111111111111110000000011111111101011100101100000000000111111111000000000111111111111100001111111111111111111110100111111111
11111111011111111111111011001111111111111111111111111111100000010000100000011111111111111110000000011111111101011100110110000000000111111111000000000111111111111100001111111111111111111110100111111111
11111111011111111111111011001111111111111111111111111111100000010000100000011111111111111110000000011111111101011100111010000000000111111111000000000111111111111100001111111111111111111110100111111111
11111111011111111111111011001111111111111111111111111111100000010000100000011111111111111110000000011111111101011100001100000000000111111111000000000111111111111100001111111111111111111110100111111111
11111111011111111111111011001111111111111111111111111111100000010000100000011111111111111110000000011111111101011100000000100000000111111111000000000111111111111100001111111111111111111110100111111111
11111111011111111111111011001111111111111111111111111111100000010000100000011111111111111110000000011111111101011100000001000000000111111111000000000111111111111100001111111111111111111110100111111111
00000000000000000000000000000000000000000000000000000000000000000000000000000000000000000000000000000000000000000000000000001101100000000000000000000000000000111100001111111111111111110000000011111111
00000000000000000000000000000000000000000000000000000000000000000000000000000000000000000000000000000000000000000000000000010110000000000000000000000000000000111100001111111111111111110000000011111111
00000000000000000000000000000000000000000000000000000000000000000000000000000000000000000000000000000000000000000000000000011010100000000000000000000000000000111100001111111111111111110000000011111111
00000000000000000000000000000000000000000000000000000000000000000000000000000000000000000000000000000000000000000000000000001101000000000000000000000000000000001100001111111111111111110000000011111111
00000000000000000000000000000000000000000000000000000000000000000000000000000000000000000000000000000000000000000000000000010010100000000000000000000000000000111100001111111111111111110000000011111111
00000000000000000000000000000000000000000000000000000000000000000000000000000000000000000000000000000000000000000000000000010101001000000000000000000000000000111100001111111111111111110000000011111111
00000000000000000000000000000000000000000000000000000000000000000000000000000000000000000000000000000000000000000000000000000000000000000000000000000000000000111100001111111111111111110000000011111111
00000000000000000000000000000000000000000000000000000000000000000000000000000000000000000000000000000000000000000000000000000000100000000000000000000000000000111100001111111111111111110000000011111111
11111111111111111111111111111111111100000111111111111111111111111111111111111111111111111111111111111111111111111111111111100000000011101000000000000111111111111100001111111111111111111110100111111111
11111111111111111111111111111111111100000111111111111111111111111111111111111111111111111111111111111111111111111111111111100000000101110000000000000111111111111100001111111111111111111110100111111111
11111111111111111111111111111111111100000111111111111111111111111111111111111111111111111111111111111111111111111111111111100000000110110110000000000111111111111100001111111111111111111110100111111111
11111111111111111111111111111111111100000111111111111111111111111111111111111111111111111111111111111111111111111111111111100000000111011001000000000111111111111100001111111111111111111110100111111111
11111111111111111111111111111111111100000111111111111111111111111111111111111111111111111111111111111111111111111111111111100000000011101100000000000111111111111100001111111111111111111110100111111111
11111111111111111111111111111111111100000111111111111111111111111111111111111111111111111111111111111111111111111111111111100000000100110111000000000111111111111100001111111111111111111110100111111111
11111111111111111111111111111111111100000111111111111111111111111111111111111111111111111111111111111111111111111111111111100000000001011000000000000111111111111100001111111111111111111110100111111111
11111111111111111111111111111111111100000111111111111111111111111111111111111111111111111111111111111111111111111111111111100000000001001000000000000111111111111100001111111111111111111110100111111111
11111111111111111111111111111111111100000111111111111111111111111111111111111111111111111111111111111111111111111111111111100000000000101000000000000111111111111100001111111111111111111110100111111111
00000000000000000000000000000000000000000000000000000000000000000000000000000000000000000000000000000000000000000000000000000000000000000000011100000000000000111100001111111111111111110000000011111111
00000000000000000000000000000000000000000000000000000000000000000000000000000000000000000000000000000000000000000000000000000000000000000000101110010000000000111100001111111111111111110000000011111111
00000000000000000000000000000000000000000000000000000000000000000000000000000000000000000000000000000000000000000000000000000000000000000000110111000000000000111100001111111111111111110000000011111111
00000000000000000000000000000000000000000000000000000000000000000000000000000000000000000000000000000000000000000000000000000000000000000000111011100000000000111100001111111111111111110000000011111111
00000000000000000000000000000000000000000000000000000000000000000000000000000000000000000000000000000000000000000000000000000000000000000000011100010000000000111100001111111111111111110000000011111111
00000000000000000000000000000000000000000000000000000000000000000000000000000000000000000000000000000000000000000000000000000000000000000000001100100000000000111100001111111111111111110000000011111111
00000000000000000000000000000000000000000000000000000000000000000000000000000000000000000000000000000000000000000000000000000000000000000000000101000000000000111100001111111111111111110000000011111111
00000000000000000000000000000000000000000000000000000000000000000000000000000000000000000000000000000000000000000000000000000000000000000000010010000000000000111100001111111111111111110000000011111111
00000000000000000000000000000000000000000000000000000000000000000000000000000000000000000000000000000000000000000000000000000000000000000000000000000000000000111100001111111111111111110000000011111111
00000000111101011111111111111111111111111111111111111111111111111111111111111111111111111111111111111111111111111111111111100000000111111111000000000011110000111100001111111111111111111110100111111111
00000000111101011111111111111111111111111111111111111111111111111111111111111111111111111111111111111111111111111111111111100000000111111111000000000101110100111100001111111111111111111110100111111111
00000000111101011111111111111111111111111111111111111111111111111111111111111111111111111111111111111111111111111111111111100000000111111111000000000110111010111100001111111111111111111110100111111111
00000000111101011111111111111111111111111111111111111111111111111111111111111111111111111111111111111111111111111111111111100000000111111111000000000111011100111100001111111111111111111110100111111111
00000000111101011111111111111111111111111111111111111111111111111111111111111111111111111111111111111111111111111111111111100000000111111111000000000111101111111100001111111111111111111110100111111111
00000000111101011111111111111111111111111111111111111111111111111111111111111111111111111111111111111111111111111111111111100000000111111111000000000001110010111100001111111111111111111110100111111111
00000000111101011111111111111111111111111111111111111111111111111111111111111111111111111111111111111111111111111111111111100000000111111111000000000010110011111100001111111111111111111110100111111111
00000000111101011111111111111111111111111111111111111111111111111111111111111111111111111111111111111111111111111111111111100000000111111111000000000001011100111100001111111111111111111110100111111111
00000000111101011111111111111111111111111111111111111111111111111111111111111111111111111111111111111111111111111111111111100000000111111111000000000000010100111100001111111111111111111110100111111111
11011111111111101111111111111111111111111111111111111111111111111111111111111111111111111111111111111111111111111111111111111101111111111111111111111111111111010100001111111111111111111110100111111111
11111111111111101111111111111111111111111111111111111111111111111111111111111111111111111111111111111111111111111111111111111101111111111111111111111111111111101000001111111111111111111110100111111111
11011111111111101111111111111111111111111111111111111111111111111111111111111111111111111111111111111111111111111111111111111111111111111111111111111111111111010100001111111111111111111110100111111111
11011111111011111111111111111111111111111111111111111111111111111111111111111111111111111111111111111111111111111111111111111111111111111111111111111111111111101000001111111111111111111110100111111111
00000000000000000000000000000100000000000110000000000000000000000000000000000000000000000000000000000000000000000000000000000000000000000000000000000000000000000000111111111111111111110000000011111111
00000000000000000000000000000000000000000110000000000000000000000000000000000000000000000000000000000000000000000000000000000000000000000000000000000000000000000000111111111111111111110000000011111111
00000000000000000000000000000000000000100000000000000000000000000000000000000000000000000000000000010000000000000000000000000000000000000000000000000000000000000011001111111111111111110000000011111111
00000000000000000000000000000100000000100100000000000000000000000000000000000000000000000000000000010000000000000000000000000000000000000000000000000000000000000011001111111111111111110000000011111111
11111111111111111111111111111111111111111111111111111111111111111111111111111111111111111111111111111111111111111111111111111111111111111111111111111111111111111111110000110011111111111110100111111111
11111111111111111111111111111111111111111111111111111111111111111111111111111111111111111111111111111111111111111111111111111111111111111111111111111111111111111111110000001111111111111110100111111111
11111111111111111111111111111111111111111111111111111111111111111111111111111111111111111111111111111111111111111111111111111111111111111111111111111111111111111111110000001101111111111110100111111111
11111111111111111111111111111111111111111111111111111111111111111111111111111111111111111111111111111111111111111111111111111111111111111111111111111111111111111111110000000101111111111110100111111111
11111111111111111111111111111111111111111111111111111111111111111111111111111111111111111111111111111111111111111111111111111111111111111111111111111111111111111111111000010011111111111110100111111111
11111111111111111111111111111111111111111111111111111111111111111111111111111111111111111111111111111111111111111111111111111111111111111111111111111111111111111111111000100011111111111110100111111111
11111111111111111111111111111111111111111111111111111111111111111111111111111111111111111111111111111111111111111111111111111111111111111111111111111111111111111111110110000111111111111110100111111111
11111111111111111111111111111111111111111111111111111111111111111111111111111111111111111111111111111111111111111111111111111111111111111111111111111111111111111111110111001001111111111110100111111111
11111111111111111111111111111111111111111111111111111111111111111111111111111111111111111111111111111111111111111111111111111111111111111111111111111111111111111111111100111001111111111110100111111111
11111111111111111111111111111111111111111111111111111111111111111111111111111111111111111111111111111111111111111111111111111111111111111111111111111111111111111111111111111110000011111110100111111111
11111111111111111111111111111111111111111111111111111111111111111111111111111111111111111111111111111111111111111111111111111111111111111111111111111111111111111111111111111110000011111110100111111111
11111111111111111111111111111111111111111111111111111111111111111111111111111111111111111111111111111111111111111111111111111111111111111111111111111111111111111111111111111110000011011110100111111111
11111111111111111111111111111111111111111111111111111111111111111111111111111111111111111111111111111111111111111111111111111111111111111111111111111111111111111111111111111110000001111110100111111111
11111111111111111111111111111111111111111111111111111111111111111111111111111111111111111111111111111111111111111111111111111111111111111111111111111111111111111111111111111110000000111110100111111111
11111111111111111111111111111111111111111111111111111111111111111111111111111111111111111111111111111111111111111111111111111111111111111111111111111111111111111111111111111111110001101110100111111111
11111111111111111111111111111111111111111111111111111111111111111111111111111111111111111111111111111111111111111111111111111111111111111111111111111111111111111111111111111111111010001110100111111111
11111111111111111111111111111111111111111111111111111111111111111111111111111111111111111111111111111111111111111111111111111111111111111111111111111111111111111111111111111111101110011110100111111111
11111111111111111111111111111111111111111111111111111111111111111111111111111111111111111111111111111111111111111111111111111111111111111111111111111111111111111111111111111111111100101110100111111111
11111111011111111111111011001111111111111111111111111111100000011110111111111111111111111111111111111111111101011100111111100000000111111111000000000111111111111100001111111111111111110000111111111111
11111111011111111111111011001111111111111111111111111111100000011110111111111111111111111111111111111111111101011100111111100000000111111111000000000111111111111100001111111111111111110000110111111111
11111111011111111111111011001111111111111111111111111111100000011110111111111111111111111111111111111111111101011100111111100000000111111111000000000111111111111100001111111111111111110000011111111111
00000000000000000000000000000000000000000000000000000000000000000000000000000000000000000000000000000000000000000000000000000000000000000000000000000000000000000000000000000000000000000000001111111111
11111111011111111111111011001111111111111111111111111111100000011110111111111111111111111111111111111111111101011100111111100000000111111111000000000111111111111100001111111111111111111100001111111111
00000000000000000000000000000000000000000000000000000000000000000000000000000000000000000000000000000000000000000000000000000000000000000000000000000000000000000000000000000000000000001110001111111111
00000000000000000000000000000000000000000000000000000000000000000000000000000000000000000000000000000000000000000000000000000000000000000000000000000000000000000000000000000000000000001011110111111111
11111111011111111111111011001111111111111111111111111111100000011110111111111111111111111111111111111111111101011100111111100000000111111111000000000111111111111100001111111111111111111111111011111111
11111111111111111111111111111111111111111111111111111111111111111111111111111111111111111111111111111111111111111111111111111111111111111111111111111111111111111111111111111111111111111111111100111011
11111111111111111111111111111111111111111111111111111111111111111111111111111111111111111111111111111111111111111111111111111111111111111111111111111111111111111111111111111111111111111111111100100111
11111111111111111111111111111111111111111111111111111111111111111111111111111111111111111111111111111111111111111111111111111111111111111111111111111111111111111111111111111111111111111111111111001111
11111111111111111111111111111111111111111111111111111111111111111111111111111111111111111111111111111111111111111111111111111111111111111111111111111111111111111111111111111111111111111111111110000111
11111111111111111111111111111111111111111111111111111111111111111111111111111111111111111111111111111111111111111111111111111111111111111111111111111111111111111111111111111111111111111111111110100011
11111111111111111111111111111111111111111111111111111111111111111111111111111111111111111111111111111111111111111111111111111111111111111111111111111111111111111111111111111111111111111111111101110011
11111111111111111111111111111111111111111111111111111111111111111111111111111111111111111111111111111111111111111111111111111111111111111111111111111111111111111111111111111111111111111111111111111100
11111111111111111111111111111111111111111111111111111111111111111111111111111111111111111111111111111111111111111111111111111111111111111111111111111111111111111111111111111111111111111111111111111100
